b01_pop,1,-0.27327,-0.049224,-0.13425,0.0047726,-0.0049378,0.00054169,-0.0015754,-0.0065542,0.0020685,-0.0064277,0.0013451,0.011007,-0.015516,0.00072559,-0.0082378,-0.0040455,0.012384,-0.00029508,-0.011396,-0.00033922,0.000607,-0.0044213,nan,0.0050683,0.0055328,0.20598,0.24395,0.12071,0.006367,-0.0019388,-0.003536,-0.0014694,0.0036873,0.017414,-0.017572,0.002582,-0.0085347,0.092807,-0.00097323,-0.0036635,0.040797,0.057504
b11_pop,-0.27327,1,0.71914,0.27882,-0.013901,0.013411,0.0026039,0.007063,0.010842,-0.0045027,0.013099,0.0073673,-0.031844,0.022518,-0.0030474,0.017791,0.012088,-0.031002,0.00028516,0.024055,0.00063965,-0.0009615,0.00881,nan,-0.010304,-0.010308,-0.059939,-0.75344,-0.67061,0.044147,0.0098108,0.0015629,0.0064991,-0.0025618,-0.037452,0.020084,-0.0064805,0.012624,-0.096616,0.0026276,0.0080885,-0.082626,-0.097976
b21_pop,-0.049224,0.71914,1,0.11978,-0.0096234,0.0071451,0.0035073,0.0074071,0.0065197,-0.0019828,0.010057,0.0096251,-0.010166,0.010006,-0.0017548,0.010322,-0.010384,-0.016838,0.0007916,0.0063607,0.00043241,-0.00049828,-0.0010597,nan,-0.0041926,-0.0085982,0.051499,-0.57082,-0.72113,0.10388,0.0072331,-0.0027619,0.0047496,0.0010823,-0.026291,0.0057461,-0.0034041,0.0095271,0.00014389,0.0019488,0.0056595,-0.060892,-0.062517
a1_pop,-0.13425,0.27882,0.11978,1,-0.021001,0.029093,0.0078725,0.0020985,0.0011475,0.0035453,0.0041002,0.00045841,-0.011184,-0.0070077,-0.0070482,0.010889,0.041351,-0.00067412,-0.00077406,0.0085221,0.00016154,0.00018404,0.013539,nan,-0.0088225,0.0011136,-0.068082,-0.51279,-0.43375,-0.65534,0.013579,0.013808,0.0056398,-0.012627,-0.011699,0.020661,-0.016652,-0.011633,-0.15998,-0.00050072,0.015939,-0.048342,-0.049269
b02_pop,0.0047726,-0.013901,-0.0096234,-0.021001,1,-0.26103,-0.0016517,0.0020535,0.0016402,-0.0067874,0.00049033,-0.00057197,0.03568,0.023524,0.0039831,-0.052504,-0.008255,0.025075,0.00013453,-0.023297,2.8352e-05,-0.00059734,-0.040146,nan,0.0080588,-0.0010448,0.0010795,0.016901,0.015785,0.015547,0.0292,-0.037586,-0.0029288,-0.0010584,0.0041949,-0.0049123,0.003695,-0.00074044,0.00011624,-0.0071187,0.002145,0.0007933,-0.0021883
b12_pop,-0.0049378,0.013411,0.0071451,0.029093,-0.26103,1,0.0010507,-0.0014739,-0.0017421,0.018976,-0.0006538,-0.0014332,0.032634,-0.086715,-0.093317,0.077714,0.016391,0.038999,0.0057235,-0.0087088,-0.00135,0.0030502,0.1414,nan,-0.050614,0.032217,-0.0011922,-0.018446,-0.017146,-0.024736,-0.036667,0.090762,0.0024546,0.003826,-0.0030789,0.010414,-0.0045475,0.0014495,0.0014642,0.0051685,-0.0026,-0.0013896,0.0026639
b03_pop,0.00054169,0.0026039,0.0035073,0.0078725,-0.0016517,0.0010507,1,-0.16228,-0.00025952,0.0011414,-0.00013265,0.0014379,-0.002254,0.0011184,0.00036679,0.0001877,0.0008393,-0.0022468,-7.3833e-05,0.0018376,-7.1701e-05,-1.4595e-05,0.0023919,nan,0.00020812,0.0012683,0.0010307,-0.0040195,-0.0051839,-0.0042524,-0.00010151,0.0011505,-0.017638,0.020378,-0.00049731,0.0014077,-2.9082e-05,-0.00013299,-0.0017405,-0.00023751,-0.0025255,-0.00025615,-0.00078266
b13_pop,-0.0015754,0.007063,0.0074071,0.0020985,0.0020535,-0.0014739,-0.16228,1,-2.3439e-05,-0.00011827,0.00052534,-0.0013061,0.001645,6.4153e-05,1.9199e-05,4.7768e-05,-0.00098682,0.0015961,0.00010665,-0.0013495,9.4576e-05,-3.3391e-05,-0.0021263,nan,-0.00017577,-0.0017111,0.00067033,-0.0046744,-0.0075215,-0.00071924,0.0018127,-4.8979e-05,-0.0021159,-0.03361,-0.00090198,-0.0013775,-7.4353e-05,5.3187e-05,-0.0009914,-5.9433e-05,0.017372,-0.00019694,-0.00042221
b05_pop,-0.0065542,0.010842,0.0065197,0.0011475,0.0016402,-0.0017421,-0.00025952,-2.3439e-05,1,-0.16909,0.00093998,0.0022458,-0.0083545,-0.040249,-0.0056685,0.026911,0.0070113,0.0082693,0.002236,0.0052003,9.6068e-05,0.00089472,0.000812,nan,-0.022548,0.0014715,-0.000677,-0.01151,-0.0052883,0.0026246,0.0025705,-0.0016433,-0.00029785,-0.00054027,0.058895,-0.012501,0.0011802,0.0023542,-0.010441,-0.00034527,-0.00073955,-0.021423,-0.005285
b15_pop,0.0020685,-0.0045027,-0.0019828,0.0035453,-0.0067874,0.018976,0.0011414,-0.00011827,-0.16909,1,-0.001345,-0.00066962,-0.099632,0.14269,0.08455,-0.039433,0.0083785,-0.094911,-0.014952,0.066221,0.00063147,-0.0036093,-0.003646,nan,0.10592,-0.026,0.0009121,0.003202,-0.000498,-0.0056728,-0.0078038,0.0016985,0.0011634,-0.0003396,-0.027728,0.038284,-0.0016768,-0.0026742,0.0037644,0.0040961,0.0014627,-0.009324,0.0015118
b06_pop,-0.0064277,0.013099,0.010057,0.0041002,0.00049033,-0.0006538,-0.00013265,0.00052534,0.00093998,-0.001345,1,-0.16871,0.0011169,-0.00077302,0.00040702,-0.0050692,-0.0011929,0.0009871,-0.00026029,-0.001004,0.00076144,-0.00013949,-0.0042085,nan,0.003139,-0.013671,-0.0019899,-0.013477,-0.0080537,0.00074374,0.00066141,-0.00031561,7.8935e-05,0.00025684,-0.0019245,0.00066887,0.062638,-0.022499,-0.0078503,-7.6124e-06,0.00044174,-0.0034442,-0.041772
b16_pop,0.0013451,0.0073673,0.0096251,0.00045841,-0.00057197,-0.0014332,0.0014379,-0.0013061,0.0022458,-0.00066962,-0.16871,1,-0.0050299,0.0039448,-0.029812,-0.0063101,0.0099761,-0.0023033,0.0023914,0.0059783,-0.003749,0.00080831,0.023862,nan,-0.0257,0.072332,0.00016825,-0.0061187,-0.011003,0.0050212,-0.0031019,-0.00037064,0.00075904,0.0021929,0.00017437,0.0044555,-0.015082,0.039658,0.0045265,0.001222,-0.0014076,0.0015159,0.018894
p1_pop,0.011007,-0.031844,-0.010166,-0.011184,0.03568,0.032634,-0.002254,0.001645,-0.0083545,-0.099632,0.0011169,-0.0050299,1,-0.55533,-0.058804,-0.1463,-0.29067,0.85861,0.026731,-0.88371,-0.0067474,0.018492,-0.22526,nan,0.020449,0.10843,0.0089214,-0.009241,0.014388,0.0086601,0.044554,-0.045278,0.0016803,0.0014359,0.030315,-0.06655,0.0013427,-0.0050581,0.011308,-0.037078,-0.00061617,-0.038232,0.0059962
g1_pop,-0.015516,0.022518,0.010006,-0.0070077,0.023524,-0.086715,0.0011184,6.4153e-05,-0.040249,0.14269,-0.00077302,0.0039448,-0.55533,1,0.04973,0.064222,0.20884,-0.51384,-0.021739,0.49133,0.0017152,-0.03011,0.12115,nan,0.021997,-0.046358,-0.015212,0.025397,-0.0051253,-0.0017571,-0.048584,0.044461,-0.0015428,-0.00073078,-0.054645,0.11148,-0.00052837,0.0013958,-0.0085993,0.026037,0.00077472,0.018437,-0.003292
p2_pop,0.00072559,-0.0030474,-0.0017548,-0.0070482,0.0039831,-0.093317,0.00036679,1.9199e-05,-0.0056685,0.08455,0.00040702,-0.029812,-0.058804,0.04973,1,-0.2614,-0.045165,-0.074381,-0.032019,0.037622,0.0020202,-0.0058497,-0.18678,nan,0.26619,-0.076342,0.00019495,0.0090594,0.0049193,0.0037151,0.0027285,0.0023865,-0.00018782,-0.00058793,-0.00050918,0.028962,-0.0019812,-0.0039887,-0.00069697,-5.3651e-05,0.00042565,-0.0051482,0.0022621
g2_pop,-0.0082378,0.017791,0.010322,0.010889,-0.052504,0.077714,0.0001877,4.7768e-05,0.026911,-0.039433,-0.0050692,-0.0063101,-0.1463,0.064222,-0.2614,1,0.044692,-0.13462,0.026025,0.1387,0.021142,-0.0090966,0.30169,nan,-0.23401,-0.34899,-0.0025769,-0.013195,-0.014054,-0.0045195,-0.021441,0.011178,3.8113e-05,9.8672e-05,-0.0075183,-0.0011036,-0.0017171,0.0073399,-0.0088493,0.013572,-7.0952e-05,0.0061013,-0.012263
alpha11_pop,-0.0040455,0.012088,-0.010384,0.041351,-0.008255,0.016391,0.0008393,-0.00098682,0.0070113,0.0083785,-0.0011929,0.0099761,-0.29067,0.20884,-0.045165,0.044692,1,-0.12336,-0.035594,0.23432,0.0010942,-0.0052775,0.12449,nan,-0.064085,0.066091,-0.00944,-0.059648,-0.022371,-0.021734,-0.010028,0.01805,0.0027392,-0.0030846,-0.0090365,0.020226,3.1017e-05,0.0010021,0.019336,0.006953,0.00043852,0.004396,-0.0038613
alpha12_pop,0.012384,-0.031002,-0.016838,-0.00067412,0.025075,0.038999,-0.0022468,0.0015961,0.0082693,-0.094911,0.0009871,-0.0023033,0.85861,-0.51384,-0.074381,-0.13462,-0.12336,1,0.024754,-0.66166,-0.0061092,0.017384,-0.23651,nan,-0.028712,0.12693,0.0097734,-0.016948,0.013434,0.0030003,0.060839,-0.041851,0.0027201,0.00045567,0.03846,-0.069917,0.0011799,-0.005992,0.010464,-0.046193,-0.00083248,-0.030009,0.006461
alpha13_pop,-0.00029508,0.00028516,0.0007916,-0.00077406,0.00013453,0.0057235,-7.3833e-05,0.00010665,0.002236,-0.014952,-0.00026029,0.0023914,0.026731,-0.021739,-0.032019,0.026025,-0.035594,0.024754,1,-0.02034,0.055883,-0.069782,0.0011911,nan,-0.12192,0.013044,0.00030897,0.00042884,2.7468e-05,0.00082718,0.0007135,-0.001787,-0.00013892,0.0003787,-4.8919e-05,-0.00029632,2.7369e-05,2.3307e-07,-0.0011857,-0.00091,-8.348e-05,0.00087204,0.00025165
alpha15_pop,-0.011396,0.024055,0.0063607,0.0085221,-0.023297,-0.0087088,0.0018376,-0.0013495,0.0052003,0.066221,-0.001004,0.0059783,-0.88371,0.49133,0.037622,0.1387,0.23432,-0.66166,-0.02034,1,0.0054644,-0.01562,0.19232,nan,-0.063233,-0.087288,-0.010547,0.012373,-0.009034,-0.009859,-0.044412,0.03733,-0.0014802,-0.00090164,-0.044049,0.030668,-0.0016734,0.0039325,-0.0071237,0.030477,0.00027065,0.058184,-0.0037636
alpha16_pop,-0.00033922,0.00063965,0.00043241,0.00016154,2.8352e-05,-0.00135,-7.1701e-05,9.4576e-05,9.6068e-05,0.00063147,0.00076144,-0.003749,-0.0067474,0.0017152,0.0020202,0.021142,0.0010942,-0.0061092,0.055883,0.0054644,1,-0.013403,-0.0063003,nan,0.0002019,-0.054128,-6.0613e-05,-0.00045795,-0.00047755,0.00014568,0.00025144,-0.00039728,-1.4891e-05,-1.9678e-05,-0.0002004,0.00024,0.00039705,0.00053643,-0.00053784,5.0751e-05,2.3037e-05,5.7562e-05,-0.0017235
alpha21_pop,0.000607,-0.0009615,-0.00049828,0.00018404,-0.00059734,0.0030502,-1.4595e-05,-3.3391e-05,0.00089472,-0.0036093,-0.00013949,0.00080831,0.018492,-0.03011,-0.0058497,-0.0090966,-0.0052775,0.017384,-0.069782,-0.01562,-0.013403,1,-0.0016261,nan,0.011533,0.015051,0.00046306,-0.00063693,0.00033256,-4.9215e-05,0.0013888,-0.0011826,5.92e-05,9.3921e-06,0.0016926,-0.0038728,-6.5349e-05,-0.00016616,0.00053559,-0.00080232,-2.6369e-05,-0.00061543,0.00052407
alpha22_pop,-0.0044213,0.00881,-0.0010597,0.013539,-0.040146,0.1414,0.0023919,-0.0021263,0.000812,-0.003646,-0.0042085,0.023862,-0.22526,0.12115,-0.18678,0.30169,0.12449,-0.23651,0.0011911,0.19232,-0.0063003,-0.0016261,1,nan,-0.090663,0.1289,-0.0048738,-0.001993,-0.0060505,-0.015233,-0.037656,0.055504,-0.0004866,-1.1877e-06,-0.013444,0.014775,-0.0019492,0.0025659,0.0012881,0.031121,0.00016534,0.010165,0.0017225
alpha23_pop,nan,nan,nan,nan,nan,nan,nan,nan,nan,nan,nan,nan,nan,nan,nan,nan,nan,nan,nan,nan,nan,nan,nan,nan,nan,nan,nan,nan,nan,nan,nan,nan,nan,nan,nan,nan,nan,nan,nan,nan,nan,nan,nan
alpha25_pop,0.0050683,-0.010304,-0.0041926,-0.0088225,0.0080588,-0.050614,0.00020812,-0.00017577,-0.022548,0.10592,0.003139,-0.0257,0.020449,0.021997,0.26619,-0.23401,-0.064085,-0.028712,-0.12192,-0.063233,0.0002019,0.011533,-0.090663,nan,1,-0.14182,0.0017151,0.013563,0.0086015,0.0021964,0.0046144,0.001839,-0.00021233,-0.00085272,0.0069516,-0.011638,0.00029183,-0.00084831,0.0049152,-0.00076646,0.0004332,-0.014834,-0.00096714
alpha26_pop,0.0055328,-0.010308,-0.0085982,0.0011136,-0.0010448,0.032217,0.0012683,-0.0017111,0.0014715,-0.026,-0.013671,0.072332,0.10843,-0.046358,-0.076342,-0.34899,0.066091,0.12693,0.013044,-0.087288,-0.054128,0.015051,0.1289,nan,-0.14182,1,0.00036539,0.0019054,0.0062553,-0.004428,-0.0042756,0.0074957,0.00047342,0.00045704,0.0026448,-0.0020243,-0.0062679,-0.0091177,0.010809,-0.0014903,-0.0004484,0.00045674,0.029875
omega_b01,0.20598,-0.059939,0.051499,-0.068082,0.0010795,-0.0011922,0.0010307,0.00067033,-0.000677,0.0009121,-0.0019899,0.00016825,0.0089214,-0.015212,0.00019495,-0.0025769,-0.00944,0.0097734,0.00030897,-0.010547,-6.0613e-05,0.00046306,-0.0048738,nan,0.0017151,0.00036539,1,0.036959,-0.015106,0.033906,-2.0285e-05,-0.0053737,0.00018355,0.0020595,0.0034976,-0.004047,0.0011712,-0.0023513,-0.046008,-0.00058081,-0.00084977,0.003982,0.013637
omega_b11,0.24395,-0.75344,-0.57082,-0.51279,0.016901,-0.018446,-0.0040195,-0.0046744,-0.01151,0.003202,-0.013477,-0.0061187,-0.009241,0.025397,0.0090594,-0.013195,-0.059648,-0.016948,0.00042884,0.012373,-0.00045795,-0.00063693,-0.001993,nan,0.013563,0.0019054,0.036959,1,0.68803,0.083665,-0.015617,-0.0019053,-0.0098601,0.0076803,0.038381,-0.024962,0.010512,-0.0076559,0.11577,-0.00029592,-0.010633,0.097183,0.11119
omega_b21,0.12071,-0.67061,-0.72113,-0.43375,0.015785,-0.017146,-0.0051839,-0.0075215,-0.0052883,-0.000498,-0.0080537,-0.011003,0.014388,-0.0051253,0.0049193,-0.014054,-0.022371,0.013434,2.7468e-05,-0.009034,-0.00047755,0.00033256,-0.0060505,nan,0.0086015,0.0062553,-0.015106,0.68803,1,0.077385,-0.014909,-0.0082223,-0.0065424,0.0055427,0.031548,-0.01204,0.0097396,-0.0073304,0.055802,0.0014084,-0.011597,0.074517,0.083986
omega_a1,0.006367,0.044147,0.10388,-0.65534,0.015547,-0.024736,-0.0042524,-0.00071924,0.0026246,-0.0056728,0.00074374,0.0050212,0.0086601,-0.0017571,0.0037151,-0.0045195,-0.021734,0.0030003,0.00082718,-0.009859,0.00014568,-4.9215e-05,-0.015233,nan,0.0021964,-0.004428,0.033906,0.083665,0.077385,1,-0.0043514,-0.012177,0.0032383,0.006153,-0.0088917,-0.0068203,0.012069,0.020369,0.01948,0.00046893,-0.011071,0.0092134,-0.0033092
omega_b02,-0.0019388,0.0098108,0.0072331,0.013579,0.0292,-0.036667,-0.00010151,0.0018127,0.0025705,-0.0078038,0.00066141,-0.0031019,0.044554,-0.048584,0.0027285,-0.021441,-0.010028,0.060839,0.0007135,-0.044412,0.00025144,0.0013888,-0.037656,nan,0.0046144,-0.0042756,-2.0285e-05,-0.015617,-0.014909,-0.0043514,1,-0.051057,0.0039064,-0.0003862,0.004575,-0.0031468,-0.00094794,0.0013666,0.0017303,-0.11753,-0.00098799,-0.0070728,0.00061349
omega_b12,-0.003536,0.0015629,-0.0027619,0.013808,-0.037586,0.090762,0.0011505,-4.8979e-05,-0.0016433,0.0016985,-0.00031561,-0.00037064,-0.045278,0.044461,0.0023865,0.011178,0.01805,-0.041851,-0.001787,0.03733,-0.00039728,-0.0011826,0.055504,nan,0.001839,0.0074957,-0.0053737,-0.0019053,-0.0082223,-0.012177,-0.051057,1,0.00091801,-0.0032935,-0.0040973,-0.00056545,-0.00042685,-0.0014676,0.00081933,-0.035133,-5.0175e-05,0.0014392,-0.001336
omega_b03,-0.0014694,0.0064991,0.0047496,0.0056398,-0.0029288,0.0024546,-0.017638,-0.0021159,-0.00029785,0.0011634,7.8935e-05,0.00075904,0.0016803,-0.0015428,-0.00018782,3.8113e-05,0.0027392,0.0027201,-0.00013892,-0.0014802,-1.4891e-05,5.92e-05,-0.0004866,nan,-0.00021233,0.00047342,0.00018355,-0.0098601,-0.0065424,0.0032383,0.0039064,0.00091801,1,-0.024493,-0.00084795,9.2648e-05,-0.00011216,-0.001216,-0.0010908,-0.0012204,-0.10093,-0.0043778,-0.002476
omega_b13,0.0036873,-0.0025618,0.0010823,-0.012627,-0.0010584,0.003826,0.020378,-0.03361,-0.00054027,-0.0003396,0.00025684,0.0021929,0.0014359,-0.00073078,-0.00058793,9.8672e-05,-0.0030846,0.00045567,0.0003787,-0.00090164,-1.9678e-05,9.3921e-06,-1.1877e-06,nan,-0.00085272,0.00045704,0.0020595,0.0076803,0.0055427,0.006153,-0.0003862,-0.0032935,-0.024493,1,-0.0018799,0.00047886,0.00055244,0.0040131,0.0032767,0.0002073,-0.053087,3.4057e-05,0.00086513
omega_b05,0.017414,-0.037452,-0.026291,-0.011699,0.0041949,-0.0030789,-0.00049731,-0.00090198,0.058895,-0.027728,-0.0019245,0.00017437,0.030315,-0.054645,-0.00050918,-0.0075183,-0.0090365,0.03846,-4.8919e-05,-0.044049,-0.0002004,0.0016926,-0.013444,nan,0.0069516,0.0026448,0.0034976,0.038381,0.031548,-0.0088917,0.004575,-0.0040973,-0.00084795,-0.0018799,1,-0.055753,0.0029417,-7.4948e-06,0.017681,-0.002199,-0.0016457,-0.089698,0.0092722
omega_b15,-0.017572,0.020084,0.0057461,0.020661,-0.0049123,0.010414,0.0014077,-0.0013775,-0.012501,0.038284,0.00066887,0.0044555,-0.06655,0.11148,0.028962,-0.0011036,0.020226,-0.069917,-0.00029632,0.030668,0.00024,-0.0038728,0.014775,nan,-0.011638,-0.0020243,-0.004047,-0.024962,-0.01204,-0.0068203,-0.0031468,-0.00056545,9.2648e-05,0.00047886,-0.055753,1,-0.0013137,-0.0015344,-0.024963,0.0037578,-0.00059131,-0.072155,-0.0094628
omega_b06,0.002582,-0.0064805,-0.0034041,-0.016652,0.003695,-0.0045475,-2.9082e-05,-7.4353e-05,0.0011802,-0.0016768,0.062638,-0.015082,0.0013427,-0.00052837,-0.0019812,-0.0017171,3.1017e-05,0.0011799,2.7369e-05,-0.0016734,0.00039705,-6.5349e-05,-0.0019492,nan,0.00029183,-0.0062679,0.0011712,0.010512,0.0097396,0.012069,-0.00094794,-0.00042685,-0.00011216,0.00055244,0.0029417,-0.0013137,1,0.00047679,0.0031265,-0.00029997,0.0005911,0.00017355,-0.14635
omega_b16,-0.0085347,0.012624,0.0095271,-0.011633,-0.00074044,0.0014495,-0.00013299,5.3187e-05,0.0023542,-0.0026742,-0.022499,0.039658,-0.0050581,0.0013958,-0.0039887,0.0073399,0.0010021,-0.005992,2.3307e-07,0.0039325,0.00053643,-0.00016616,0.0025659,nan,-0.00084831,-0.0091177,-0.0023513,-0.0076559,-0.0073304,0.020369,0.0013666,-0.0014676,-0.001216,0.0040131,-7.4948e-06,-0.0015344,0.00047679,1,-0.008727,0.0010786,0.00054639,-0.0019114,-0.10238
b_1,0.092807,-0.096616,0.00014389,-0.15998,0.00011624,0.0014642,-0.0017405,-0.0009914,-0.010441,0.0037644,-0.0078503,0.0045265,0.011308,-0.0085993,-0.00069697,-0.0088493,0.019336,0.010464,-0.0011857,-0.0071237,-0.00053784,0.00053559,0.0012881,nan,0.0049152,0.010809,-0.046008,0.11577,0.055802,0.01948,0.0017303,0.00081933,-0.0010908,0.0032767,0.017681,-0.024963,0.0031265,-0.008727,1,-0.0021851,-0.0060643,0.058171,0.074948
a_2,-0.00097323,0.0026276,0.0019488,-0.00050072,-0.0071187,0.0051685,-0.00023751,-5.9433e-05,-0.00034527,0.0040961,-7.6124e-06,0.001222,-0.037078,0.026037,-5.3651e-05,0.013572,0.006953,-0.046193,-0.00091,0.030477,5.0751e-05,-0.00080232,0.031121,nan,-0.00076646,-0.0014903,-0.00058081,-0.00029592,0.0014084,0.00046893,-0.11753,-0.035133,-0.0012204,0.0002073,-0.002199,0.0037578,-0.00029997,0.0010786,-0.0021851,1,8.6198e-05,0.0020178,-0.00020801
a_3,-0.0036635,0.0080885,0.0056595,0.015939,0.002145,-0.0026,-0.0025255,0.017372,-0.00073955,0.0014627,0.00044174,-0.0014076,-0.00061617,0.00077472,0.00042565,-7.0952e-05,0.00043852,-0.00083248,-8.348e-05,0.00027065,2.3037e-05,-2.6369e-05,0.00016534,nan,0.0004332,-0.0004484,-0.00084977,-0.010633,-0.011597,-0.011071,-0.00098799,-5.0175e-05,-0.10093,-0.053087,-0.0016457,-0.00059131,0.0005911,0.00054639,-0.0060643,8.6198e-05,1,0.00062523,-0.0021955
b_5,0.040797,-0.082626,-0.060892,-0.048342,0.0007933,-0.0013896,-0.00025615,-0.00019694,-0.021423,-0.009324,-0.0034442,0.0015159,-0.038232,0.018437,-0.0051482,0.0061013,0.004396,-0.030009,0.00087204,0.058184,5.7562e-05,-0.00061543,0.010165,nan,-0.014834,0.00045674,0.003982,0.097183,0.074517,0.0092134,-0.0070728,0.0014392,-0.0043778,3.4057e-05,-0.089698,-0.072155,0.00017355,-0.0019114,0.058171,0.0020178,0.00062523,1,0.026249
b_6,0.057504,-0.097976,-0.062517,-0.049269,-0.0021883,0.0026639,-0.00078266,-0.00042221,-0.005285,0.0015118,-0.041772,0.018894,0.0059962,-0.003292,0.0022621,-0.012263,-0.0038613,0.006461,0.00025165,-0.0037636,-0.0017235,0.00052407,0.0017225,nan,-0.00096714,0.029875,0.013637,0.11119,0.083986,-0.0033092,0.00061349,-0.001336,-0.002476,0.00086513,0.0092722,-0.0094628,-0.14635,-0.10238,0.074948,-0.00020801,-0.0021955,0.026249,1
