b01_pop,1,-0.14852,0.075993,-0.044987,-0.00068633,0.0038414,8.8523e-05,0.00039247,0.00086146,-0.0029178,-0.00037073,-0.0007861,0.00026304,0.0023697,0.0027963,-0.0038593,0.021066,-0.019675,0.00012334,0.0022367,-0.029478,0.021827,-0.015923,-0.00062973,nan,0.0030207,-0.002332,0.0025153,nan,0.0023462,nan,0.0062486,0.0048595,-0.0042028,0.16537,0.10634,-0.0058556,-0.038884,0.00062734,-0.00057466,0.0021497,-0.0047654,0.0017382,-6.5459e-05,-0.00245,0.00072118,0.00088798,0.00012116,0.00039486,-0.002903,-0.0081732,0.00048606,-0.0010735,-0.00066048,-5.3208e-05,-0.010677,-0.0027166
b11_pop,-0.14852,1,0.62074,0.051285,-0.0080787,6.1964e-05,0.010849,-0.014135,-0.00054073,-0.0038501,-0.0024085,0.0091306,-5.8004e-05,-0.01171,-0.00077045,0.010214,-0.060548,0.040025,0.026875,0.011518,0.08975,-0.055216,0.036783,0.0025281,nan,-0.012101,0.0093071,0.047093,nan,0.0064887,nan,-0.025092,-0.023097,0.016871,-0.092712,-0.66737,-0.49025,0.24769,0.011585,0.0067544,-0.00070295,0.014578,-0.0056127,0.0030044,0.0062816,0.0049473,-0.010166,0.0070889,0.0076216,0.0018476,0.27476,-0.0013988,-0.0034515,0.003012,-0.0022379,0.0076833,0.00074687
b21_pop,0.075993,0.62074,1,-0.102,-0.0087493,0.0035751,0.012558,-0.008248,0.0010765,-0.0088176,-0.0055344,0.0073282,0.00010591,-0.012456,0.0043018,0.0023381,-0.017082,0.015083,0.0092532,7.0656e-05,0.03997,-0.020215,0.0063136,0.0018381,nan,-0.0087643,0.0067656,-0.0087263,nan,-0.001488,nan,-0.018259,-0.019616,0.012265,-0.0030786,-0.42361,-0.58978,0.23349,0.014276,0.008725,0.0024094,0.010068,-0.0044764,0.003574,0.001635,0.0053952,-0.0091206,0.0082781,0.0077949,0.0038674,0.24757,-0.00062795,-0.0032069,0.0031857,-0.002871,-0.0046099,-0.0038835
a1_pop,-0.044987,0.051285,-0.102,1,0.00043802,-0.0034061,-0.00010749,0.0028056,-0.0033439,0.005051,0.0097232,-0.010709,0.0020093,-0.006211,-0.0039331,0.004208,-0.018615,0.011593,0.0098496,0.013235,0.0535,-0.02579,0.0013073,0.0019254,nan,-0.0091909,0.0071004,-0.026779,nan,-0.0053691,nan,-0.019121,-0.018449,0.012842,-0.014224,-0.32895,-0.12271,-0.50319,-0.011057,0.0075823,-0.0075843,0.002655,-0.00061462,-0.015058,0.0054723,-0.0019689,0.0033097,0.00036302,-0.00076086,-0.0046032,-0.021022,0.00015528,-0.0070602,0.0075269,-0.0041176,0.015266,0.0031355
b02_pop,-0.00068633,-0.0080787,-0.0087493,0.00043802,1,-0.25256,-0.00082001,-0.00049524,-4.299e-05,-0.00025274,0.00048241,0.00011118,-0.00071486,0.00037756,0.00096472,0.00061547,-0.019938,0.057772,0.00068982,-0.0031057,0.029137,-0.024212,0.023315,1.9463e-05,nan,-0.00012661,7.6069e-05,0.0022579,nan,0.001518,nan,-0.00017872,0.0029644,0.00013022,-0.00025009,0.0071857,0.0084781,-0.0013488,0.0045359,-0.0096547,-0.00040963,-0.0026188,0.00036318,-0.0017207,-0.0018739,-0.0030577,0.0006713,-0.0021561,0.0011404,0.0016218,-0.0082625,-0.0039607,0.0030199,-0.0004225,0.0024251,0.00084985,-0.00044701
b12_pop,0.0038414,6.1964e-05,0.0035751,-0.0034061,-0.25256,1,-0.00035693,0.008682,0.00011034,-0.002091,-0.0016276,-5.9875e-05,0.0015914,-0.0031072,-0.001112,-0.0029592,0.13464,-0.13688,-0.0056215,0.012856,-0.12317,0.11576,-0.097055,-0.00018271,nan,0.0010118,-0.00068036,-0.0049524,nan,-0.0068003,nan,0.0017589,-0.011293,-0.0012229,0.0032511,-0.00050748,0.0021945,-0.0078734,-0.017087,0.013673,0.00067427,0.0080353,-0.00093298,0.0033623,-0.00051302,0.00012829,0.00027139,0.0026508,-0.0016857,0.00093109,0.0044145,-0.0016894,-0.0044334,0.00040221,0.00083529,-0.0024507,-9.8815e-05
b03_pop,8.8523e-05,0.010849,0.012558,-0.00010749,-0.00082001,-0.00035693,1,-0.1492,-0.00022273,0.00054892,-0.0013953,0.0001081,0.00060362,-0.001072,-0.00032875,0.0013597,0.013828,-0.030883,-0.0081076,0.02611,-0.014163,0.010579,-0.016254,0.00078787,nan,-0.003724,0.0028704,-0.0032909,nan,-0.017068,nan,-0.0078459,-0.011933,0.0052748,-0.0017719,-0.0098287,-0.0106,0.0032176,0.0012923,0.00016732,-0.015343,0.019934,0.00013204,0.0041483,-0.00031191,0.0018695,0.00023507,-0.000464,0.00072891,0.0021097,0.010827,0.00028606,0.003205,-0.0004809,0.0011556,-0.0011276,-0.00076672
b13_pop,0.00039247,-0.014135,-0.008248,0.0028056,-0.00049524,0.008682,-0.1492,1,0.00020614,-0.0018947,0.0014239,0.0013768,-0.0027509,0.010378,0.0004279,-0.0044527,-0.083063,0.084208,0.065557,-0.076544,0.066917,-0.050295,0.069555,-0.0030019,nan,0.014174,-0.010966,0.010976,nan,0.089499,nan,0.029886,0.047219,-0.020101,0.00057824,0.0068197,0.0083007,-0.0091112,-0.0047661,-0.0043011,0.0018688,-0.054729,7.0101e-05,-0.006122,0.00062319,-0.0062621,-0.00053371,0.003735,-0.00064096,-0.0029364,-0.009822,0.0011456,0.0079209,0.0011198,-0.00020786,0.0012651,0.00053633
b04_pop,0.00086146,-0.00054073,0.0010765,-0.0033439,-4.299e-05,0.00011034,-0.00022273,0.00020614,1,-0.10275,-0.00071006,0.00064887,1.8904e-05,1.1995e-05,0.0002353,-6.2327e-05,-0.00012993,0.00021657,0.00017717,0.00010782,-0.0001401,-0.00020518,9.055e-05,3.0095e-05,nan,-0.00014266,0.00010824,-0.00027318,nan,-8.9632e-05,nan,-0.00029923,-0.00042246,0.00020116,0.00027476,0.0017434,-0.00042002,0.0025728,0.00013306,-4.7617e-05,-0.00026827,-0.0001072,0.0057586,-0.00041033,-0.0001466,0.0010424,-0.00082073,0.00039077,3.4656e-05,-0.0012711,-0.00026211,-0.00023349,-0.00046836,0.002142,-0.00024336,-0.00021353,0.0014417
b14_pop,-0.0029178,-0.0038501,-0.0088176,0.005051,-0.00025274,-0.002091,0.00054892,-0.0018947,-0.10275,1,0.001545,-0.00024446,0.00037151,-0.002702,0.00046871,-0.00034124,0.0013334,-0.0010992,-5.6786e-05,0.00050751,-0.00063125,0.0013231,-0.00090411,1.8173e-05,nan,-8.5038e-05,6.2047e-05,-0.00099104,nan,-0.0011415,nan,-0.00018301,-0.00027228,0.000123,0.0012897,0.00021267,0.0055374,-0.0028609,-0.0043306,-0.002179,-0.0011934,-0.00060573,-0.006087,-0.0095412,-0.00037155,-0.0013472,0.0021915,-0.0036469,0.00084459,0.00087674,-0.0048384,0.0016515,0.00085752,-0.0048554,0.00057654,0.0016741,-0.0039056
b05_pop,-0.00037073,-0.0024085,-0.0055344,0.0097232,0.00048241,-0.0016276,-0.0013953,0.0014239,-0.00071006,0.001545,1,-0.15731,-0.00018427,-0.00078743,-0.00041508,0.0017656,-0.0022792,0.0020395,0.00020682,0.00053171,0.0031463,-0.0024802,0.0013612,0.00012529,nan,-0.00059857,0.00045702,0.00013538,nan,-5.6951e-05,nan,-0.0012461,-0.00091881,0.00083757,0.00076048,-0.0019036,0.0021055,-0.0088612,-0.0021124,0.00232,-0.0016581,-4.7115e-05,-8.8343e-05,0.00090682,0.049585,-0.0036442,1.0821e-05,0.00071051,-0.00058864,0.0012573,-0.00015411,0.00032991,0.0001064,0.00052823,-0.041115,0.00098183,0.00027209
b15_pop,-0.0007861,0.0091306,0.0073282,-0.010709,0.00011118,-5.9875e-05,0.0001081,0.0013768,0.00064887,-0.00024446,-0.15731,1,0.00090295,0.001516,0.0020948,-0.0040628,-0.00038144,-0.00054492,0.00056094,-0.0046496,-0.0009648,0.0012212,0.0014529,-0.00074799,nan,0.0035536,-0.0027087,0.00066916,nan,0.002847,nan,0.0074562,0.0064285,-0.0050054,-0.00074217,-0.0043173,-0.0068341,0.017399,0.0033628,-0.00015723,0.00090241,0.0011428,0.00049875,-0.0030271,-0.023173,0.0095188,-0.0017708,0.00031282,0.0023451,-0.006269,0.002904,-0.00048337,0.00048441,-0.00065188,0.017983,0.00050521,-0.00031019
b06_pop,0.00026304,-5.8004e-05,0.00010591,0.0020093,-0.00071486,0.0015914,0.00060362,-0.0027509,1.8904e-05,0.00037151,-0.00018427,0.00090295,1,-0.16581,-0.00020675,-0.0018769,0.0038163,-0.0023687,-0.0009472,0.0063129,-0.0022223,0.0010411,-0.0048765,0.00095521,nan,-0.0045333,0.0034476,-0.0022778,nan,-0.005582,nan,-0.0095205,-0.012753,0.0063955,-0.0047011,-0.00096307,0.0094617,-0.006135,0.00027738,-0.0015365,0.00075279,0.0032313,0.00054515,-0.0041868,0.00013801,-0.00068459,0.078374,-0.028218,-0.00051125,0.00037296,0.019806,-0.00017761,-0.0011251,0.00083025,0.0011265,-0.037572,0.00066191
b16_pop,0.0023697,-0.01171,-0.012456,-0.006211,0.00037756,-0.0031072,-0.001072,0.010378,1.1995e-05,-0.002702,-0.00078743,0.001516,-0.16581,1,0.0022675,-0.00061687,-0.026617,0.0078184,-0.005346,-0.087943,0.0071211,0.0022172,0.047069,-0.0099671,nan,0.047329,-0.035975,0.0042069,nan,0.04904,nan,0.099327,0.13084,-0.066734,0.0058357,0.014714,0.005976,0.0041241,-0.00054066,0.0018368,-0.0013909,-0.008089,-0.001323,0.005626,-0.00022222,0.00011148,-0.017134,0.044872,0.001665,0.00054894,-0.018327,-0.00011806,0.0037373,0.0002219,-0.000194,0.007026,-0.0012106
b07_pop,0.0027963,-0.00077045,0.0043018,-0.0039331,0.00096472,-0.001112,-0.00032875,0.0004279,0.0002353,0.00046871,-0.00041508,0.0020948,-0.00020675,0.0022675,1,-0.17512,-0.00056467,0.00052778,-0.00048211,8.5026e-05,0.00094785,-0.00080585,0.00029802,-4.3945e-06,nan,1.9657e-05,5.6706e-05,0.00035236,nan,-0.00044721,nan,7.3612e-05,0.00019132,-4.6911e-05,0.0011297,0.0029753,-0.00076182,0.00093334,0.000675,-0.0011791,-0.00015551,-0.0007166,-0.00069137,0.00048391,0.00026758,-0.0010327,-0.00077374,-0.00032054,0.1091,-0.035289,-0.0018831,6.339e-05,0.00040485,0.00052399,-0.0017825,-0.00053499,-0.05397
b17_pop,-0.0038593,0.010214,0.0023381,0.004208,0.00061547,-0.0029592,0.0013597,-0.0044527,-6.2327e-05,-0.00034124,0.0017656,-0.0040628,-0.0018769,-0.00061687,-0.17512,1,0.0023226,-0.0015088,-0.00055704,0.00031014,-0.0031633,0.0028755,-0.0015845,8.3553e-07,nan,-6.5123e-06,0.00042248,-0.00042808,nan,0.00031461,nan,0.00016901,4.8267e-05,-7.5196e-05,-0.0034393,-0.013128,-0.0030818,0.0019243,0.0040327,0.0023604,-0.0013034,0.0042334,0.0023076,-0.0053179,0.00017456,-0.00034383,0.0021861,-0.00087315,-0.070415,0.080299,0.0075803,-0.00091753,-0.00045965,-0.0020122,0.0033357,0.00052795,0.03022
p1_pop,0.021066,-0.060548,-0.017082,-0.018615,-0.019938,0.13464,0.013828,-0.083063,-0.00012993,0.0013334,-0.0022792,-0.00038144,0.0038163,-0.026617,-0.00056467,0.0023226,1,-0.61018,-0.062334,0.16004,-0.84779,0.79624,-0.85246,0.0057852,nan,-0.026603,0.019487,-0.063025,nan,-0.10876,nan,-0.058456,-0.17077,0.039098,0.012686,0.0020852,0.042452,-0.054397,-0.014185,-0.043829,0.013229,-0.037655,-0.0010469,2.2509e-05,-0.0035615,0.0019382,-0.0074965,9.5284e-05,-0.0013116,0.00042705,0.0069478,-0.00029694,-0.011457,-0.00090262,0.0030221,-0.0046218,-0.0014504
g1_pop,-0.019675,0.040025,0.015083,0.011593,0.057772,-0.13688,-0.030883,0.084208,0.00021657,-0.0010992,0.0020395,-0.00054492,-0.0023687,0.0078184,0.00052778,-0.0015088,-0.61018,1,0.048201,-0.07078,0.63253,-0.53969,0.41328,0.0017762,nan,-0.0092793,0.0037809,0.057052,nan,0.065037,nan,-0.018362,0.04558,0.012683,-0.014386,0.0093057,-0.034204,0.027382,-0.015268,0.055756,-0.020577,0.057327,0.00054144,-0.0002106,0.0025773,-0.0024066,0.0022352,0.00030004,0.00040871,0.0006457,-0.0098563,0.002328,0.0031619,0.00015568,-0.0017191,0.0035004,0.0010233
p2_pop,0.00012334,0.026875,0.0092532,0.0098496,0.00068982,-0.0056215,-0.0081076,0.065557,0.00017717,-5.6786e-05,0.00020682,0.00056094,-0.0009472,-0.005346,-0.00048211,-0.00055704,-0.062334,0.048201,1,-0.24996,0.054385,-0.055289,0.041136,-0.0016742,nan,0.0078843,-0.0058857,-0.00051842,nan,0.335,nan,0.01668,0.024052,-0.011649,0.0054249,0.0088396,-0.021421,0.016681,0.00051613,0.0014959,-0.0034578,0.008941,-7.3766e-05,-0.0009571,6.2681e-05,-0.00096797,0.00065736,-0.0026226,-0.0002661,0.00070143,-0.018801,-0.00013533,-0.00083438,-7.5011e-05,-0.00011213,0.0029047,0.00046439
g2_pop,0.0022367,0.011518,7.0656e-05,0.013235,-0.0031057,0.012856,0.02611,-0.076544,0.00010782,0.00050751,0.00053171,-0.0046496,0.0063129,-0.087943,8.5026e-05,0.00031014,0.16004,-0.07078,-0.24996,1,-0.054466,0.016042,-0.25193,0.053682,nan,-0.25489,0.19374,0.11073,nan,-0.62759,nan,-0.53494,-0.70344,0.35961,-0.0044888,-0.037103,0.0026589,-0.012397,-0.0020906,-0.015046,0.0043975,0.010902,-1.1943e-05,0.0015653,0.00030364,0.0015359,-0.027787,0.006879,5.4709e-05,-0.00085642,0.033955,0.0021737,-0.00069813,0.00024143,-0.00031769,-0.0038726,0.00027998
alpha11_pop,-0.029478,0.08975,0.03997,0.0535,0.029137,-0.12317,-0.014163,0.066917,-0.0001401,-0.00063125,0.0031463,-0.0009648,-0.0022223,0.0071211,0.00094785,-0.0031633,-0.84779,0.63253,0.054385,-0.054466,1,-0.71961,0.67162,0.0066067,nan,-0.032378,0.025348,0.058199,nan,0.042888,nan,-0.064962,0.026119,0.043827,-0.023998,-0.0515,-0.07011,0.053533,0.0096557,0.038396,-0.014858,0.041215,0.00093658,0.00048393,0.0044776,-0.0018388,0.0020714,0.0014721,0.0014192,0.002888,0.029049,-0.00033475,0.0085594,0.0019237,-0.0028157,0.0035522,0.0019783
alpha12_pop,0.021827,-0.055216,-0.020215,-0.02579,-0.024212,0.11576,0.010579,-0.050295,-0.00020518,0.0013231,-0.0024802,0.0012212,0.0010411,0.0022172,-0.00080585,0.0028755,0.79624,-0.53969,-0.055289,0.016042,-0.71961,1,-0.50705,-0.010035,nan,0.048444,-0.038556,0.0043675,nan,-0.024512,nan,0.098832,0.048809,-0.066513,0.01749,0.015042,0.037648,-0.044249,-0.0020175,0.00022991,0.011214,-0.040868,-0.0010182,-0.00035272,-0.0040139,0.00065938,-9.5529e-05,-0.0018191,-0.00092218,0.00091533,-0.0086754,-0.0094919,-0.0047761,-0.0013759,0.0031173,-0.0028495,-0.0019283
alpha13_pop,-0.015923,0.036783,0.0063136,0.0013073,0.023315,-0.097055,-0.016254,0.069555,9.055e-05,-0.00090411,0.0013612,0.0014529,-0.0048765,0.047069,0.00029802,-0.0015845,-0.85246,0.41328,0.041136,-0.25193,0.67162,-0.50705,1,-0.019724,nan,0.093078,-0.071076,0.081405,nan,0.14814,nan,0.19673,0.33163,-0.132,-0.008295,0.018016,-0.024772,0.03838,0.0077863,0.046798,-0.01551,0.0090585,0.0010359,-0.00024175,0.0020175,-0.0016384,0.013224,-0.0017198,0.0012323,-0.0011377,-0.018886,-0.0020684,0.017873,0.00042731,-0.0027539,0.0044863,0.00082014
alpha14_pop,-0.00062973,0.0025281,0.0018381,0.0019254,1.9463e-05,-0.00018271,0.00078787,-0.0030019,3.0095e-05,1.8173e-05,0.00012529,-0.00074799,0.00095521,-0.0099671,-4.3945e-06,8.3553e-07,0.0057852,0.0017762,-0.0016742,0.053682,0.0066067,-0.010035,-0.019724,1,nan,-0.08613,0.065286,-0.0016919,nan,-0.029195,nan,-0.10027,-0.07645,0.082052,-0.0011022,-0.0036018,-0.0013343,0.00049424,-0.00013235,-0.0013625,0.00042817,0.001502,1.1323e-05,8.0252e-05,9.1329e-05,0.00015909,-0.0028868,0.00068888,-3.4458e-05,3.1976e-05,0.0041432,0.00027634,-0.00038947,6.9673e-05,-0.00017773,-0.00040617,7.5173e-05
alpha15_pop,nan,nan,nan,nan,nan,nan,nan,nan,nan,nan,nan,nan,nan,nan,nan,nan,nan,nan,nan,nan,nan,nan,nan,nan,nan,nan,nan,nan,nan,nan,nan,nan,nan,nan,nan,nan,nan,nan,nan,nan,nan,nan,nan,nan,nan,nan,nan,nan,nan,nan,nan,nan,nan,nan,nan,nan,nan
alpha16_pop,0.0030207,-0.012101,-0.0087643,-0.0091909,-0.00012661,0.0010118,-0.003724,0.014174,-0.00014266,-8.5038e-05,-0.00059857,0.0035536,-0.0045333,0.047329,1.9657e-05,-6.5123e-06,-0.026603,-0.0092793,0.0078843,-0.25489,-0.032378,0.048444,0.093078,-0.08613,nan,1,-0.29878,0.0078047,nan,0.1386,nan,0.47634,0.36305,-0.5001,0.0052547,0.017149,0.0064091,-0.0023966,0.00062274,0.0064263,-0.0020183,-0.0071902,-5.4646e-05,-0.0003823,-0.00043897,-0.00075306,0.013708,-0.0032733,0.00015919,-0.0001535,-0.019692,-0.0013138,0.0018442,-0.00033206,0.00084699,0.0019245,-0.0003582
alpha17_pop,-0.002332,0.0093071,0.0067656,0.0071004,7.6069e-05,-0.00068036,0.0028704,-0.010966,0.00010824,6.2047e-05,0.00045702,-0.0027087,0.0034476,-0.035975,5.6706e-05,0.00042248,0.019487,0.0037809,-0.0058857,0.19374,0.025348,-0.038556,-0.071076,0.065286,nan,-0.29878,1,-0.0065259,nan,-0.10552,nan,-0.36251,-0.27602,0.20302,-0.0040258,-0.013239,-0.004953,0.0019375,-0.00038828,-0.0050933,0.0015265,0.0053851,3.6247e-05,0.00028239,0.00033177,0.00057273,-0.010423,0.0024809,-0.0002045,0.00023802,0.01507,0.00099334,-0.0013885,0.0002555,-0.00063367,-0.0014512,0.00039577
alpha21_pop,0.0025153,0.047093,-0.0087263,-0.026779,0.0022579,-0.0049524,-0.0032909,0.010976,-0.00027318,-0.00099104,0.00013538,0.00066916,-0.0022778,0.0042069,0.00035236,-0.00042808,-0.063025,0.057052,-0.00051842,0.11073,0.058199,0.0043675,0.081405,-0.0016919,nan,0.0078047,-0.0065259,1,nan,0.01646,nan,0.016904,0.025036,-0.011119,0.015264,-0.0011997,-0.022247,-0.013502,0.00018864,0.0075735,-0.00048644,0.00231,3.0816e-05,0.00086693,0.00023881,-0.00088687,0.00041766,-0.00066269,0.0010335,-0.0012283,-0.032741,-0.0010316,0.002414,-0.001755,-2.7762e-05,0.0036363,0.0006056
alpha22_pop,nan,nan,nan,nan,nan,nan,nan,nan,nan,nan,nan,nan,nan,nan,nan,nan,nan,nan,nan,nan,nan,nan,nan,nan,nan,nan,nan,nan,nan,nan,nan,nan,nan,nan,nan,nan,nan,nan,nan,nan,nan,nan,nan,nan,nan,nan,nan,nan,nan,nan,nan,nan,nan,nan,nan,nan,nan
alpha23_pop,0.0023462,0.0064887,-0.001488,-0.0053691,0.001518,-0.0068003,-0.017068,0.089499,-8.9632e-05,-0.0011415,-5.6951e-05,0.002847,-0.005582,0.04904,-0.00044721,0.00031461,-0.10876,0.065037,0.335,-0.62759,0.042888,-0.024512,0.14814,-0.029195,nan,0.1386,-0.10552,0.01646,nan,1,nan,0.2908,0.39839,-0.19586,0.0034465,0.01384,-0.0046025,0.0094206,0.0010891,0.0071171,-0.0044197,-0.021879,0.00027962,-0.0012537,-3.9206e-05,-0.0011798,0.014435,-0.0029412,-0.00032454,0.0016267,-0.0089426,-0.0012466,-0.0047798,-0.00052885,0.00031426,0.0015699,-0.00044038
alpha24_pop,nan,nan,nan,nan,nan,nan,nan,nan,nan,nan,nan,nan,nan,nan,nan,nan,nan,nan,nan,nan,nan,nan,nan,nan,nan,nan,nan,nan,nan,nan,nan,nan,nan,nan,nan,nan,nan,nan,nan,nan,nan,nan,nan,nan,nan,nan,nan,nan,nan,nan,nan,nan,nan,nan,nan,nan,nan
alpha25_pop,0.0062486,-0.025092,-0.018259,-0.019121,-0.00017872,0.0017589,-0.0078459,0.029886,-0.00029923,-0.00018301,-0.0012461,0.0074562,-0.0095205,0.099327,7.3612e-05,0.00016901,-0.058456,-0.018362,0.01668,-0.53494,-0.064962,0.098832,0.19673,-0.10027,nan,0.47634,-0.36251,0.016904,nan,0.2908,nan,1,0.7618,-0.67111,0.010962,0.035791,0.013222,-0.0048548,0.0013535,0.013527,-0.0042784,-0.014954,-0.00011432,-0.00080216,-0.00090751,-0.0015883,0.028767,-0.0068664,0.0003167,-0.00027042,-0.041246,-0.0027543,0.0038883,-0.00069295,0.0017761,0.0040552,-0.0007
alpha26_pop,0.0048595,-0.023097,-0.019616,-0.018449,0.0029644,-0.011293,-0.011933,0.047219,-0.00042246,-0.00027228,-0.00091881,0.0064285,-0.012753,0.13084,0.00019132,4.8267e-05,-0.17077,0.04558,0.024052,-0.70344,0.026119,0.048809,0.33163,-0.07645,nan,0.36305,-0.27602,0.025036,nan,0.39839,nan,0.7618,1,-0.51187,0.011674,0.041013,0.009672,-0.00072552,0.002766,0.021849,-0.0072409,-0.015879,-6.3305e-05,-0.0010424,-0.00064752,-0.0016255,0.037885,-0.0087454,0.00049085,8.5828e-05,-0.050912,-0.0036361,0.0059814,-0.00067951,0.00068198,0.0057038,-0.00065621
alpha27_pop,-0.0042028,0.016871,0.012265,0.012842,0.00013022,-0.0012229,0.0052748,-0.020101,0.00020116,0.000123,0.00083757,-0.0050054,0.0063955,-0.066734,-4.6911e-05,-7.5196e-05,0.039098,0.012683,-0.011649,0.35961,0.043827,-0.066513,-0.132,0.082052,nan,-0.5001,0.20302,-0.011119,nan,-0.19586,nan,-0.67111,-0.51187,1,-0.0073664,-0.024048,-0.0088905,0.0032571,-0.00091259,-0.0090665,0.0028736,0.01007,7.7479e-05,0.0005405,0.00061118,0.0010655,-0.019328,0.0046146,-0.0001994,0.00017982,0.027702,0.0018516,-0.0026075,0.00046505,-0.0011924,-0.0027235,0.00046889
omega_b01,0.16537,-0.092712,-0.0030786,-0.014224,-0.00025009,0.0032511,-0.0017719,0.00057824,0.00027476,0.0012897,0.00076048,-0.00074217,-0.0047011,0.0058357,0.0011297,-0.0034393,0.012686,-0.014386,0.0054249,-0.0044888,-0.023998,0.01749,-0.008295,-0.0011022,nan,0.0052547,-0.0040258,0.015264,nan,0.0034465,nan,0.010962,0.011674,-0.0073664,1,0.06392,0.0097089,0.00089831,-0.0018923,-0.0017477,-0.0017108,-0.0033648,0.00069951,-0.0020258,-0.0010675,0.0018317,0.0023848,-0.0044841,-0.0006307,-0.0030913,-0.14976,0.00012577,0.00062936,-0.002812,-0.0028675,0.010864,0.00097913
omega_b11,0.10634,-0.66737,-0.42361,-0.32895,0.0071857,-0.00050748,-0.0098287,0.0068197,0.0017434,0.00021267,-0.0019036,-0.0043173,-0.00096307,0.014714,0.0029753,-0.013128,0.0020852,0.0093057,0.0088396,-0.037103,-0.0515,0.015042,0.018016,-0.0036018,nan,0.017149,-0.013239,-0.0011997,nan,0.01384,nan,0.035791,0.041013,-0.024048,0.06392,1,0.45521,-0.10334,-0.0067096,-0.0031588,0.0020869,-0.0096024,0.0057652,0.0027397,-0.0089118,-0.0041008,0.0074605,-0.0076949,-0.0064779,0.0037754,-0.30301,0.0014923,0.0077402,-0.0063847,0.002612,-0.014704,-0.0013301
omega_b21,-0.0058556,-0.49025,-0.58978,-0.12271,0.0084781,0.0021945,-0.0106,0.0083007,-0.00042002,0.0055374,0.0021055,-0.0068341,0.0094617,0.005976,-0.00076182,-0.0030818,0.042452,-0.034204,-0.021421,0.0026589,-0.07011,0.037648,-0.024772,-0.0013343,nan,0.0064091,-0.004953,-0.022247,nan,-0.0046025,nan,0.013222,0.009672,-0.0088905,0.0097089,0.45521,1,-0.22642,-0.014709,-0.004899,0.0028488,-0.00088534,0.0066228,-0.001762,-0.0087255,0.0020675,0.0092874,-0.0033803,-0.0057388,-0.010075,-0.14241,0.0038606,0.0009977,0.00053805,0.0064526,-0.022834,0.0066256
omega_a1,-0.038884,0.24769,0.23349,-0.50319,-0.0013488,-0.0078734,0.0032176,-0.0091112,0.0025728,-0.0028609,-0.0088612,0.017399,-0.006135,0.0041241,0.00093334,0.0019243,-0.054397,0.027382,0.016681,-0.012397,0.053533,-0.044249,0.03838,0.00049424,nan,-0.0023966,0.0019375,-0.013502,nan,0.0094206,nan,-0.0048548,-0.00072552,0.0032571,0.00089831,-0.10334,-0.22642,1,0.023819,-0.0077313,-0.0019014,0.0042846,-0.0039464,0.017943,-0.00052377,0.0033144,-0.0017331,-0.0027567,0.0027068,0.012833,0.037715,-0.0066407,0.004695,-0.0059249,-5.4162e-05,0.016647,-0.0037914
omega_b02,0.00062734,0.011585,0.014276,-0.011057,0.0045359,-0.017087,0.0012923,-0.0047661,0.00013306,-0.0043306,-0.0021124,0.0033628,0.00027738,-0.00054066,0.000675,0.0040327,-0.014185,-0.015268,0.00051613,-0.0020906,0.0096557,-0.0020175,0.0077863,-0.00013235,nan,0.00062274,-0.00038828,0.00018864,nan,0.0010891,nan,0.0013535,0.002766,-0.00091259,-0.0018923,-0.0067096,-0.014709,0.023819,1,-0.033888,0.0035174,0.0010077,-0.00038239,-0.0025845,0.001574,-0.0016682,0.0013164,-0.0052055,0.0017463,0.00058325,0.011039,-0.12805,-0.0011788,0.00022321,0.0032514,-0.00070499,-0.0028178
omega_b12,-0.00057466,0.0067544,0.008725,0.0075823,-0.0096547,0.013673,0.00016732,-0.0043011,-4.7617e-05,-0.002179,0.00232,-0.00015723,-0.0015365,0.0018368,-0.0011791,0.0023604,-0.043829,0.055756,0.0014959,-0.015046,0.038396,0.00022991,0.046798,-0.0013625,nan,0.0064263,-0.0050933,0.0075735,nan,0.0071171,nan,0.013527,0.021849,-0.0090665,-0.0017477,-0.0031588,-0.004899,-0.0077313,-0.033888,1,0.00099046,-0.0021806,0.00027108,0.0010793,0.0016117,-0.0015033,-0.0014065,0.00077785,0.0012046,-0.0010857,7.9112e-05,-0.031941,0.0015751,-0.0008832,-0.00032863,0.0032191,0.00061328
omega_b03,0.0021497,-0.00070295,0.0024094,-0.0075843,-0.00040963,0.00067427,-0.015343,0.0018688,-0.00026827,-0.0011934,-0.0016581,0.00090241,0.00075279,-0.0013909,-0.00015551,-0.0013034,0.013229,-0.020577,-0.0034578,0.0043975,-0.014858,0.011214,-0.01551,0.00042817,nan,-0.0020183,0.0015265,-0.00048644,nan,-0.0044197,nan,-0.0042784,-0.0072409,0.0028736,-0.0017108,0.0020869,0.0028488,-0.0019014,0.0035174,0.00099046,1,-0.037295,-0.00066839,0.00072692,-0.00066605,-0.0018308,-0.0019184,0.00044593,-5.1478e-06,-0.0033096,0.011613,-0.00051573,-0.062384,0.00015605,0.0016849,-0.0027213,-0.0026592
omega_b13,-0.0047654,0.014578,0.010068,0.002655,-0.0026188,0.0080353,0.019934,-0.054729,-0.0001072,-0.00060573,-4.7115e-05,0.0011428,0.0032313,-0.008089,-0.0007166,0.0042334,-0.037655,0.057327,0.008941,0.010902,0.041215,-0.040868,0.0090585,0.001502,nan,-0.0071902,0.0053851,0.00231,nan,-0.021879,nan,-0.014954,-0.015879,0.01007,-0.0033648,-0.0096024,-0.00088534,0.0042846,0.0010077,-0.0021806,-0.037295,1,-0.00074795,-0.0015448,0.00047115,0.0013623,0.0050449,-0.0012818,0.0011639,-0.0015058,0.0067547,-0.00060882,-0.058858,-0.00051877,-0.00039129,-0.0032559,0.001469
omega_b04,0.0017382,-0.0056127,-0.0044764,-0.00061462,0.00036318,-0.00093298,0.00013204,7.0101e-05,0.0057586,-0.006087,-8.8343e-05,0.00049875,0.00054515,-0.001323,-0.00069137,0.0023076,-0.0010469,0.00054144,-7.3766e-05,-1.1943e-05,0.00093658,-0.0010182,0.0010359,1.1323e-05,nan,-5.4646e-05,3.6247e-05,3.0816e-05,nan,0.00027962,nan,-0.00011432,-6.3305e-05,7.7479e-05,0.00069951,0.0057652,0.0066228,-0.0039464,-0.00038239,0.00027108,-0.00066839,-0.00074795,1,-0.016693,-0.00011569,-0.00041665,-0.00067363,0.00075984,-0.00081729,0.00089566,-0.00057791,-0.00014372,0.00048848,-0.030975,-4.7391e-05,0.00019615,0.0011257
omega_b14,-6.5459e-05,0.0030044,0.003574,-0.015058,-0.0017207,0.0033623,0.0041483,-0.006122,-0.00041033,-0.0095412,0.00090682,-0.0030271,-0.0041868,0.005626,0.00048391,-0.0053179,2.2509e-05,-0.0002106,-0.0009571,0.0015653,0.00048393,-0.00035272,-0.00024175,8.0252e-05,nan,-0.0003823,0.00028239,0.00086693,nan,-0.0012537,nan,-0.00080216,-0.0010424,0.0005405,-0.0020258,0.0027397,-0.001762,0.017943,-0.0025845,0.0010793,0.00072692,-0.0015448,-0.016693,1,-0.0013591,0.001948,-0.0050578,0.0030013,-0.00064976,0.0069515,0.0053471,-0.00030962,-0.00097373,-0.057715,0.00079585,0.0023018,-0.00099147
omega_b05,-0.00245,0.0062816,0.001635,0.0054723,-0.0018739,-0.00051302,-0.00031191,0.00062319,-0.0001466,-0.00037155,0.049585,-0.023173,0.00013801,-0.00022222,0.00026758,0.00017456,-0.0035615,0.0025773,6.2681e-05,0.00030364,0.0044776,-0.0040139,0.0020175,9.1329e-05,nan,-0.00043897,0.00033177,0.00023881,nan,-3.9206e-05,nan,-0.00090751,-0.00064752,0.00061118,-0.0010675,-0.0089118,-0.0087255,-0.00052377,0.001574,0.0016117,-0.00066605,0.00047115,-0.00011569,-0.0013591,1,-0.0056788,-0.0008301,-0.0024013,0.00060985,-0.0040938,0.0029734,-0.00031052,-0.00091541,-0.00013986,-0.091691,0.0012514,-0.0015836
omega_b15,0.00072118,0.0049473,0.0053952,-0.0019689,-0.0030577,0.00012829,0.0018695,-0.0062621,0.0010424,-0.0013472,-0.0036442,0.0095188,-0.00068459,0.00011148,-0.0010327,-0.00034383,0.0019382,-0.0024066,-0.00096797,0.0015359,-0.0018388,0.00065938,-0.0016384,0.00015909,nan,-0.00075306,0.00057273,-0.00088687,nan,-0.0011798,nan,-0.0015883,-0.0016255,0.0010655,0.0018317,-0.0041008,0.0020675,0.0033144,-0.0016682,-0.0015033,-0.0018308,0.0013623,-0.00041665,0.001948,-0.0056788,1,-0.0024368,-0.002439,-0.0023294,-0.0017446,0.0017033,-0.00016456,0.00043992,-0.0020871,-0.10298,0.002949,0.0014667
omega_b06,0.00088798,-0.010166,-0.0091206,0.0033097,0.0006713,0.00027139,0.00023507,-0.00053371,-0.00082073,0.0021915,1.0821e-05,-0.0017708,0.078374,-0.017134,-0.00077374,0.0021861,-0.0074965,0.0022352,0.00065736,-0.027787,0.0020714,-9.5529e-05,0.013224,-0.0028868,nan,0.013708,-0.010423,0.00041766,nan,0.014435,nan,0.028767,0.037885,-0.019328,0.0023848,0.0074605,0.0092874,-0.0017331,0.0013164,-0.0014065,-0.0019184,0.0050449,-0.00067363,-0.0050578,-0.0008301,-0.0024368,1,-0.044927,-8.2343e-05,0.001649,-0.018197,-0.00068689,-5.3426e-05,0.0021741,-0.00010206,-0.12194,0.0020268
omega_b16,0.00012116,0.0070889,0.0082781,0.00036302,-0.0021561,0.0026508,-0.000464,0.003735,0.00039077,-0.0036469,0.00071051,0.00031282,-0.028218,0.044872,-0.00032054,-0.00087315,9.5284e-05,0.00030004,-0.0026226,0.006879,0.0014721,-0.0018191,-0.0017198,0.00068888,nan,-0.0032733,0.0024809,-0.00066269,nan,-0.0029412,nan,-0.0068664,-0.0087454,0.0046146,-0.0044841,-0.0076949,-0.0033803,-0.0027567,-0.0052055,0.00077785,0.00044593,-0.0012818,0.00075984,0.0030013,-0.0024013,-0.002439,-0.044927,1,0.0011211,-0.004936,0.020399,0.0012676,0.0005326,0.001351,0.00071051,-0.047187,-0.0011583
omega_b07,0.00039486,0.0076216,0.0077949,-0.00076086,0.0011404,-0.0016857,0.00072891,-0.00064096,3.4656e-05,0.00084459,-0.00058864,0.0023451,-0.00051125,0.001665,0.1091,-0.070415,-0.0013116,0.00040871,-0.0002661,5.4709e-05,0.0014192,-0.00092218,0.0012323,-3.4458e-05,nan,0.00015919,-0.0002045,0.0010335,nan,-0.00032454,nan,0.0003167,0.00049085,-0.0001994,-0.0006307,-0.0064779,-0.0057388,0.0027068,0.0017463,0.0012046,-5.1478e-06,0.0011639,-0.00081729,-0.00064976,0.00060985,-0.0023294,-8.2343e-05,0.0011211,1,-0.033047,0.0045496,-0.00058787,0.00018674,0.00078531,0.00040791,-0.00088247,-0.078493
omega_b17,-0.002903,0.0018476,0.0038674,-0.0046032,0.0016218,0.00093109,0.0021097,-0.0029364,-0.0012711,0.00087674,0.0012573,-0.006269,0.00037296,0.00054894,-0.035289,0.080299,0.00042705,0.0006457,0.00070143,-0.00085642,0.002888,0.00091533,-0.0011377,3.1976e-05,nan,-0.0001535,0.00023802,-0.0012283,nan,0.0016267,nan,-0.00027042,8.5828e-05,0.00017982,-0.0030913,0.0037754,-0.010075,0.012833,0.00058325,-0.0010857,-0.0033096,-0.0015058,0.00089566,0.0069515,-0.0040938,-0.0017446,0.001649,-0.004936,-0.033047,1,-0.0049015,0.00044845,0.0025528,-0.0027322,-0.0016271,0.00075884,-0.09827
b_1,-0.0081732,0.27476,0.24757,-0.021022,-0.0082625,0.0044145,0.010827,-0.009822,-0.00026211,-0.0048384,-0.00015411,0.002904,0.019806,-0.018327,-0.0018831,0.0075803,0.0069478,-0.0098563,-0.018801,0.033955,0.029049,-0.0086754,-0.018886,0.0041432,nan,-0.019692,0.01507,-0.032741,nan,-0.0089426,nan,-0.041246,-0.050912,0.027702,-0.14976,-0.30301,-0.14241,0.037715,0.011039,7.9112e-05,0.011613,0.0067547,-0.00057791,0.0053471,0.0029734,0.0017033,-0.018197,0.020399,0.0045496,-0.0049015,1,0.001741,-0.0094267,0.0085149,0.00069981,-0.061157,-0.0053119
a_2,0.00048606,-0.0013988,-0.00062795,0.00015528,-0.0039607,-0.0016894,0.00028606,0.0011456,-0.00023349,0.0016515,0.00032991,-0.00048337,-0.00017761,-0.00011806,6.339e-05,-0.00091753,-0.00029694,0.002328,-0.00013533,0.0021737,-0.00033475,-0.0094919,-0.0020684,0.00027634,nan,-0.0013138,0.00099334,-0.0010316,nan,-0.0012466,nan,-0.0027543,-0.0036361,0.0018516,0.00012577,0.0014923,0.0038606,-0.0066407,-0.12805,-0.031941,-0.00051573,-0.00060882,-0.00014372,-0.00030962,-0.00031052,-0.00016456,-0.00068689,0.0012676,-0.00058787,0.00044845,0.001741,1,0.00019459,0.00045586,-0.00038259,-0.00078661,-3.1244e-05
a_3,-0.0010735,-0.0034515,-0.0032069,-0.0070602,0.0030199,-0.0044334,0.003205,0.0079209,-0.00046836,0.00085752,0.0001064,0.00048441,-0.0011251,0.0037373,0.00040485,-0.00045965,-0.011457,0.0031619,-0.00083438,-0.00069813,0.0085594,-0.0047761,0.017873,-0.00038947,nan,0.0018442,-0.0013885,0.002414,nan,-0.0047798,nan,0.0038883,0.0059814,-0.0026075,0.00062936,0.0077402,0.0009977,0.004695,-0.0011788,0.0015751,-0.062384,-0.058858,0.00048848,-0.00097373,-0.00091541,0.00043992,-5.3426e-05,0.0005326,0.00018674,0.0025528,-0.0094267,0.00019459,1,0.00088909,0.0027957,0.0010264,0.001397
a_4,-0.00066048,0.003012,0.0031857,0.0075269,-0.0004225,0.00040221,-0.0004809,0.0011198,0.002142,-0.0048554,0.00052823,-0.00065188,0.00083025,0.0002219,0.00052399,-0.0020122,-0.00090262,0.00015568,-7.5011e-05,0.00024143,0.0019237,-0.0013759,0.00042731,6.9673e-05,nan,-0.00033206,0.0002555,-0.001755,nan,-0.00052885,nan,-0.00069295,-0.00067951,0.00046505,-0.002812,-0.0063847,0.00053805,-0.0059249,0.00022321,-0.0008832,0.00015605,-0.00051877,-0.030975,-0.057715,-0.00013986,-0.0020871,0.0021741,0.001351,0.00078531,-0.0027322,0.0085149,0.00045586,0.00088909,1,0.00012324,-0.004247,-0.00043187
b_5,-5.3208e-05,-0.0022379,-0.002871,-0.0041176,0.0024251,0.00083529,0.0011556,-0.00020786,-0.00024336,0.00057654,-0.041115,0.017983,0.0011265,-0.000194,-0.0017825,0.0033357,0.0030221,-0.0017191,-0.00011213,-0.00031769,-0.0028157,0.0031173,-0.0027539,-0.00017773,nan,0.00084699,-0.00063367,-2.7762e-05,nan,0.00031426,nan,0.0017761,0.00068198,-0.0011924,-0.0028675,0.002612,0.0064526,-5.4162e-05,0.0032514,-0.00032863,0.0016849,-0.00039129,-4.7391e-05,0.00079585,-0.091691,-0.10298,-0.00010206,0.00071051,0.00040791,-0.0016271,0.00069981,-0.00038259,0.0027957,0.00012324,1,0.0010079,1.2882e-05
b_6,-0.010677,0.0076833,-0.0046099,0.015266,0.00084985,-0.0024507,-0.0011276,0.0012651,-0.00021353,0.0016741,0.00098183,0.00050521,-0.037572,0.007026,-0.00053499,0.00052795,-0.0046218,0.0035004,0.0029047,-0.0038726,0.0035522,-0.0028495,0.0044863,-0.00040617,nan,0.0019245,-0.0014512,0.0036363,nan,0.0015699,nan,0.0040552,0.0057038,-0.0027235,0.010864,-0.014704,-0.022834,0.016647,-0.00070499,0.0032191,-0.0027213,-0.0032559,0.00019615,0.0023018,0.0012514,0.002949,-0.12194,-0.047187,-0.00088247,0.00075884,-0.061157,-0.00078661,0.0010264,-0.004247,0.0010079,1,0.0014691
b_7,-0.0027166,0.00074687,-0.0038835,0.0031355,-0.00044701,-9.8815e-05,-0.00076672,0.00053633,0.0014417,-0.0039056,0.00027209,-0.00031019,0.00066191,-0.0012106,-0.05397,0.03022,-0.0014504,0.0010233,0.00046439,0.00027998,0.0019783,-0.0019283,0.00082014,7.5173e-05,nan,-0.0003582,0.00039577,0.0006056,nan,-0.00044038,nan,-0.0007,-0.00065621,0.00046889,0.00097913,-0.0013301,0.0066256,-0.0037914,-0.0028178,0.00061328,-0.0026592,0.001469,0.0011257,-0.00099147,-0.0015836,0.0014667,0.0020268,-0.0011583,-0.078493,-0.09827,-0.0053119,-3.1244e-05,0.001397,-0.00043187,1.2882e-05,0.0014691,1
