b01_pop,1,-0.073121,0.12863,-0.10046,-0.0034616,0.0056497,-0.0041723,0.0048141,0.0014905,-0.0039431,0.0068869,-0.011436,-0.0010214,-0.011571,-0.0014745,0.0042158,0.0075266,0.0084039,0.0006015,0.00010809,0.0070901,-0.00012235,-7.602e-05,-0.00012799,-0.004731,-0.0064221,0.16678,0.033981,-0.071324,0.053487,-0.00021507,0.0061806,-0.0015632,0.0018157,-0.0067224,0.00044374,0.0027188,-0.0096268,0.029007,-0.0027547,0.00035613,-0.0006731,nan
b11_pop,-0.073121,1,0.72268,-0.06593,0.017686,-0.036553,-0.0035873,-0.0051772,-0.018645,-0.0021647,0.018334,-0.026688,-0.020244,0.039611,-0.0047039,-0.0019438,-0.036186,-0.038842,-0.0092518,-0.00046,-0.028923,0.00042732,0.00024388,0.0004446,0.00033637,0.0054127,0.016238,-0.66899,-0.61741,0.35207,0.011741,-0.028935,-0.033168,0.01475,-0.013038,-0.020585,0.012218,0.015426,0.081813,-0.0024855,-0.0049241,-0.015012,nan
b21_pop,0.12863,0.72268,1,-0.10624,0.013018,-0.036118,-0.01247,0.0086342,-0.021591,-0.00025402,0.021986,-0.031646,-0.010171,0.074058,-0.008177,-0.0066741,-0.080252,-0.064002,-0.027306,-0.0011328,-0.056252,0.00088002,0.00048175,0.00090509,-0.011707,0.020305,0.076353,-0.55156,-0.79682,0.37229,0.006784,-0.024099,-0.036714,0.031545,-0.023909,-0.015209,0.012668,0.017144,0.11973,-0.005953,-0.0055113,-0.011868,nan
a1_pop,-0.10046,-0.06593,-0.10624,1,-0.0044357,0.012642,0.020922,-0.018311,0.00024271,-0.0097213,0.0039803,0.007652,0.021424,-0.085608,0.0047151,0.016624,0.10354,0.079121,0.020145,0.0014952,0.063079,-0.0010904,-0.00060141,-0.0011097,0.016186,-0.042629,-0.062416,-0.29231,-0.077072,-0.58752,0.0035856,-0.041085,0.0090072,-0.014207,0.0033907,0.0059056,0.0062324,0.025605,-0.0067122,0.0015267,-0.00073551,0.0081638,nan
b02_pop,-0.0034616,0.017686,0.013018,-0.0044357,1,-0.25853,-0.0026379,0.0014602,0.0017648,-0.0021688,0.00098825,0.0036722,0.026757,0.094446,0.0080932,-0.018729,-0.052842,-0.051662,-0.032729,-0.00078339,-0.061811,0.0009555,0.00055969,0.0010056,0.0031595,0.030553,6.2933e-05,-0.0090053,-0.014348,0.0052522,-0.020503,-0.011597,-0.0049426,0.0072456,-0.0020654,-0.00020118,0.0035263,0.0041305,-0.011589,0.011934,-0.0023817,0.0013583,nan
b12_pop,0.0056497,-0.036553,-0.036118,0.012642,-0.25853,1,0.0044948,0.0084804,-0.0019683,-0.00011659,-0.0025791,0.0085851,0.048166,-0.19406,-0.012618,0.041767,0.13157,0.15356,0.069151,0.0017058,0.14199,-0.0020762,-0.001201,-0.0021671,0.0025022,-0.074274,-0.0027814,0.022118,0.032555,-0.021415,-0.0087364,0.051253,0.011435,-0.0053559,0.00070661,0.002189,-0.0080635,0.009836,0.015208,-0.024099,0.0021373,-0.00022297,nan
b03_pop,-0.0041723,-0.0035873,-0.01247,0.020922,-0.0026379,0.0044948,1,-0.16178,0.00092777,-0.00084839,0.0024739,-0.0024674,-0.011873,-0.069882,-0.0061529,0.01589,0.043443,0.045821,0.032913,0.0006108,0.050963,-0.00073854,-0.00042487,-0.00077413,-0.0016705,-0.02592,7.3332e-05,-0.00872,0.0067962,-0.020471,0.0084009,-0.0047953,-0.016135,-0.017321,-0.003389,-0.0024833,0.0020667,-0.00016747,0.0052731,-0.0026911,0.010558,0.0052609,nan
b13_pop,0.0048141,-0.0051772,0.0086342,-0.018311,0.0014602,0.0084804,-0.16178,1,0.0018074,-0.0040185,-0.0024722,-0.0054242,-0.047012,0.10971,0.004458,-0.019569,-0.073886,-0.073395,-0.020903,-0.0010064,-0.069192,0.0011405,0.00066896,0.0011897,-0.0060477,0.037136,6.4465e-05,0.014162,-0.0046258,0.012338,-0.014279,0.0064341,0.026499,0.025904,0.00012006,-0.0044444,-0.0032039,0.002191,-0.0064766,0.0021462,-0.01179,-0.0033974,nan
b05_pop,0.0014905,-0.018645,-0.021591,0.00024271,0.0017648,-0.0019683,0.00092777,0.0018074,1,-0.17726,-0.00096988,0.00037281,-0.0036627,0.0007766,-0.008739,0.018015,-0.006776,-0.00026392,0.0047869,-0.00011641,0.0023792,1.3662e-05,4.0232e-06,9.9579e-06,-0.013044,-0.0030808,0.002964,0.011806,0.014983,-0.012,-0.0035036,0.0051807,-0.0017881,-0.0015491,0.046525,-0.018695,-0.0022188,-0.002895,0.00077115,-0.00037122,0.00059228,-0.014636,nan
b15_pop,-0.0039431,-0.0021647,-0.00025402,-0.0097213,-0.0021688,-0.00011659,-0.00084839,-0.0040185,-0.17726,1,0.0032097,-0.013174,0.0010737,0.0031996,0.058684,-0.030746,0.0080963,-0.0036487,-0.0049207,0.00012289,-0.0048267,6.7958e-05,1.7309e-05,6.4854e-05,-0.009079,0.01177,-0.0013425,0.012623,0.0037427,0.0083798,-0.0019818,0.00086941,0.0011011,0.0032978,-0.021313,0.046665,-0.0006267,-0.0036195,-0.0067791,0.0015775,0.0015375,-0.00045501,nan
b07_pop,0.0068869,0.018334,0.021986,0.0039803,0.00098825,-0.0025791,0.0024739,-0.0024722,-0.00096988,0.0032097,1,-0.16172,-0.0058261,-0.018125,-0.00016901,0.011484,0.010433,0.014099,0.012052,0.00010569,0.01981,-0.00020961,-0.00011545,-0.00022152,1.8901e-05,-0.0074529,0.0049126,-0.022963,-0.021145,0.0017027,0.0022973,-0.00054525,-0.00045396,-0.0060589,-0.0045049,0.0035694,0.093266,-0.048917,0.0080802,-0.0019749,0.0024464,0.0033591,nan
b17_pop,-0.011436,-0.026688,-0.031646,0.007652,0.0036722,0.0085851,-0.0024674,-0.0054242,0.00037281,-0.013174,-0.16172,1,0.00065424,0.0014431,0.028824,-0.0336,-0.004075,0.0061063,0.0052109,-0.00021281,0.010933,8.8778e-05,6.1928e-05,7.122e-05,0.0070901,0.047316,-0.022633,0.026916,0.027907,-0.010258,-0.0090825,-0.00073238,-0.00063753,-0.0090803,0.0041291,-0.0036789,-0.086019,0.090168,-0.0047093,0.0026239,-0.0009659,-0.0071093,nan
p1_pop,-0.0010214,-0.020244,-0.010171,0.021424,0.026757,0.048166,-0.011873,-0.047012,-0.0036627,0.0010737,-0.0058261,0.00065424,1,-0.018971,0.014295,-0.049015,0.018951,0.33805,-0.66745,-0.0013997,-0.15476,0.00061016,-2.7146e-05,0.00069725,0.093136,0.053784,-0.00935,-0.011798,0.0077082,-0.035844,-0.018074,-0.04121,-0.0051545,0.017751,0.0028936,0.0048915,-0.0025764,0.0039046,0.023623,0.0032446,-0.0093293,0.00016445,nan
g1_pop,-0.011571,0.039611,0.074058,-0.085608,0.094446,-0.19406,-0.069882,0.10971,0.0007766,0.0031996,-0.018125,0.0014431,-0.018971,1,0.089325,-0.22278,-0.59889,-0.68573,-0.47441,-0.0078433,-0.76877,0.010592,0.00609,0.011124,0.016266,0.3582,-0.0088194,0.046021,-0.054916,0.065694,-0.10289,0.081339,-0.016547,0.14265,0.0045436,-0.011273,-0.0040625,-0.01895,-0.049451,0.02788,-0.027816,-0.0028046,nan
p2_pop,-0.0014745,-0.0047039,-0.008177,0.0047151,0.0080932,-0.012618,-0.0061529,0.004458,-0.008739,0.058684,-0.00016901,0.028824,0.014295,0.089325,1,-0.40885,0.12859,-0.077966,-0.099584,0.0018323,-0.10346,0.001419,0.00069784,0.0014615,0.21291,0.19483,-0.0045564,0.0049961,0.0053764,-0.012383,-0.0083306,0.00042323,-0.00050763,0.016663,0.0001146,0.015346,0.0012557,0.0061014,0.0091981,0.0036541,-0.0030283,-0.0022898,nan
g2_pop,0.0042158,-0.0019438,-0.0066741,0.016624,-0.018729,0.041767,0.01589,-0.019569,0.018015,-0.030746,0.011484,-0.0336,-0.049015,-0.22278,-0.40885,1,0.10843,0.17613,0.18448,0.0015772,0.2258,-0.0033005,-0.0018538,-0.0033425,-0.22745,-0.51057,0.0054378,-0.014575,0.0048262,-0.012164,0.019594,-0.012522,0.0023844,-0.036865,-0.0020032,-0.0025084,0.0015344,0.0010096,0.0091601,-0.0069924,0.0079935,0.0018461,nan
alpha11_pop,0.0075266,-0.036186,-0.080252,0.10354,-0.052842,0.13157,0.043443,-0.073886,-0.006776,0.0080963,0.010433,-0.004075,0.018951,-0.59889,0.12859,0.10843,1,0.49347,0.20863,0.015512,0.45596,-0.0088135,-0.004672,-0.0088366,0.16342,-0.39072,-0.0026604,-0.043588,0.054129,-0.10676,0.065227,-0.060127,0.010486,-0.081027,-0.0058114,0.017505,0.0056833,0.029355,0.080035,-0.017028,0.017683,0.0064452,nan
alpha12_pop,0.0084039,-0.038842,-0.064002,0.079121,-0.051662,0.15356,0.045821,-0.073395,-0.00026392,-0.0036487,0.014099,0.0061063,0.33805,-0.68573,-0.077966,0.17613,0.49347,1,0.27885,0.0043805,0.65602,-0.007593,-0.0043397,-0.0079141,0.0063342,-0.26966,0.0028319,-0.032199,0.047313,-0.074595,0.076722,-0.043328,0.0088871,-0.10295,-0.002867,0.011606,0.0011368,0.018791,0.041069,-0.03041,0.019292,0.0018017,nan
alpha13_pop,0.0006015,-0.0092518,-0.027306,0.020145,-0.032729,0.069151,0.032913,-0.020903,0.0047869,-0.0049207,0.012052,0.0052109,-0.66745,-0.47441,-0.099584,0.18448,0.20863,0.27885,1,0.0028188,0.5994,-0.005552,-0.0028431,-0.0059134,-0.11528,-0.2326,0.0048236,-0.0064041,0.022157,-0.012081,0.034863,0.0075774,-0.0025249,-0.11672,-0.004007,0.0022252,0.00089976,0.0079536,0.0054433,-0.016784,0.031329,0.00035322,nan
alpha15_pop,0.00010809,-0.00046,-0.0011328,0.0014952,-0.00078339,0.0017058,0.0006108,-0.0010064,-0.00011641,0.00012289,0.00010569,-0.00021281,-0.0013997,-0.0078433,0.0018323,0.0015772,0.015512,0.0043805,0.0028188,1,0.0037851,-0.20343,-0.066302,-0.184,0.0026743,-0.0068435,-4.3096e-05,-0.00065612,0.0007409,-0.0015344,0.00087901,-0.0008932,0.00015971,-0.0010258,-9.7155e-05,0.00025054,0.00010195,0.00039779,0.0012248,-0.00017821,0.00023678,0.00011157,nan
alpha17_pop,0.0070901,-0.028923,-0.056252,0.063079,-0.061811,0.14199,0.050963,-0.069192,0.0023792,-0.0048267,0.01981,0.010933,-0.15476,-0.76877,-0.10346,0.2258,0.45596,0.65602,0.5994,0.0037851,1,-0.009539,-0.0052108,-0.01012,-0.10251,-0.29303,0.0060066,-0.02898,0.043032,-0.05307,0.074318,-0.041149,0.0088385,-0.12431,-0.0042038,0.0083586,0.0010517,0.021478,0.033509,-0.025712,0.026749,0.0016107,nan
alpha21_pop,-0.00012235,0.00042732,0.00088002,-0.0010904,0.0009555,-0.0020762,-0.00073854,0.0011405,1.3662e-05,6.7958e-05,-0.00020961,8.8778e-05,0.00061016,0.010592,0.001419,-0.0033005,-0.0088135,-0.007593,-0.005552,-0.20343,-0.009539,1,0.50599,0.92188,9.3609e-06,0.0060265,-6.8665e-05,0.00055439,-0.00063359,0.00094703,-0.001073,0.00084611,-0.00016397,0.0015381,7.1058e-05,-0.00014481,-4.5492e-05,-0.00028969,-0.00070826,0.00029977,-0.00031702,-5.5693e-05,nan
alpha22_pop,-7.602e-05,0.00024388,0.00048175,-0.00060141,0.00055969,-0.001201,-0.00042487,0.00066896,4.0232e-06,1.7309e-05,-0.00011545,6.1928e-05,-2.7146e-05,0.00609,0.00069784,-0.0018538,-0.004672,-0.0043397,-0.0028431,-0.066302,-0.0052108,0.50599,1,0.53529,0.00056065,0.0035191,-4.8554e-05,0.0003158,-0.00034875,0.00050904,-0.00062089,0.00050626,-0.00010046,0.00086164,3.9212e-05,-8.5809e-05,-2.3164e-05,-0.00015604,-0.00038234,0.0001701,-0.00017174,-2.5699e-05,nan
alpha23_pop,-0.00012799,0.0004446,0.00090509,-0.0011097,0.0010056,-0.0021671,-0.00077413,0.0011897,9.9579e-06,6.4854e-05,-0.00022152,7.122e-05,0.00069725,0.011124,0.0014615,-0.0033425,-0.0088366,-0.0079141,-0.0059134,-0.184,-0.01012,0.92188,0.53529,1,0.00026854,0.0059384,-7.7055e-05,0.00056607,-0.00065514,0.0009504,-0.0011257,0.00087815,-0.00017245,0.0016184,7.1361e-05,-0.0001478,-4.5713e-05,-0.00029564,-0.00070896,0.00031516,-0.00033244,-5.2748e-05,nan
alpha25_pop,-0.004731,0.00033637,-0.011707,0.016186,0.0031595,0.0025022,-0.0016705,-0.0060477,-0.013044,-0.009079,1.8901e-05,0.0070901,0.093136,0.016266,0.21291,-0.22745,0.16342,0.0063342,-0.11528,0.0026743,-0.10251,9.3609e-06,0.00056065,0.00026854,1,0.082184,-0.0083574,-0.00912,0.0065307,-0.017244,-0.00083962,-0.0054926,-0.0022014,0.0045075,0.00015602,-0.0019856,0.0030827,-0.00050469,0.015967,0.0014394,-0.00051767,0.0066715,nan
alpha27_pop,-0.0064221,0.0054127,0.020305,-0.042629,0.030553,-0.074274,-0.02592,0.037136,-0.0030808,0.01177,-0.0074529,0.047316,0.053784,0.3582,0.19483,-0.51057,-0.39072,-0.26966,-0.2326,-0.0068435,-0.29303,0.0060265,0.0035191,0.0059384,0.082184,1,-0.0053004,0.029757,-0.013663,0.04001,-0.031628,0.028839,-0.004333,0.055483,0.0070128,-0.0056168,-9.9165e-05,-0.011074,-0.032027,0.0096967,-0.012421,-0.0054343,nan
omega_b01,0.16678,0.016238,0.076353,-0.062416,6.2933e-05,-0.0027814,7.3332e-05,6.4465e-05,0.002964,-0.0013425,0.0049126,-0.022633,-0.00935,-0.0088194,-0.0045564,0.0054378,-0.0026604,0.0028319,0.0048236,-4.3096e-05,0.0060066,-6.8665e-05,-4.8554e-05,-7.7055e-05,-0.0083574,-0.0053004,1,-0.028164,-0.0414,0.051977,0.0035731,-0.0021374,0.00044852,-0.0089113,-0.00019359,0.001685,0.0042076,-0.0050881,-0.11728,-0.0016061,0.002248,-0.0018516,nan
omega_b11,0.033981,-0.66899,-0.55156,-0.29231,-0.0090053,0.022118,-0.00872,0.014162,0.011806,0.012623,-0.022963,0.026916,-0.011798,0.046021,0.0049961,-0.014575,-0.043588,-0.032199,-0.0064041,-0.00065612,-0.02898,0.00055439,0.0003158,0.00056607,-0.00912,0.029757,-0.028164,1,0.56813,-0.1386,-0.020517,0.044091,0.023974,-0.00031309,0.0030281,0.020135,-0.017703,-0.015267,-0.16327,0.0052772,0.0025477,0.018822,nan
omega_b21,-0.071324,-0.61741,-0.79682,-0.077072,-0.014348,0.032555,0.0067962,-0.0046258,0.014983,0.0037427,-0.021145,0.027907,0.0077082,-0.054916,0.0053764,0.0048262,0.054129,0.047313,0.022157,0.0007409,0.043032,-0.00063359,-0.00034875,-0.00065514,0.0065307,-0.013663,-0.0414,0.56813,1,-0.27508,-0.0034582,0.029423,0.031513,-0.029175,0.021434,0.0074738,-0.012595,-0.032386,-0.13443,0.0073826,0.0033498,0.010384,nan
omega_a1,0.053487,0.35207,0.37229,-0.58752,0.0052522,-0.021415,-0.020471,0.012338,-0.012,0.0083798,0.0017027,-0.010258,-0.035844,0.065694,-0.012383,-0.012164,-0.10676,-0.074595,-0.012081,-0.0015344,-0.05307,0.00094703,0.00050904,0.0009504,-0.017244,0.04001,0.051977,-0.1386,-0.27508,1,0.01015,0.026339,-0.028245,0.023242,-0.0014429,-0.030653,3.1325e-05,-0.017171,0.021706,-0.0022089,0.0054894,-0.018226,nan
omega_b02,-0.00021507,0.011741,0.006784,0.0035856,-0.020503,-0.0087364,0.0084009,-0.014279,-0.0035036,-0.0019818,0.0022973,-0.0090825,-0.018074,-0.10289,-0.0083306,0.019594,0.065227,0.076722,0.034863,0.00087901,0.074318,-0.001073,-0.00062089,-0.0011257,-0.00083962,-0.031628,0.0035731,-0.020517,-0.0034582,0.01015,1,-0.1546,-0.0024512,-0.0061656,-0.0034047,-0.0023962,-0.0027948,-0.0027655,0.004616,-0.09287,-0.00017714,-2.8565e-05,nan
omega_b12,0.0061806,-0.028935,-0.024099,-0.041085,-0.011597,0.051253,-0.0047953,0.0064341,0.0051807,0.00086941,-0.00054525,-0.00073238,-0.04121,0.081339,0.00042323,-0.012522,-0.060127,-0.043328,0.0075774,-0.0008932,-0.041149,0.00084611,0.00050626,0.00087815,-0.0054926,0.028839,-0.0021374,0.044091,0.029423,0.026339,-0.1546,1,0.0022788,0.0099148,-0.0084844,-0.010566,0.0055864,-0.00033684,-0.013149,-0.033353,0.0013773,0.0051218,nan
omega_b03,-0.0015632,-0.033168,-0.036714,0.0090072,-0.0049426,0.011435,-0.016135,0.026499,-0.0017881,0.0011011,-0.00045396,-0.00063753,-0.0051545,-0.016547,-0.00050763,0.0023844,0.010486,0.0088871,-0.0025249,0.00015971,0.0088385,-0.00016397,-0.00010046,-0.00017245,-0.0022014,-0.004333,0.00044852,0.023974,0.031513,-0.028245,-0.0024512,0.0022788,1,0.024562,-0.0024319,0.0052808,-0.0025072,0.00036275,-0.0012544,-0.00010727,-0.090798,0.002064,nan
omega_b13,0.0018157,0.01475,0.031545,-0.014207,0.0072456,-0.0053559,-0.017321,0.025904,-0.0015491,0.0032978,-0.0060589,-0.0090803,0.017751,0.14265,0.016663,-0.036865,-0.081027,-0.10295,-0.11672,-0.0010258,-0.12431,0.0015381,0.00086164,0.0016184,0.0045075,0.055483,-0.0089113,-0.00031309,-0.029175,0.023242,-0.0061656,0.0099148,0.024562,1,0.00091442,0.0023613,-0.0050156,0.007585,0.0038322,0.0019112,-0.093673,0.0003677,nan
omega_b05,-0.0067224,-0.013038,-0.023909,0.0033907,-0.0020654,0.00070661,-0.003389,0.00012006,0.046525,-0.021313,-0.0045049,0.0041291,0.0028936,0.0045436,0.0001146,-0.0020032,-0.0058114,-0.002867,-0.004007,-9.7155e-05,-0.0042038,7.1058e-05,3.9212e-05,7.1361e-05,0.00015602,0.0070128,-0.00019359,0.0030281,0.021434,-0.0014429,-0.0034047,-0.0084844,-0.0024319,0.00091442,1,-0.033357,-0.0013542,-0.0040941,-0.0034809,0.0018484,0.0053773,-0.12898,nan
omega_b15,0.00044374,-0.020585,-0.015209,0.0059056,-0.00020118,0.002189,-0.0024833,-0.0044444,-0.018695,0.046665,0.0035694,-0.0036789,0.0048915,-0.011273,0.015346,-0.0025084,0.017505,0.011606,0.0022252,0.00025054,0.0083586,-0.00014481,-8.5809e-05,-0.0001478,-0.0019856,-0.0056168,0.001685,0.020135,0.0074738,-0.030653,-0.0023962,-0.010566,0.0052808,0.0023613,-0.033357,1,-0.001964,-0.018233,-0.0001269,0.002069,-0.0039541,-0.07905,nan
omega_b07,0.0027188,0.012218,0.012668,0.0062324,0.0035263,-0.0080635,0.0020667,-0.0032039,-0.0022188,-0.0006267,0.093266,-0.086019,-0.0025764,-0.0040625,0.0012557,0.0015344,0.0056833,0.0011368,0.00089976,0.00010195,0.0010517,-4.5492e-05,-2.3164e-05,-4.5713e-05,0.0030827,-9.9165e-05,0.0042076,-0.017703,-0.012595,3.1325e-05,-0.0027948,0.0055864,-0.0025072,-0.0050156,-0.0013542,-0.001964,1,-0.00068928,0.0026903,0.0011492,0.0042612,0.0030049,nan
omega_b17,-0.0096268,0.015426,0.017144,0.025605,0.0041305,0.009836,-0.00016747,0.002191,-0.002895,-0.0036195,-0.048917,0.090168,0.0039046,-0.01895,0.0061014,0.0010096,0.029355,0.018791,0.0079536,0.00039779,0.021478,-0.00028969,-0.00015604,-0.00029564,-0.00050469,-0.011074,-0.0050881,-0.015267,-0.032386,-0.017171,-0.0027655,-0.00033684,0.00036275,0.007585,-0.0040941,-0.018233,-0.00068928,1,-0.0029268,0.0048053,-0.00048469,-0.002365,nan
b_1,0.029007,0.081813,0.11973,-0.0067122,-0.011589,0.015208,0.0052731,-0.0064766,0.00077115,-0.0067791,0.0080802,-0.0047093,0.023623,-0.049451,0.0091981,0.0091601,0.080035,0.041069,0.0054433,0.0012248,0.033509,-0.00070826,-0.00038234,-0.00070896,0.015967,-0.032027,-0.11728,-0.16327,-0.13443,0.021706,0.004616,-0.013149,-0.0012544,0.0038322,-0.0034809,-0.0001269,0.0026903,-0.0029268,1,-0.0055405,-0.0045405,-0.005875,nan
a_2,-0.0027547,-0.0024855,-0.005953,0.0015267,0.011934,-0.024099,-0.0026911,0.0021462,-0.00037122,0.0015775,-0.0019749,0.0026239,0.0032446,0.02788,0.0036541,-0.0069924,-0.017028,-0.03041,-0.016784,-0.00017821,-0.025712,0.00029977,0.0001701,0.00031516,0.0014394,0.0096967,-0.0016061,0.0052772,0.0073826,-0.0022089,-0.09287,-0.033353,-0.00010727,0.0019112,0.0018484,0.002069,0.0011492,0.0048053,-0.0055405,1,-0.00096357,-6.799e-05,nan
a_3,0.00035613,-0.0049241,-0.0055113,-0.00073551,-0.0023817,0.0021373,0.010558,-0.01179,0.00059228,0.0015375,0.0024464,-0.0009659,-0.0093293,-0.027816,-0.0030283,0.0079935,0.017683,0.019292,0.031329,0.00023678,0.026749,-0.00031702,-0.00017174,-0.00033244,-0.00051767,-0.012421,0.002248,0.0025477,0.0033498,0.0054894,-0.00017714,0.0013773,-0.090798,-0.093673,0.0053773,-0.0039541,0.0042612,-0.00048469,-0.0045405,-0.00096357,1,-0.00046352,nan
b_5,-0.0006731,-0.015012,-0.011868,0.0081638,0.0013583,-0.00022297,0.0052609,-0.0033974,-0.014636,-0.00045501,0.0033591,-0.0071093,0.00016445,-0.0028046,-0.0022898,0.0018461,0.0064452,0.0018017,0.00035322,0.00011157,0.0016107,-5.5693e-05,-2.5699e-05,-5.2748e-05,0.0066715,-0.0054343,-0.0018516,0.018822,0.010384,-0.018226,-2.8565e-05,0.0051218,0.002064,0.0003677,-0.12898,-0.07905,0.0030049,-0.002365,-0.005875,-6.799e-05,-0.00046352,1,nan
b_7,nan,nan,nan,nan,nan,nan,nan,nan,nan,nan,nan,nan,nan,nan,nan,nan,nan,nan,nan,nan,nan,nan,nan,nan,nan,nan,nan,nan,nan,nan,nan,nan,nan,nan,nan,nan,nan,nan,nan,nan,nan,nan,nan
