b01_pop,1,-0.10213,0.084705,-0.049438,0.0014077,-0.0022906,-0.00034146,0.0039646,-0.0005021,-0.0028791,0.0014368,-0.0084415,0.0089389,-0.012364,0.00095372,0.0064803,-0.014933,0.00067386,-0.010806,-1.7663e-05,-0.0031104,0.00057123,-5.1895e-07,-0.00018121,-6.8093e-06,nan,0.17797,0.094875,-0.032138,-0.00047433,0.00034786,0.0003937,-0.001847,0.0030539,-0.0014045,-0.00012098,0.00097534,-0.0097004,-0.036296,0.00085759,0.0002596,0.0014314,nan
b11_pop,-0.10213,1,0.67347,-0.29299,0.0042665,-0.0057705,0.0030345,0.0013028,-0.0040242,-0.0090867,0.0064691,-0.039515,-0.061806,0.016259,0.048987,-0.020861,0.059386,-0.015154,0.04806,-7.6273e-05,0.044139,0.081758,-8.3681e-06,0.020588,2.8386e-06,nan,-0.036172,-0.65926,-0.51908,0.41188,-0.016877,-0.0053338,0.00040341,0.0028199,-0.016648,-0.0026033,0.0055578,-0.0043811,0.080704,0.0089391,-0.0035004,0.014259,nan
b21_pop,0.084705,0.67347,1,-0.26639,0.0097235,-0.012704,0.0049681,0.016455,-0.0069975,-0.01325,0.0074469,-0.049432,-0.017882,0.006734,0.012091,-0.0087817,0.013504,-0.0016294,0.01619,-6.3821e-05,0.023359,0.044102,-2.7488e-05,-0.0022859,1.1909e-05,nan,0.053539,-0.51387,-0.70397,0.33489,-0.0205,-0.0074054,-0.00067359,0.011803,-0.02205,-0.007511,0.0088687,-0.010689,0.097856,0.01192,-0.0038128,0.019981,nan
a1_pop,-0.049438,-0.29299,-0.26639,1,0.002256,0.0043703,0.00311,-0.014747,-0.00083133,0.0064694,-0.015687,0.062871,-5.5037e-06,0.031831,-0.0010868,-0.0030283,0.012899,0.0082103,0.00033908,0.00010756,-0.018748,-0.049193,1.7875e-05,-0.0042368,9.7588e-06,nan,-0.022932,-0.069255,0.11422,-0.82524,-0.0023871,0.016426,-0.0078313,0.0047884,0.01827,-0.0023896,-0.0055131,0.0437,-0.12565,-0.013264,0.003645,-0.010938,nan
b02_pop,0.0014077,0.0042665,0.0097235,0.002256,1,-0.23948,-7.7886e-06,-0.00028942,0.0013375,-0.001782,0.00061151,-0.0030663,0.0016384,0.037862,-0.0010242,-0.0010904,0.010689,0.0098484,0.0036297,3.6512e-05,-0.004597,-0.0085831,-1.6771e-06,-0.001175,1.1673e-05,nan,-0.0013089,-0.0059618,-0.010356,0.0025315,-0.010934,0.016582,0.0010307,-0.00069637,0.0005723,-0.00080174,0.0020489,-0.0026139,0.0015756,-0.0017583,-0.00031602,0.0025427,nan
b12_pop,-0.0022906,-0.0057705,-0.012704,0.0043703,-0.23948,1,0.0014129,0.0055189,-0.0013671,0.0031331,-0.0017923,0.0076354,0.099946,-0.059454,-0.0056933,0.02368,-0.07751,0.068785,-0.065851,-7.5302e-05,-0.033901,0.028632,-7.0802e-05,-0.013687,1.957e-05,nan,0.00057283,0.010766,0.015014,-0.017585,-0.008263,-0.024225,0.0016978,0.0070406,0.0018979,0.0019952,-0.0045522,0.009996,-0.0036684,0.0048817,-0.0024203,-0.0030081,nan
b03_pop,-0.00034146,0.0030345,0.0049681,0.00311,-7.7886e-06,0.0014129,1,-0.16084,-0.00066081,0.0011777,-0.00010332,0.0025194,0.014653,-0.041431,-0.0062095,0.02196,-0.023808,-0.00074333,-0.013613,-4.3379e-05,-0.00071618,0.0080624,-6.3533e-06,-0.0003687,-9.2705e-06,nan,-0.00020684,-0.0017395,-0.0025212,-0.0065478,0.00042201,0.0029471,-0.0036693,-0.0060402,-0.00073293,-0.00093097,-0.00059642,0.0034588,-0.0009099,-0.0012191,0.00031607,-0.00071206,nan
b13_pop,0.0039646,0.0013028,0.016455,-0.014747,-0.00028942,0.0055189,-0.16084,1,-0.00084142,-0.0015399,0.0012754,-0.0057898,-0.10243,0.11103,0.072996,-0.061748,0.091454,-0.0071985,0.067445,0.00014153,0.014489,-0.014416,4.9651e-05,0.024461,6.4619e-06,nan,0.0017143,-0.0094863,-0.013422,0.019966,-0.0036965,-0.0054551,0.004511,0.014945,-0.00043437,-0.00030331,-0.00030536,-0.0035276,0.0045266,0.0013637,-0.00066579,0.00035447,nan
b05_pop,-0.0005021,-0.0040242,-0.0069975,-0.00083133,0.0013375,-0.0013671,-0.00066081,-0.00084142,1,-0.15742,-0.00055857,0.0011117,-0.00048465,-0.00061264,-0.00031447,6.4746e-05,0.00047845,-0.00096972,0.00060427,-9.482e-07,0.00077746,0.00018035,3.7099e-07,5.2833e-05,-3.0294e-07,nan,-0.0017452,0.0018158,0.0031229,0.00090886,-0.00069094,-0.00177,0.0010022,7.023e-06,0.060486,-0.030643,-0.00066372,-0.0012973,0.0011824,0.00025905,0.00032872,-0.01461,nan
b15_pop,-0.0028791,-0.0090867,-0.01325,0.0064694,-0.001782,0.0031331,0.0011777,-0.0015399,-0.15742,1,-0.0012594,0.0031369,0.001903,0.0011796,-0.00018384,-4.0718e-07,-0.0013293,0.0021062,-0.0017913,3.9211e-06,-0.0015145,-0.0017693,-5.8313e-07,9.4335e-05,8.4012e-07,nan,0.00045849,0.010037,0.013301,-0.0090751,-9.1548e-06,0.0088694,0.00047067,-0.00045155,-0.022395,0.085179,-0.00094609,0.0078177,-0.0053455,-8.5515e-06,-0.00068817,-0.018779,nan
b07_pop,0.0014368,0.0064691,0.0074469,-0.015687,0.00061151,-0.0017923,-0.00010332,0.0012754,-0.00055857,-0.0012594,1,-0.16428,-0.0071061,-0.0042833,0.0017084,-0.0015007,0.0043876,-0.0029068,0.0051899,1.6032e-06,0.0080438,2.9978e-05,-2.1823e-06,0.0010677,2.8945e-06,nan,0.00017639,0.0010111,-0.0060697,0.015102,0.00073634,-0.0020694,0.0011526,-0.0014192,-0.0022902,-0.0049037,0.12157,-0.044386,0.0023479,0.00047385,0.00031448,-0.00027553,nan
b17_pop,-0.0084415,-0.039515,-0.049432,0.062871,-0.0030663,0.0076354,0.0025194,-0.0057898,0.0011117,0.0031369,-0.16428,1,-0.01986,0.0032715,0.0014757,-0.0044722,0.013556,-0.014722,0.015949,6.2198e-06,0.028454,-0.0051645,-2.6617e-06,0.0030033,7.2461e-06,nan,-0.0034225,0.016693,0.047961,-0.067921,-0.001072,0.01041,-0.0046463,-0.0033496,0.0053425,0.0097841,-0.068554,0.27661,-0.010367,-0.0029049,-0.0010157,-0.00024523,nan
p1_pop,0.0089389,-0.061806,-0.017882,-5.5037e-06,0.0016384,0.099946,0.014653,-0.10243,-0.00048465,0.001903,-0.0071061,-0.01986,1,-0.18637,-0.10688,0.22373,-0.76173,0.51593,-0.87229,-0.00070035,-0.42387,0.19852,-0.0004509,-0.13207,3.5219e-05,nan,0.011607,0.026024,0.020787,-0.064876,0.028768,-0.026333,0.023658,-0.028461,0.0017796,-0.0028706,-0.0045534,-0.0019636,-0.024379,-0.009126,-0.020723,-0.0019645,nan
g1_pop,-0.012364,0.016259,0.006734,0.031831,0.037862,-0.059454,-0.041431,0.11103,-0.00061264,0.0011796,-0.0042833,0.0032715,-0.18637,1,-0.046768,-0.012193,0.40532,0.38633,0.058731,0.0014058,-0.32162,-0.26523,8.297e-06,-0.047571,0.00038682,nan,-0.010092,0.0013116,0.0061433,-0.0088369,0.0088693,0.035474,-0.014927,0.084248,-0.00043496,0.0025019,-0.0049424,0.0074814,0.019054,-0.011356,-0.006684,0.00034692,nan
p2_pop,0.00095372,0.048987,0.012091,-0.0010868,-0.0010242,-0.0056933,-0.0062095,0.072996,-0.00031447,-0.00018384,0.0017084,0.0014757,-0.10688,-0.046768,1,-0.16573,0.081296,-0.11117,0.090149,-0.00010838,0.12112,0.081647,0.00034554,0.18808,-0.00036527,nan,0.0016818,-0.0024267,-0.019145,0.026303,-0.0083388,-0.00085283,-0.0042196,0.014593,-0.00068565,0.0011232,0.00064569,-0.0016717,-0.010305,0.0030751,0.0037557,8.4408e-05,nan
g2_pop,0.0064803,-0.020861,-0.0087817,-0.0030283,-0.0010904,0.02368,0.02196,-0.061748,6.4746e-05,-4.0718e-07,-0.0015007,-0.0044722,0.22373,-0.012193,-0.16573,1,-0.1889,0.22148,-0.16812,-0.00055506,-0.14236,0.16177,-0.00061693,-0.64633,0.00040352,nan,0.0048824,-0.022006,0.0018848,-0.013402,0.015511,-0.0023822,0.0078886,0.0017754,0.00081992,-0.0010206,-0.00074862,0.0014815,-0.0059259,-0.0055822,0.0029041,-0.00064307,nan
alpha11_pop,-0.014933,0.059386,0.013504,0.012899,0.010689,-0.07751,-0.023808,0.091454,0.00047845,-0.0013293,0.0043876,0.013556,-0.76173,0.40532,0.081296,-0.1889,1,-0.20462,0.64013,0.0015447,0.22151,-0.31676,0.00029236,0.071934,0.00030099,nan,-0.014461,-0.052333,-0.0067556,0.074253,-0.025533,0.03208,-0.021819,0.042296,-0.0011004,0.0044229,-0.00013255,0.0050025,0.055887,0.00329,0.0099025,0.0022399,nan
alpha12_pop,0.00067386,-0.015154,-0.0016294,0.0082103,0.0098484,0.068785,-0.00074333,-0.0071985,-0.00096972,0.0021062,-0.0029068,-0.014722,0.51593,0.38633,-0.11117,0.22148,-0.20462,1,-0.34248,0.0008003,-0.475,-0.019625,-0.00075305,-0.20876,0.00069956,nan,0.0056053,-0.0086878,0.013903,-0.018779,0.054344,0.0089154,0.010164,0.014276,0.0013577,1.9902e-05,-0.0036378,0.0042865,0.0037199,-0.025012,-0.010684,-0.00095599,nan
alpha13_pop,-0.010806,0.04806,0.01619,0.00033908,0.0036297,-0.065851,-0.013613,0.067445,0.00060427,-0.0017913,0.0051899,0.015949,-0.87229,0.058731,0.090149,-0.16812,0.64013,-0.34248,1,0.00060743,0.35559,-0.17179,0.00027757,0.06808,4.296e-05,nan,-0.013854,-0.021503,-0.017277,0.051963,-0.023857,0.019842,-0.032035,-0.0017962,-0.0010374,0.0018305,0.0037525,0.0027754,0.025115,0.0075124,0.032158,0.0019108,nan
alpha15_pop,-1.7663e-05,-7.6273e-05,-6.3821e-05,0.00010756,3.6512e-05,-7.5302e-05,-4.3379e-05,0.00014153,-9.482e-07,3.9211e-06,1.6032e-06,6.2198e-06,-0.00070035,0.0014058,-0.00010838,-0.00055506,0.0015447,0.0008003,0.00060743,1,-0.00055957,-0.0021003,-0.064624,0.00031459,0.2832,nan,-5.1825e-06,6.7103e-05,0.00015736,4.8888e-06,2.2006e-05,7.1969e-05,-3.3847e-05,9.2378e-05,5.3675e-07,8.0418e-06,-9.682e-06,2.051e-05,8.448e-05,-2.611e-05,-2.3921e-06,4.7141e-07,nan
alpha17_pop,-0.0031104,0.044139,0.023359,-0.018748,-0.004597,-0.033901,-0.00071618,0.014489,0.00077746,-0.0015145,0.0080438,0.028454,-0.42387,-0.32162,0.12112,-0.14236,0.22151,-0.475,0.35559,-0.00055957,1,0.13866,-0.00022332,0.16291,0.00012002,nan,-0.0069565,-0.023117,-0.034324,0.039897,-0.029369,-0.00024208,-0.0071805,-0.013219,-0.0010472,0.0010299,0.0075357,-0.009259,0.0053443,0.012295,0.0091413,0.0015488,nan
alpha21_pop,0.00057123,0.081758,0.044102,-0.049193,-0.0085831,0.028632,0.0080624,-0.014416,0.00018035,-0.0017693,2.9978e-05,-0.0051645,0.19852,-0.26523,0.081647,0.16177,-0.31676,-0.019625,-0.17179,-0.0021003,0.13866,1,-0.00035511,-0.0062716,-0.00018876,nan,-0.0031624,-0.079919,-0.086489,0.040794,0.0018988,-0.013923,0.011929,-0.015117,-0.00039878,-0.0014345,0.0029496,-0.0060866,-0.0076576,0.0024673,-0.0048104,0.0006711,nan
alpha22_pop,-5.1895e-07,-8.3681e-06,-2.7488e-05,1.7875e-05,-1.6771e-06,-7.0802e-05,-6.3533e-06,4.9651e-05,3.7099e-07,-5.8313e-07,-2.1823e-06,-2.6617e-06,-0.0004509,8.297e-06,0.00034554,-0.00061693,0.00029236,-0.00075305,0.00027757,-0.064624,-0.00022332,-0.00035511,1,0.00082288,-0.53871,nan,-1.8946e-06,4.9178e-05,3.4676e-05,2.4896e-07,-4.1838e-05,7.8818e-08,-1.6592e-05,-1.572e-06,-1.0459e-06,7.5138e-07,-2.2914e-06,3.2348e-06,-2.9948e-06,1.7944e-05,-9.0832e-07,-2.2645e-07,nan
alpha23_pop,-0.00018121,0.020588,-0.0022859,-0.0042368,-0.001175,-0.013687,-0.0003687,0.024461,5.2833e-05,9.4335e-05,0.0010677,0.0030033,-0.13207,-0.047571,0.18808,-0.64633,0.071934,-0.20876,0.06808,0.00031459,0.16291,-0.0062716,0.00082288,1,-0.00065094,nan,-0.00090382,0.010759,0.0031272,0.014715,-0.01264,-0.0014615,-0.0058666,-0.019146,-0.00054455,0.00065933,0.0012007,-0.0032989,-0.00028517,0.0053036,-0.012062,0.00017675,nan
alpha25_pop,-6.8093e-06,2.8386e-06,1.1909e-05,9.7588e-06,1.1673e-05,1.957e-05,-9.2705e-06,6.4619e-06,-3.0294e-07,8.4012e-07,2.8945e-06,7.2461e-06,3.5219e-05,0.00038682,-0.00036527,0.00040352,0.00030099,0.00069956,4.296e-05,0.2832,0.00012002,-0.00018876,-0.53871,-0.00065094,1,nan,-3.474e-06,-3.9387e-05,1.4991e-06,1.5844e-05,3.1472e-05,2.2458e-05,1.9003e-06,3.2181e-05,7.0768e-07,1.9281e-06,-1.056e-07,2.8075e-06,3.2155e-05,-1.853e-05,2.8262e-06,7.8951e-07,nan
alpha27_pop,nan,nan,nan,nan,nan,nan,nan,nan,nan,nan,nan,nan,nan,nan,nan,nan,nan,nan,nan,nan,nan,nan,nan,nan,nan,nan,nan,nan,nan,nan,nan,nan,nan,nan,nan,nan,nan,nan,nan,nan,nan,nan,nan
omega_b01,0.17797,-0.036172,0.053539,-0.022932,-0.0013089,0.00057283,-0.00020684,0.0017143,-0.0017452,0.00045849,0.00017639,-0.0034225,0.011607,-0.010092,0.0016818,0.0048824,-0.014461,0.0056053,-0.013854,-5.1825e-06,-0.0069565,-0.0031624,-1.8946e-06,-0.00090382,-3.474e-06,nan,1,0.032885,-0.017614,-0.021295,-0.0017752,0.0013161,-0.0018804,0.0032476,-0.0013198,-0.00192,-0.0004179,-0.00079103,-0.09307,0.001046,0.00031835,0.0019843,nan
omega_b11,0.094875,-0.65926,-0.51387,-0.069255,-0.0059618,0.010766,-0.0017395,-0.0094863,0.0018158,0.010037,0.0010111,0.016693,0.026024,0.0013116,-0.0024267,-0.022006,-0.052333,-0.0086878,-0.021503,6.7103e-05,-0.023117,-0.079919,4.9178e-05,0.010759,-3.9387e-05,nan,0.032885,1,0.50282,-0.17079,0.016875,-0.0024656,-0.001293,-0.0063489,0.0071701,0.0077822,-0.0029015,-0.014294,-0.045688,-0.0044001,0.0043641,-0.011018,nan
omega_b21,-0.032138,-0.51908,-0.70397,0.11422,-0.010356,0.015014,-0.0025212,-0.013422,0.0031229,0.013301,-0.0060697,0.047961,0.020787,0.0061433,-0.019145,0.0018848,-0.0067556,0.013903,-0.017277,0.00015736,-0.034324,-0.086489,3.4676e-05,0.0031272,1.4991e-06,nan,-0.017614,0.50282,1,-0.27426,0.028976,0.0050351,-0.0030427,-0.014496,0.017774,0.0068023,-0.010673,0.030429,-0.07359,-0.013549,0.0086993,-0.01385,nan
omega_a1,-0.00047433,0.41188,0.33489,-0.82524,0.0025315,-0.017585,-0.0065478,0.019966,0.00090886,-0.0090751,0.015102,-0.067921,-0.064876,-0.0088369,0.026303,-0.013402,0.074253,-0.018779,0.051963,4.8888e-06,0.039897,0.040794,2.4896e-07,0.014715,1.5844e-05,nan,-0.021295,-0.17079,-0.27426,1,-0.005569,-0.011,0.008702,-0.001391,-0.016922,0.0019134,0.0062331,-0.042657,0.098717,0.014927,-0.0064263,0.011742,nan
omega_b02,0.00034786,-0.016877,-0.0205,-0.0023871,-0.010934,-0.008263,0.00042201,-0.0036965,-0.00069094,-9.1548e-06,0.00073634,-0.001072,0.028768,0.0088693,-0.0083388,0.015511,-0.025533,0.054344,-0.023857,2.2006e-05,-0.029369,0.0018988,-4.1838e-05,-0.01264,3.1472e-05,nan,-0.0017752,0.016875,0.028976,-0.005569,1,0.021417,-0.00064418,0.00065829,0.0013971,-0.0014968,0.0028159,-0.0020341,0.00035389,-0.11186,0.0014378,-0.0024251,nan
omega_b12,0.0003937,-0.0053338,-0.0074054,0.016426,0.016582,-0.024225,0.0029471,-0.0054551,-0.00177,0.0088694,-0.0020694,0.01041,-0.026333,0.035474,-0.00085283,-0.0023822,0.03208,0.0089154,0.019842,7.1969e-05,-0.00024208,-0.013923,7.8818e-08,-0.0014615,2.2458e-05,nan,0.0013161,-0.0024656,0.0050351,-0.011,0.021417,1,0.00049016,-0.0019933,-0.0006787,0.0013547,-1.2188e-05,-0.0068896,-0.0020258,-0.075523,0.0015871,-0.0008823,nan
omega_b03,-0.001847,0.00040341,-0.00067359,-0.0078313,0.0010307,0.0016978,-0.0036693,0.004511,0.0010022,0.00047067,0.0011526,-0.0046463,0.023658,-0.014927,-0.0042196,0.0078886,-0.021819,0.010164,-0.032035,-3.3847e-05,-0.0071805,0.011929,-1.6592e-05,-0.0058666,1.9003e-06,nan,-0.0018804,-0.001293,-0.0030427,0.008702,-0.00064418,0.00049016,1,-0.030738,-0.0012413,0.0021788,0.0031183,-0.009858,0.00087499,-0.00053043,-0.10282,0.0010917,nan
omega_b13,0.0030539,0.0028199,0.011803,0.0047884,-0.00069637,0.0070406,-0.0060402,0.014945,7.023e-06,-0.00045155,-0.0014192,-0.0033496,-0.028461,0.084248,0.014593,0.0017754,0.042296,0.014276,-0.0017962,9.2378e-05,-0.013219,-0.015117,-1.572e-06,-0.019146,3.2181e-05,nan,0.0032476,-0.0063489,-0.014496,-0.001391,0.00065829,-0.0019933,-0.030738,1,-0.00095548,0.00057594,-0.0018021,-0.0061904,0.0016271,-0.00037937,-0.03355,-0.00059572,nan
omega_b05,-0.0014045,-0.016648,-0.02205,0.01827,0.0005723,0.0018979,-0.00073293,-0.00043437,0.060486,-0.022395,-0.0022902,0.0053425,0.0017796,-0.00043496,-0.00068565,0.00081992,-0.0011004,0.0013577,-0.0010374,5.3675e-07,-0.0010472,-0.00039878,-1.0459e-06,-0.00054455,7.0768e-07,nan,-0.0013198,0.0071701,0.017774,-0.016922,0.0013971,-0.0006787,-0.0012413,-0.00095548,1,-0.030622,-0.00031816,-0.00090765,-0.0030054,-0.00036793,0.00025672,-0.11119,nan
omega_b15,-0.00012098,-0.0026033,-0.007511,-0.0023896,-0.00080174,0.0019952,-0.00093097,-0.00030331,-0.030643,0.085179,-0.0049037,0.0097841,-0.0028706,0.0025019,0.0011232,-0.0010206,0.0044229,1.9902e-05,0.0018305,8.0418e-06,0.0010299,-0.0014345,7.5138e-07,0.00065933,1.9281e-06,nan,-0.00192,0.0077822,0.0068023,0.0019134,-0.0014968,0.0013547,0.0021788,0.00057594,-0.030622,1,-0.0027091,0.0062095,-0.00041441,0.00092011,-0.0022711,-0.10028,nan
omega_b07,0.00097534,0.0055578,0.0088687,-0.0055131,0.0020489,-0.0045522,-0.00059642,-0.00030536,-0.00066372,-0.00094609,0.12157,-0.068554,-0.0045534,-0.0049424,0.00064569,-0.00074862,-0.00013255,-0.0036378,0.0037525,-9.682e-06,0.0075357,0.0029496,-2.2914e-06,0.0012007,-1.056e-07,nan,-0.0004179,-0.0029015,-0.010673,0.0062331,0.0028159,-1.2188e-05,0.0031183,-0.0018021,-0.00031816,-0.0027091,1,-0.052403,0.0020621,-7.9203e-05,5.966e-05,0.0013053,nan
omega_b17,-0.0097004,-0.0043811,-0.010689,0.0437,-0.0026139,0.009996,0.0034588,-0.0035276,-0.0012973,0.0078177,-0.044386,0.27661,-0.0019636,0.0074814,-0.0016717,0.0014815,0.0050025,0.0042865,0.0027754,2.051e-05,-0.009259,-0.0060866,3.2348e-06,-0.0032989,2.8075e-06,nan,-0.00079103,-0.014294,0.030429,-0.042657,-0.0020341,-0.0068896,-0.009858,-0.0061904,-0.00090765,0.0062095,-0.052403,1,-0.0072016,0.00063748,0.00010488,-0.00085404,nan
b_1,-0.036296,0.080704,0.097856,-0.12565,0.0015756,-0.0036684,-0.0009099,0.0045266,0.0011824,-0.0053455,0.0023479,-0.010367,-0.024379,0.019054,-0.010305,-0.0059259,0.055887,0.0037199,0.025115,8.448e-05,0.0053443,-0.0076576,-2.9948e-06,-0.00028517,3.2155e-05,nan,-0.09307,-0.045688,-0.07359,0.098717,0.00035389,-0.0020258,0.00087499,0.0016271,-0.0030054,-0.00041441,0.0020621,-0.0072016,1,0.0021415,-0.00050748,0.001552,nan
a_2,0.00085759,0.0089391,0.01192,-0.013264,-0.0017583,0.0048817,-0.0012191,0.0013637,0.00025905,-8.5515e-06,0.00047385,-0.0029049,-0.009126,-0.011356,0.0030751,-0.0055822,0.00329,-0.025012,0.0075124,-2.611e-05,0.012295,0.0024673,1.7944e-05,0.0053036,-1.853e-05,nan,0.001046,-0.0044001,-0.013549,0.014927,-0.11186,-0.075523,-0.00053043,-0.00037937,-0.00036793,0.00092011,-7.9203e-05,0.00063748,0.0021415,1,-0.00086481,0.00012344,nan
a_3,0.0002596,-0.0035004,-0.0038128,0.003645,-0.00031602,-0.0024203,0.00031607,-0.00066579,0.00032872,-0.00068817,0.00031448,-0.0010157,-0.020723,-0.006684,0.0037557,0.0029041,0.0099025,-0.010684,0.032158,-2.3921e-06,0.0091413,-0.0048104,-9.0832e-07,-0.012062,2.8262e-06,nan,0.00031835,0.0043641,0.0086993,-0.0064263,0.0014378,0.0015871,-0.10282,-0.03355,0.00025672,-0.0022711,5.966e-05,0.00010488,-0.00050748,-0.00086481,1,0.00017929,nan
b_5,0.0014314,0.014259,0.019981,-0.010938,0.0025427,-0.0030081,-0.00071206,0.00035447,-0.01461,-0.018779,-0.00027553,-0.00024523,-0.0019645,0.00034692,8.4408e-05,-0.00064307,0.0022399,-0.00095599,0.0019108,4.7141e-07,0.0015488,0.0006711,-2.2645e-07,0.00017675,7.8951e-07,nan,0.0019843,-0.011018,-0.01385,0.011742,-0.0024251,-0.0008823,0.0010917,-0.00059572,-0.11119,-0.10028,0.0013053,-0.00085404,0.001552,0.00012344,0.00017929,1,nan
b_7,nan,nan,nan,nan,nan,nan,nan,nan,nan,nan,nan,nan,nan,nan,nan,nan,nan,nan,nan,nan,nan,nan,nan,nan,nan,nan,nan,nan,nan,nan,nan,nan,nan,nan,nan,nan,nan,nan,nan,nan,nan,nan,nan
