b01_pop,1,-0.10069,0.10672,-0.095361,-0.0019159,0.0040351,0.00072632,-0.0036528,0.00047801,0.0026256,-0.00012778,-2.2448e-05,-0.00043348,-0.00097184,-1.9815e-05,-0.0040907,0.003928,-0.0082004,-5.6983e-06,0.0085742,0.011151,0.00042403,0.0028604,-0.00011626,nan,-6.6815e-06,-0.015684,-0.013525,nan,-0.010128,0.015606,1.4466e-05,nan,0.0062823,0.18132,0.061889,-0.037474,0.041087,0.0030825,0.001399,-0.00037952,-0.00050463,0.0021496,-0.0019392,-0.0026797,-0.003457,0.00051236,0.0013744,0.00078779,-0.0032956,-0.0029555,-0.001252,0.001825,-0.00032271,0.0020576,-0.000469,-0.00085694
b11_pop,-0.10069,1,0.67534,0.15315,0.0060832,-0.011491,0.018791,-0.011253,-0.0022727,0.024038,-0.0057512,0.0022667,-0.0083721,0.0043529,0.0031584,0.0017494,-0.026014,0.014545,0.034981,-0.021746,-0.013536,-0.0079077,-0.0091532,0.00051828,nan,0.002497,0.039662,0.075856,nan,0.032821,-0.042998,0.0072303,nan,-0.012575,-0.051448,-0.60218,-0.48001,0.14219,0.012397,-0.010678,-0.0062513,-0.0071059,0.0015359,-0.011501,-0.0016667,-0.020002,-0.011775,0.017608,0.0040321,-0.0051239,0.0027512,0.003427,0.0029281,-0.00029429,0.0098281,0.0030157,0.0029192
b21_pop,0.10672,0.67534,1,0.20048,0.0033942,-0.0075028,0.023969,-0.012234,-0.0020082,0.035338,-0.0074468,0.0013569,-0.012561,0.0016008,0.0022966,-0.0061375,0.0011427,0.0079785,0.0059944,-0.012167,-0.020285,0.00024952,-0.0025669,5.1665e-05,nan,0.00043226,0.0021603,0.032551,nan,0.0046046,-0.0084118,0.00127,nan,0.0045043,0.028601,-0.55707,-0.71247,0.13664,0.015869,-0.0090995,-0.01189,-0.0070117,0.0034592,-0.010121,-0.0086612,-0.029874,-0.012311,0.019365,0.006405,-0.0058865,0.039251,0.0033727,0.0086337,-0.00067785,0.013129,0.0058121,-0.0034454
a1_pop,-0.095361,0.15315,0.20048,1,0.0013365,-0.0057007,0.00016016,0.0087901,-0.00080466,0.012921,-0.0093059,0.0096462,0.0016042,-0.0040624,-0.0030447,0.00041566,-0.031378,0.020282,0.025144,-0.00577,0.052841,-0.024314,0.0035997,0.00021991,nan,0.0017799,0.0092855,0.021265,nan,0.011347,-0.0075795,0.0051973,nan,-0.001342,-0.025868,-0.43564,-0.33419,-0.50501,-0.0016126,-0.014262,-0.0126,-0.0030378,-0.0017034,0.014265,-0.001841,-0.0059268,-0.0030121,-0.0052448,-0.0028036,0.02345,-0.11072,0.0045365,0.0067363,-0.00014689,-0.0054861,0.013787,-0.00061359
b02_pop,-0.0019159,0.0060832,0.0033942,0.0013365,1,-0.23151,-0.001711,0.0013528,-0.00035886,-0.0058029,-0.00045414,-0.00032365,-0.00082232,-3.4736e-05,0.0023591,0.0040687,0.044329,0.033291,0.0012336,-0.015405,-0.031301,0.049663,-0.032432,0.00024556,nan,8.1998e-05,0.028667,0.017423,nan,0.026722,-0.029578,0.00021558,nan,-0.01319,-0.0012101,-0.0021334,-0.0049032,-0.0026411,0.014336,-0.022282,0.00089354,-0.0032776,-0.0014331,0.00053493,-0.00046269,0.0019231,0.00051683,0.0011617,0.0011448,0.0028578,0.0010495,-0.00041549,-0.00093018,-0.00040842,0.0018367,0.00066943,0.0014402
b12_pop,0.0040351,-0.011491,-0.0075028,-0.0057007,-0.23151,1,-0.001244,0.01018,0.00085591,-0.0053693,0.001465,0.00073203,0.00067324,0.0039501,-0.00091056,0.0022444,0.07433,-0.055532,-0.0031489,-0.0020182,-0.033407,0.084285,-0.028982,-5.4255e-06,nan,-0.00021639,-0.0023017,-0.0015869,nan,0.0044394,-0.0048869,-0.00064879,nan,0.00011931,0.00060379,0.010789,0.007478,0.005392,-0.0059426,0.06526,0.00029481,0.0085625,0.00039026,-0.001686,-0.00082212,0.00030757,0.00021674,-0.0018181,-1.594e-05,-0.00013938,-0.0041793,-0.027597,-0.0013229,0.0019495,-0.00080818,-0.00053289,-0.0012578
b03_pop,0.00072632,0.018791,0.023969,0.00016016,-0.001711,-0.001244,1,-0.16992,-0.00029995,0.0062828,-0.00064754,0.0014558,0.00086237,-0.0010543,-0.0016704,-0.0045529,-0.018966,-0.027015,-0.0039054,0.031928,0.019695,-0.015045,0.02959,-0.00026867,nan,-0.00027542,-0.029108,-0.015598,nan,-0.031616,0.026733,-0.00076476,nan,0.012216,-0.00068877,-0.01353,-0.022242,0.0093632,-0.00072626,-0.0015752,-0.017588,0.0025516,2.3474e-05,0.00036293,-0.00051294,-0.0001982,0.0015242,-9.92e-05,-8.8219e-05,0.00090519,0.0031293,0.0013285,0.0082047,-0.0013938,0.00075634,-0.0014134,-0.001392
b13_pop,-0.0036528,-0.011253,-0.012234,0.0087901,0.0013528,0.01018,-0.16992,1,0.00064821,-0.012749,0.0010365,-0.0021422,-0.0015797,0.00079517,0.0035478,0.0094006,-0.054414,0.049411,0.057223,-0.065202,-0.021276,0.00030567,0.009423,0.00076739,nan,0.0040237,0.062245,0.039516,nan,0.070051,-0.054439,0.011701,nan,-0.024195,-0.0020278,-0.0015067,0.0082012,-0.015831,-0.0039042,-0.00030452,0.012381,0.015082,-0.00010166,3.5939e-05,-0.0004752,0.00056279,-0.0020796,0.0022393,-0.0010045,0.00035102,-0.0023352,-0.00010803,-0.0056053,0.00027697,-0.00088189,0.0020794,0.0038628
b04_pop,0.00047801,-0.0022727,-0.0020082,-0.00080466,-0.00035886,0.00085591,-0.00029995,0.00064821,1,-0.10315,-0.00027244,0.0011715,0.00010924,-0.00039329,0.00034722,1.5647e-05,-0.000294,-0.00094149,-0.00041291,-0.0026745,-0.0027928,0.00011176,-0.0015369,2.2961e-05,nan,-2.7127e-05,0.0031871,0.002126,nan,0.0021887,-0.0030363,-8.8843e-05,nan,-0.0013782,0.00068854,0.0031279,-0.0001507,-0.00092038,0.00053861,0.00013738,-0.00038636,0.00011055,-0.0023405,0.0074147,-0.00027436,0.00055727,-0.0010095,-0.00067376,0.00026067,-0.00050326,-0.00064976,-0.00026442,-8.6486e-05,-0.0036835,-0.00023156,0.0009743,0.00032052
b14_pop,0.0026256,0.024038,0.035338,0.012921,-0.0058029,-0.0053693,0.0062828,-0.012749,-0.10315,1,-0.00051924,0.0031384,0.0018599,-0.0027601,-0.012304,-0.027055,0.017233,0.055861,-0.025368,0.075127,0.13701,-0.0475,0.07369,-0.0016394,nan,-0.0018999,-0.20044,-0.15504,nan,-0.13746,0.21922,-0.0049843,nan,0.086476,-0.0025269,-0.038998,-0.027321,0.013576,0.0038032,0.003983,-0.00094814,0.0045341,0.011697,-0.033968,0.00032099,-0.0048394,-0.00029258,0.0025832,-0.00013201,0.0074465,0.014164,0.00041496,0.0043083,0.015006,0.0011702,-0.0001768,-0.013923
b05_pop,-0.00012778,-0.0057512,-0.0074468,-0.0093059,-0.00045414,0.001465,-0.00064754,0.0010365,-0.00027244,-0.00051924,1,-0.1574,0.00042181,0.00030935,0.0015208,0.0008256,0.00036107,-0.0015246,0.00029949,-0.0010855,-0.0026401,0.0012674,-0.0012552,2.4639e-05,nan,2.228e-05,0.0027857,0.0011141,nan,0.001867,-0.0023125,5.7784e-05,nan,-0.0012784,0.0017651,0.0067845,0.0070136,0.0060234,0.001092,-0.00027908,-0.0012525,-0.0024211,-0.00027282,-0.0016405,0.055346,-0.017048,0.00014468,-0.003777,0.002963,-0.0022595,-0.00017013,0.00038007,0.0010245,0.00040806,-0.016888,0.0006026,5.3332e-05
b15_pop,-2.2448e-05,0.0022667,0.0013569,0.0096462,-0.00032365,0.00073203,0.0014558,-0.0021422,0.0011715,0.0031384,-0.1574,1,0.00094126,-0.0024353,-0.002386,-0.0021777,0.00021551,0.00472,-0.0013708,0.0038845,0.0096794,-0.002566,0.0045841,-9.7761e-05,nan,-0.00010344,-0.011189,-0.0087597,nan,-0.0075524,0.010612,-0.00027145,nan,0.0052377,-0.00039628,-0.0048671,0.0069369,-0.012006,-0.00019327,0.0016483,0.0010002,0.0048989,0.00065819,0.00082811,-0.017376,0.024758,-0.00086485,0.0012402,-0.0028885,0.0029971,-0.00018811,-0.0017956,-0.00082223,0.0021313,0.0024237,-0.00013631,0.00054561
b06_pop,-0.00043348,-0.0083721,-0.012561,0.0016042,-0.00082232,0.00067324,0.00086237,-0.0015797,0.00010924,0.0018599,0.00042181,0.00094126,1,-0.17107,-0.000562,-3.5803e-06,0.00081319,0.00038746,-4.3736e-05,0.0008237,0.001577,0.0008419,8.8222e-06,-9.2075e-06,nan,-4.1395e-06,-0.0013104,-0.0018246,nan,-0.0012279,0.0016561,-8.0033e-06,nan,0.00076423,0.0022279,0.0033795,0.010199,-0.0022531,-0.00060058,0.0019094,0.00058438,-0.0024986,-0.00035503,0.0021234,0.00035267,-0.00059661,0.061703,-0.02478,0.00054197,-0.0023677,-0.0023267,-0.00011848,-3.3234e-05,0.00062983,0.0018934,-0.022726,0.001692
b16_pop,-0.00097184,0.0043529,0.0016008,-0.0040624,-3.4736e-05,0.0039501,-0.0010543,0.00079517,-0.00039329,-0.0027601,0.00030935,-0.0024353,-0.17107,1,0.0019763,-0.0047385,-0.0022057,-0.0024891,0.00038557,-0.00073472,-0.0038744,-0.00073733,0.0013448,2.3962e-05,nan,2.9477e-05,0.0032941,0.003243,nan,0.0019744,-0.0037285,7.5704e-05,nan,-0.0020558,-0.0015027,0.00094703,0.0067733,0.0013698,-4.771e-05,-0.0049733,0.0005593,0.0017497,0.00063133,-0.005516,-0.00035197,0.0055482,-0.033477,0.049237,0.00048639,0.00023842,0.00017626,-0.00012335,-0.00017403,-0.00026266,-0.0023589,-0.00040662,-0.0010196
b07_pop,-1.9815e-05,0.0031584,0.0022966,-0.0030447,0.0023591,-0.00091056,-0.0016704,0.0035478,0.00034722,-0.012304,0.0015208,-0.002386,-0.000562,0.0019763,1,-0.13443,-0.010765,-0.017609,0.0064608,-0.021529,-0.033675,0.0092189,-0.018382,0.00047835,nan,0.00048715,0.055376,0.037553,nan,0.03695,-0.050024,0.0012719,nan,-0.017155,0.0012473,0.0011282,0.0001058,0.0043225,-0.0026073,-0.0026441,0.0012058,-0.0021343,-0.0015742,0.0038256,-0.0018853,-0.0011616,0.0016856,-0.00020767,0.10785,-0.042265,-0.0029499,0.0008737,-0.0019914,-0.0015441,0.0017767,-0.0032679,-0.031874
b17_pop,-0.0040907,0.0017494,-0.0061375,0.00041566,0.0040687,0.0022444,-0.0045529,0.0094006,1.5647e-05,-0.027055,0.0008256,-0.0021777,-3.5803e-06,-0.0047385,-0.13443,1,-0.024347,-0.022253,0.0038372,-0.071952,-0.077476,0.021706,-0.047923,0.0011215,nan,0.00034721,0.13813,0.092744,nan,0.093881,-0.12362,0.00064181,nan,0.017364,-0.00097934,0.007751,0.009696,-0.014148,-0.0036182,0.0026595,0.0038201,0.0023411,-0.001625,0.0030101,0.0031437,-0.0012562,-0.0026112,0.0012089,-0.058434,0.13957,-0.0051404,0.00079409,-0.0035882,0.000495,-0.00074443,0.0029348,0.0067614
p1_pop,0.003928,-0.026014,0.0011427,-0.031378,0.044329,0.07433,-0.018966,-0.054414,-0.000294,0.017233,0.00036107,0.00021551,0.00081319,-0.0022057,-0.010765,-0.024347,1,0.18638,-0.087325,0.00081025,-0.2945,0.72152,-0.71672,-0.0010327,nan,-0.0063413,-0.16636,-0.11772,nan,-0.0076015,0.09128,-0.017784,nan,0.056746,-0.004951,-0.002287,0.01151,0.018616,0.019992,-0.010828,0.020482,-0.021847,0.0010941,-0.00015426,0.0022331,0.0010983,-0.0015624,0.0006785,0.00012976,-0.0012775,-0.00058163,-0.022447,-0.023137,0.0027621,0.00061335,0.001188,-0.010536
g1_pop,-0.0082004,0.014545,0.0079785,0.020282,0.033291,-0.055532,-0.027015,0.049411,-0.00094149,0.055861,-0.0015246,0.00472,0.00038746,-0.0024891,-0.017609,-0.022253,0.18638,1,-0.021092,0.010018,0.29432,0.13965,-0.24949,-0.0019328,nan,-0.0019112,-0.25009,-0.22388,nan,-0.077099,0.24462,-0.0041315,nan,0.10416,-0.0095973,-0.0023254,-0.011649,-0.018088,-0.00082613,0.037528,-0.003698,0.056695,0.0055489,-0.005386,0.0011937,0.00083057,-0.001888,-0.0025122,-0.0024877,0.0029231,0.020666,-0.0056647,-0.0086297,0.0022133,9.9936e-05,0.0018606,-0.013513
p2_pop,-5.6983e-06,0.034981,0.0059944,0.025144,0.0012336,-0.0031489,-0.0039054,0.057223,-0.00041291,-0.025368,0.00029949,-0.0013708,-4.3736e-05,0.00038557,0.0064608,0.0038372,-0.087325,-0.021092,1,-0.099121,0.012745,-0.030533,-0.019995,0.0070686,nan,0.070153,0.1424,0.025074,nan,0.1769,-0.080354,0.20583,nan,-0.23157,0.0068046,0.010944,-0.011525,-0.0094607,-0.004003,0.0017367,0.0012351,0.01146,-0.0018323,0.0039003,-0.00064966,-0.001113,0.00012079,-0.00041313,-0.00053698,-0.0031389,-0.015123,0.0016335,-0.0027184,-0.0011194,0.00061635,-0.00016083,0.0073579
g2_pop,0.0085742,-0.021746,-0.012167,-0.00577,-0.015405,-0.0020182,0.031928,-0.065202,-0.0026745,0.075127,-0.0010855,0.0038845,0.0008237,-0.00073472,-0.021529,-0.071952,0.00081025,0.010018,-0.099121,1,0.20142,-0.11915,0.19505,-0.0034581,nan,-0.006996,-0.36939,-0.10234,nan,-0.67396,0.31492,-0.01967,nan,-0.05569,0.00084907,-0.024889,0.0019403,0.021166,0.0087317,-0.0011262,-0.0040235,0.014292,0.0075585,-0.010879,0.0020416,-0.00066332,-0.0014612,0.00045615,0.0011065,-0.017372,0.012207,-0.00016344,0.016843,0.002156,-0.0018931,0.00041798,-0.021189
alpha11_pop,0.011151,-0.013536,-0.020285,0.052841,-0.031301,-0.033407,0.019695,-0.021276,-0.0027928,0.13701,-0.0026401,0.0096794,0.001577,-0.0038744,-0.033675,-0.077476,-0.2945,0.29432,0.012745,0.20142,1,-0.41391,0.36258,-0.0045907,nan,0.00059619,-0.57967,-0.45009,nan,-0.41018,0.59751,0.0032859,nan,0.24505,-0.0023451,-0.038713,-0.0029745,-0.02446,0.017271,0.021225,-0.013098,0.016947,0.014344,-0.019994,0.0053197,-0.0033686,-0.0054824,-0.0020567,-0.0014091,-0.0070465,0.071492,0.0028927,0.021436,0.0045038,-0.0033568,0.0031921,-0.030232
alpha12_pop,0.00042403,-0.0079077,0.00024952,-0.024314,0.049663,0.084285,-0.015045,0.00030567,0.00011176,-0.0475,0.0012674,-0.002566,0.0008419,-0.00073733,0.0092189,0.021706,0.72152,0.13965,-0.030533,-0.11915,-0.41391,1,-0.47114,0.0012934,nan,-0.0022392,0.15671,0.059802,nan,0.2071,-0.20528,-0.0065823,nan,-0.08195,-0.00064376,0.01182,0.015209,7.6454e-05,0.038203,-0.0055617,0.016078,-0.012889,-0.0059363,0.005808,0.0013749,0.0010718,-0.0011922,0.0023696,0.0014237,0.0062251,-0.01321,-0.03219,-0.017772,0.0016627,0.0014647,0.00044156,0.0070252
alpha13_pop,0.0028604,-0.0091532,-0.0025669,0.0035997,-0.032432,-0.028982,0.02959,0.009423,-0.0015369,0.07369,-0.0012552,0.0045841,8.8222e-06,0.0013448,-0.018382,-0.047923,-0.71672,-0.24949,-0.019995,0.19505,0.36258,-0.47114,1,-0.0038353,nan,-0.0015139,-0.33956,-0.221,nan,-0.33509,0.32687,-0.0038632,nan,0.1496,-0.0051011,-0.010757,-0.0078466,0.018486,-0.0031898,0.0011381,-0.044286,0.010565,0.0084224,-0.013795,0.0013941,-7.1711e-05,-0.0020579,0.0015599,0.00076912,-0.010807,0.024471,0.010828,0.045933,0.001163,-0.0023372,0.0017439,-0.017278
alpha14_pop,-0.00011626,0.00051828,5.1665e-05,0.00021991,0.00024556,-5.4255e-06,-0.00026867,0.00076739,2.2961e-05,-0.0016394,2.4639e-05,-9.7761e-05,-9.2075e-06,2.3962e-05,0.00047835,0.0011215,-0.0010327,-0.0019328,0.0070686,-0.0034581,-0.0045907,0.0012934,-0.0038353,1,nan,-0.038995,0.0087822,0.0055841,nan,0.0064519,-0.0071834,0.027003,nan,-0.0046651,0.00012218,0.00035192,-5.1708e-06,-0.00049173,-0.00023225,-4.6567e-05,0.00018807,-5.7126e-05,-0.00017009,0.00022972,-5.0327e-05,-1.2133e-05,4.9393e-05,-8.0953e-06,-1.7779e-05,0.00015561,-0.00050504,4.9022e-05,-0.00026639,-5.2915e-05,3.4171e-05,-3.8906e-05,0.00048022
alpha15_pop,nan,nan,nan,nan,nan,nan,nan,nan,nan,nan,nan,nan,nan,nan,nan,nan,nan,nan,nan,nan,nan,nan,nan,nan,nan,nan,nan,nan,nan,nan,nan,nan,nan,nan,nan,nan,nan,nan,nan,nan,nan,nan,nan,nan,nan,nan,nan,nan,nan,nan,nan,nan,nan,nan,nan,nan,nan
alpha16_pop,-6.6815e-06,0.002497,0.00043226,0.0017799,8.1998e-05,-0.00021639,-0.00027542,0.0040237,-2.7127e-05,-0.0018999,2.228e-05,-0.00010344,-4.1395e-06,2.9477e-05,0.00048715,0.00034721,-0.0063413,-0.0019112,0.070153,-0.006996,0.00059619,-0.0022392,-0.0015139,-0.038995,nan,1,0.010573,0.0024786,nan,0.012643,-0.0061879,0.34055,nan,-0.016461,0.00049091,0.00077305,-0.0008271,-0.00069931,-0.00029616,0.00010636,0.00010249,0.00078624,-0.00014097,0.00028923,-4.9979e-05,-8.0119e-05,1.2398e-05,-2.831e-05,-3.785e-05,-0.00020928,-0.0010986,0.00012332,-0.00020205,-8.2881e-05,4.5272e-05,-1.4792e-05,0.00054812
alpha17_pop,-0.015684,0.039662,0.0021603,0.0092855,0.028667,-0.0023017,-0.029108,0.062245,0.0031871,-0.20044,0.0027857,-0.011189,-0.0013104,0.0032941,0.055376,0.13813,-0.16636,-0.25009,0.1424,-0.36939,-0.57967,0.15671,-0.33956,0.0087822,nan,0.010573,1,0.6705,nan,0.67903,-0.90686,0.02825,nan,-0.42023,0.0093079,0.038444,0.0077567,-0.053974,-0.027115,-0.0068554,0.016678,-0.014018,-0.021357,0.026925,-0.0060661,-0.00030142,0.0061413,-0.0003163,-0.001811,0.021332,-0.052379,0.0058543,-0.026123,-0.0063051,0.0036538,-0.0047882,0.055068
alpha21_pop,-0.013525,0.075856,0.032551,0.021265,0.017423,-0.0015869,-0.015598,0.039516,0.002126,-0.15504,0.0011141,-0.0087597,-0.0018246,0.003243,0.037553,0.092744,-0.11772,-0.22388,0.025074,-0.10234,-0.45009,0.059802,-0.221,0.0055841,nan,0.0024786,0.6705,1,nan,0.36519,-0.70685,0.0052245,nan,-0.24985,0.014362,0.0068991,-0.042821,-0.045633,-0.020966,-0.011726,0.014291,-0.0066422,-0.015988,0.020514,-0.0060918,-0.0015747,0.0045397,0.0013502,-0.00098591,0.014467,-0.054684,0.006453,-0.017162,-0.0052796,0.0032189,-0.0038115,0.036399
alpha22_pop,nan,nan,nan,nan,nan,nan,nan,nan,nan,nan,nan,nan,nan,nan,nan,nan,nan,nan,nan,nan,nan,nan,nan,nan,nan,nan,nan,nan,nan,nan,nan,nan,nan,nan,nan,nan,nan,nan,nan,nan,nan,nan,nan,nan,nan,nan,nan,nan,nan,nan,nan,nan,nan,nan,nan,nan,nan
alpha23_pop,-0.010128,0.032821,0.0046046,0.011347,0.026722,0.0044394,-0.031616,0.070051,0.0021887,-0.13746,0.001867,-0.0075524,-0.0012279,0.0019744,0.03695,0.093881,-0.0076015,-0.077099,0.1769,-0.67396,-0.41018,0.2071,-0.33509,0.0064519,nan,0.012643,0.67903,0.36519,nan,1,-0.60905,0.035398,nan,-0.30246,0.0063551,0.029614,0.0060656,-0.037793,-0.016722,-0.0017248,0.0091144,-0.02869,-0.015008,0.019461,-0.004083,0.0011564,0.0035334,-0.00078117,-0.0018889,0.016267,-0.033765,0.00098926,-0.027684,-0.0039943,0.0032512,-0.0025351,0.037062
alpha24_pop,0.015606,-0.042998,-0.0084118,-0.0075795,-0.029578,-0.0048869,0.026733,-0.054439,-0.0030363,0.21922,-0.0023125,0.010612,0.0016561,-0.0037285,-0.050024,-0.12362,0.09128,0.24462,-0.080354,0.31492,0.59751,-0.20528,0.32687,-0.0071834,nan,-0.0061879,-0.90686,-0.70685,nan,-0.60905,1,-0.015459,nan,0.39232,-0.0088876,-0.034174,0.00071135,0.047205,0.02357,0.010152,-0.01586,0.015671,0.023286,-0.028747,0.006202,-0.00028712,-0.0057558,-0.00058966,0.001561,-0.018509,0.054644,-0.0038603,0.023851,0.0067119,-0.0033728,0.0046831,-0.049484
alpha25_pop,1.4466e-05,0.0072303,0.00127,0.0051973,0.00021558,-0.00064879,-0.00076476,0.011701,-8.8843e-05,-0.0049843,5.7784e-05,-0.00027145,-8.0033e-06,7.5704e-05,0.0012719,0.00064181,-0.017784,-0.0041315,0.20583,-0.01967,0.0032859,-0.0065823,-0.0038632,0.027003,nan,0.34055,0.02825,0.0052245,nan,0.035398,-0.015459,1,nan,-0.047185,0.0014058,0.0021797,-0.0024479,-0.0019129,-0.00079761,0.00035789,0.00025003,0.0023879,-0.00035098,0.00077177,-0.00012918,-0.00023305,1.862e-05,-8.3847e-05,-0.00010831,-0.00066831,-0.0030785,0.00033455,-0.00053485,-0.00022364,0.00012418,-2.8685e-05,0.0014556
alpha26_pop,nan,nan,nan,nan,nan,nan,nan,nan,nan,nan,nan,nan,nan,nan,nan,nan,nan,nan,nan,nan,nan,nan,nan,nan,nan,nan,nan,nan,nan,nan,nan,nan,nan,nan,nan,nan,nan,nan,nan,nan,nan,nan,nan,nan,nan,nan,nan,nan,nan,nan,nan,nan,nan,nan,nan,nan,nan
alpha27_pop,0.0062823,-0.012575,0.0045043,-0.001342,-0.01319,0.00011931,0.012216,-0.024195,-0.0013782,0.086476,-0.0012784,0.0052377,0.00076423,-0.0020558,-0.017155,0.017364,0.056746,0.10416,-0.23157,-0.05569,0.24505,-0.08195,0.1496,-0.0046651,nan,-0.016461,-0.42023,-0.24985,nan,-0.30246,0.39232,-0.047185,nan,1,-0.0041521,-0.018511,-0.009715,0.021961,0.011477,0.002549,-0.010038,0.0081923,0.009896,-0.010882,0.0030496,0.00054501,-0.0028788,0.0013104,0.00090863,0.021001,0.021018,-0.0018123,0.012289,0.0027553,-0.0019179,0.0035855,-0.01885
omega_b01,0.18132,-0.051448,0.028601,-0.025868,-0.0012101,0.00060379,-0.00068877,-0.0020278,0.00068854,-0.0025269,0.0017651,-0.00039628,0.0022279,-0.0015027,0.0012473,-0.00097934,-0.004951,-0.0095973,0.0068046,0.00084907,-0.0023451,-0.00064376,-0.0051011,0.00012218,nan,0.00049091,0.0093079,0.014362,nan,0.0063551,-0.0088876,0.0014058,nan,-0.0041521,1,0.02067,0.00071767,0.028001,0.0020337,-0.0033204,-0.00094689,-0.0012375,0.0008401,0.0017186,6.333e-05,-0.00069695,-0.00026268,0.00083385,0.00023834,-0.0013365,-0.1116,-0.00082657,0.00099996,-0.0010422,0.002044,0.0011463,0.00071127
omega_b11,0.061889,-0.60218,-0.55707,-0.43564,-0.0021334,0.010789,-0.01353,-0.0015067,0.0031279,-0.038998,0.0067845,-0.0048671,0.0033795,0.00094703,0.0011282,0.007751,-0.002287,-0.0023254,0.010944,-0.024889,-0.038713,0.01182,-0.010757,0.00035192,nan,0.00077305,0.038444,0.0068991,nan,0.029614,-0.034174,0.0021797,nan,-0.018511,0.02067,1,0.49981,-0.053103,-0.016668,0.013011,0.01168,0.0013915,-0.0018474,0.011677,-0.0034547,0.017213,0.011868,-0.01386,-0.0026075,0.0011242,0.0018301,-0.0032501,-0.0062871,-0.0023737,-0.0023916,-0.0075534,-0.00049417
omega_b21,-0.037474,-0.48001,-0.71247,-0.33419,-0.0049032,0.007478,-0.022242,0.0082012,-0.0001507,-0.027321,0.0070136,0.0069369,0.010199,0.0067733,0.0001058,0.009696,0.01151,-0.011649,-0.011525,0.0019403,-0.0029745,0.015209,-0.0078466,-5.1708e-06,nan,-0.0008271,0.0077567,-0.042821,nan,0.0060656,0.00071135,-0.0024479,nan,-0.009715,0.00071767,0.49981,1,-0.11599,-0.01345,0.0098077,0.020054,0.007406,-0.0011573,-0.0044524,0.0056689,0.028758,0.0074774,-0.0092949,-0.0040276,0.00042161,-0.035108,-0.0050501,-0.010965,0.00064963,-0.0083846,-0.0095073,0.0069726
omega_a1,0.041087,0.14219,0.13664,-0.50501,-0.0026411,0.005392,0.0093632,-0.015831,-0.00092038,0.013576,0.0060234,-0.012006,-0.0022531,0.0013698,0.0043225,-0.014148,0.018616,-0.018088,-0.0094607,0.021166,-0.02446,7.6454e-05,0.018486,-0.00049173,nan,-0.00069931,-0.053974,-0.045633,nan,-0.037793,0.047205,-0.0019129,nan,0.021961,0.028001,-0.053103,-0.11599,1,0.019595,0.0096818,-0.0021657,0.0019609,0.0020051,-0.016897,0.0069427,-0.0085701,-0.0056082,0.021639,0.0053672,-0.038122,0.027944,-0.0037388,0.00017246,0.0030614,0.0068957,-0.011328,0.0033199
omega_b02,0.0030825,0.012397,0.015869,-0.0016126,0.014336,-0.0059426,-0.00072626,-0.0039042,0.00053861,0.0038032,0.001092,-0.00019327,-0.00060058,-4.771e-05,-0.0026073,-0.0036182,0.019992,-0.00082613,-0.004003,0.0087317,0.017271,0.038203,-0.0031898,-0.00023225,nan,-0.00029616,-0.027115,-0.020966,nan,-0.016722,0.02357,-0.00079761,nan,0.011477,0.0020337,-0.016668,-0.01345,0.019595,1,-0.047666,-0.0013861,-0.0026654,0.0015055,-0.0035128,0.00065853,0.00015666,-0.00045799,0.00032549,-0.0028657,-0.003748,0.0032558,-0.11472,0.00068735,-0.00062948,0.00032977,0.0015188,-0.00071631
omega_b12,0.001399,-0.010678,-0.0090995,-0.014262,-0.022282,0.06526,-0.0015752,-0.00030452,0.00013738,0.003983,-0.00027908,0.0016483,0.0019094,-0.0049733,-0.0026441,0.0026595,-0.010828,0.037528,0.0017367,-0.0011262,0.021225,-0.0055617,0.0011381,-4.6567e-05,nan,0.00010636,-0.0068554,-0.011726,nan,-0.0017248,0.010152,0.00035789,nan,0.002549,-0.0033204,0.013011,0.0098077,0.0096818,-0.047666,1,0.0037228,-0.005002,0.0021174,0.0014352,0.00062258,-0.0010972,0.0019733,0.0009791,0.00030902,-0.00064731,0.0023602,-0.055674,-0.0012758,-0.0016407,0.00031717,-0.0020878,0.0012061
omega_b03,-0.00037952,-0.0062513,-0.01189,-0.0126,0.00089354,0.00029481,-0.017588,0.012381,-0.00038636,-0.00094814,-0.0012525,0.0010002,0.00058438,0.0005593,0.0012058,0.0038201,0.020482,-0.003698,0.0012351,-0.0040235,-0.013098,0.016078,-0.044286,0.00018807,nan,0.00010249,0.016678,0.014291,nan,0.0091144,-0.01586,0.00025003,nan,-0.010038,-0.00094689,0.01168,0.020054,-0.0021657,-0.0013861,0.0037228,1,-0.027263,-0.00047947,-0.0029632,-0.00059399,0.00075801,-0.00097801,0.0020395,0.00055651,-0.00054661,-0.00041694,-0.00091397,-0.085806,0.0020293,5.7669e-05,-0.0033728,0.0001358
omega_b13,-0.00050463,-0.0071059,-0.0070117,-0.0030378,-0.0032776,0.0085625,0.0025516,0.015082,0.00011055,0.0045341,-0.0024211,0.0048989,-0.0024986,0.0017497,-0.0021343,0.0023411,-0.021847,0.056695,0.01146,0.014292,0.016947,-0.012889,0.010565,-5.7126e-05,nan,0.00078624,-0.014018,-0.0066422,nan,-0.02869,0.015671,0.0023879,nan,0.0081923,-0.0012375,0.0013915,0.007406,0.0019609,-0.0026654,-0.005002,-0.027263,1,0.0003906,-0.00032134,-0.00012396,0.0062777,0.00256,-0.0024426,-0.0023858,0.003882,0.0011983,0.0014176,-0.036401,-0.0001823,-0.0030545,0.00093771,0.0010005
omega_b04,0.0021496,0.0015359,0.0034592,-0.0017034,-0.0014331,0.00039026,2.3474e-05,-0.00010166,-0.0023405,0.011697,-0.00027282,0.00065819,-0.00035503,0.00063133,-0.0015742,-0.001625,0.0010941,0.0055489,-0.0018323,0.0075585,0.014344,-0.0059363,0.0084224,-0.00017009,nan,-0.00014097,-0.021357,-0.015988,nan,-0.015008,0.023286,-0.00035098,nan,0.009896,0.0008401,-0.0018474,-0.0011573,0.0020051,0.0015055,0.0021174,-0.00047947,0.0003906,1,-0.0022759,0.00031903,-0.0018966,0.00019988,-0.00023191,0.00023301,0.0017461,0.0017259,-0.0010887,0.0010149,-0.044663,0.00024487,-8.1722e-05,-0.001215
omega_b14,-0.0019392,-0.011501,-0.010121,0.014265,0.00053493,-0.001686,0.00036293,3.5939e-05,0.0074147,-0.033968,-0.0016405,0.00082811,0.0021234,-0.005516,0.0038256,0.0030101,-0.00015426,-0.005386,0.0039003,-0.010879,-0.019994,0.005808,-0.013795,0.00022972,nan,0.00028923,0.026925,0.020514,nan,0.019461,-0.028747,0.00077177,nan,-0.010882,0.0017186,0.011677,-0.0044524,-0.016897,-0.0035128,0.0014352,-0.0029632,-0.00032134,-0.0022759,1,-0.00059418,-0.0051953,-0.001379,0.0010685,0.0017975,0.001395,-0.0035077,-0.0010358,-0.0037577,-0.11706,0.0055227,0.00038929,-0.0006084
omega_b05,-0.0026797,-0.0016667,-0.0086612,-0.001841,-0.00046269,-0.00082212,-0.00051294,-0.0004752,-0.00027436,0.00032099,0.055346,-0.017376,0.00035267,-0.00035197,-0.0018853,0.0031437,0.0022331,0.0011937,-0.00064966,0.0020416,0.0053197,0.0013749,0.0013941,-5.0327e-05,nan,-4.9979e-05,-0.0060661,-0.0060918,nan,-0.004083,0.006202,-0.00012918,nan,0.0030496,6.333e-05,-0.0034547,0.0056689,0.0069427,0.00065853,0.00062258,-0.00059399,-0.00012396,0.00031903,-0.00059418,1,-0.015132,-0.0010375,0.0011411,0.0002974,-0.00090181,0.00045935,-6.0118e-05,-0.00011207,0.0013467,-0.1511,0.0037972,-0.00010413
omega_b15,-0.003457,-0.020002,-0.029874,-0.0059268,0.0019231,0.00030757,-0.0001982,0.00056279,0.00055727,-0.0048394,-0.017048,0.024758,-0.00059661,0.0055482,-0.0011616,-0.0012562,0.0010983,0.00083057,-0.001113,-0.00066332,-0.0033686,0.0010718,-7.1711e-05,-1.2133e-05,nan,-8.0119e-05,-0.00030142,-0.0015747,nan,0.0011564,-0.00028712,-0.00023305,nan,0.00054501,-0.00069695,0.017213,0.028758,-0.0085701,0.00015666,-0.0010972,0.00075801,0.0062777,-0.0018966,-0.0051953,-0.015132,1,0.00088963,-0.00099338,-0.00075495,0.0043373,-0.00099754,-0.0020624,1.0563e-05,0.0020102,-0.06611,-0.00082527,0.00019898
omega_b06,0.00051236,-0.011775,-0.012311,-0.0030121,0.00051683,0.00021674,0.0015242,-0.0020796,-0.0010095,-0.00029258,0.00014468,-0.00086485,0.061703,-0.033477,0.0016856,-0.0026112,-0.0015624,-0.001888,0.00012079,-0.0014612,-0.0054824,-0.0011922,-0.0020579,4.9393e-05,nan,1.2398e-05,0.0061413,0.0045397,nan,0.0035334,-0.0057558,1.862e-05,nan,-0.0028788,-0.00026268,0.011868,0.0074774,-0.0056082,-0.00045799,0.0019733,-0.00097801,0.00256,0.00019988,-0.001379,-0.0010375,0.00088963,1,-0.063401,-0.00093205,0.005921,3.252e-05,0.00081279,-0.0011001,-0.00030452,-0.0011187,-0.15137,0.0005717
omega_b16,0.0013744,0.017608,0.019365,-0.0052448,0.0011617,-0.0018181,-9.92e-05,0.0022393,-0.00067376,0.0025832,-0.003777,0.0012402,-0.02478,0.049237,-0.00020767,0.0012089,0.0006785,-0.0025122,-0.00041313,0.00045615,-0.0020567,0.0023696,0.0015599,-8.0953e-06,nan,-2.831e-05,-0.0003163,0.0013502,nan,-0.00078117,-0.00058966,-8.3847e-05,nan,0.0013104,0.00083385,-0.01386,-0.0092949,0.021639,0.00032549,0.0009791,0.0020395,-0.0024426,-0.00023191,0.0010685,0.0011411,-0.00099338,-0.063401,1,-0.0012978,-0.0060845,-0.00088926,0.00020886,0.00032046,-0.00074495,0.00091623,-0.05229,0.00077829
omega_b07,0.00078779,0.0040321,0.006405,-0.0028036,0.0011448,-1.594e-05,-8.8219e-05,-0.0010045,0.00026067,-0.00013201,0.002963,-0.0028885,0.00054197,0.00048639,0.10785,-0.058434,0.00012976,-0.0024877,-0.00053698,0.0011065,-0.0014091,0.0014237,0.00076912,-1.7779e-05,nan,-3.785e-05,-0.001811,-0.00098591,nan,-0.0018889,0.001561,-0.00010831,nan,0.00090863,0.00023834,-0.0026075,-0.0040276,0.0053672,-0.0028657,0.00030902,0.00055651,-0.0023858,0.00023301,0.0017975,0.0002974,-0.00075495,-0.00093205,-0.0012978,1,-0.024768,0.0017335,0.00055448,-0.00028855,-0.0010557,0.00031377,-0.0012666,-0.089787
omega_b17,-0.0032956,-0.0051239,-0.0058865,0.02345,0.0028578,-0.00013938,0.00090519,0.00035102,-0.00050326,0.0074465,-0.0022595,0.0029971,-0.0023677,0.00023842,-0.042265,0.13957,-0.0012775,0.0029231,-0.0031389,-0.017372,-0.0070465,0.0062251,-0.010807,0.00015561,nan,-0.00020928,0.021332,0.014467,nan,0.016267,-0.018509,-0.00066831,nan,0.021001,-0.0013365,0.0011242,0.00042161,-0.038122,-0.003748,-0.00064731,-0.00054661,0.003882,0.0017461,0.001395,-0.00090181,0.0043373,0.005921,-0.0060845,-0.024768,1,0.00039699,0.00033839,0.001362,-0.0015359,-0.00084874,-0.0062754,-0.079772
b_1,-0.0029555,0.0027512,0.039251,-0.11072,0.0010495,-0.0041793,0.0031293,-0.0023352,-0.00064976,0.014164,-0.00017013,-0.00018811,-0.0023267,0.00017626,-0.0029499,-0.0051404,-0.00058163,0.020666,-0.015123,0.012207,0.071492,-0.01321,0.024471,-0.00050504,nan,-0.0010986,-0.052379,-0.054684,nan,-0.033765,0.054644,-0.0030785,nan,0.021018,-0.1116,0.0018301,-0.035108,0.027944,0.0032558,0.0023602,-0.00041694,0.0011983,0.0017259,-0.0035077,0.00045935,-0.00099754,3.252e-05,-0.00088926,0.0017335,0.00039699,1,0.00016253,0.00078942,0.00078543,-0.00049296,-0.001117,-0.0068293
a_2,-0.001252,0.003427,0.0033727,0.0045365,-0.00041549,-0.027597,0.0013285,-0.00010803,-0.00026442,0.00041496,0.00038007,-0.0017956,-0.00011848,-0.00012335,0.0008737,0.00079409,-0.022447,-0.0056647,0.0016335,-0.00016344,0.0028927,-0.03219,0.010828,4.9022e-05,nan,0.00012332,0.0058543,0.006453,nan,0.00098926,-0.0038603,0.00033455,nan,-0.0018123,-0.00082657,-0.0032501,-0.0050501,-0.0037388,-0.11472,-0.055674,-0.00091397,0.0014176,-0.0010887,-0.0010358,-6.0118e-05,-0.0020624,0.00081279,0.00020886,0.00055448,0.00033839,0.00016253,1,4.0502e-05,0.00088475,-1.2232e-05,9.3382e-05,0.00012432
a_3,0.001825,0.0029281,0.0086337,0.0067363,-0.00093018,-0.0013229,0.0082047,-0.0056053,-8.6486e-05,0.0043083,0.0010245,-0.00082223,-3.3234e-05,-0.00017403,-0.0019914,-0.0035882,-0.023137,-0.0086297,-0.0027184,0.016843,0.021436,-0.017772,0.045933,-0.00026639,nan,-0.00020205,-0.026123,-0.017162,nan,-0.027684,0.023851,-0.00053485,nan,0.012289,0.00099996,-0.0062871,-0.010965,0.00017246,0.00068735,-0.0012758,-0.085806,-0.036401,0.0010149,-0.0037577,-0.00011207,1.0563e-05,-0.0011001,0.00032046,-0.00028855,0.001362,0.00078942,4.0502e-05,1,-0.00048499,0.0015691,0.0022915,-0.00063075
a_4,-0.00032271,-0.00029429,-0.00067785,-0.00014689,-0.00040842,0.0019495,-0.0013938,0.00027697,-0.0036835,0.015006,0.00040806,0.0021313,0.00062983,-0.00026266,-0.0015441,0.000495,0.0027621,0.0022133,-0.0011194,0.002156,0.0045038,0.0016627,0.001163,-5.2915e-05,nan,-8.2881e-05,-0.0063051,-0.0052796,nan,-0.0039943,0.0067119,-0.00022364,nan,0.0027553,-0.0010422,-0.0023737,0.00064963,0.0030614,-0.00062948,-0.0016407,0.0020293,-0.0001823,-0.044663,-0.11706,0.0013467,0.0020102,-0.00030452,-0.00074495,-0.0010557,-0.0015359,0.00078543,0.00088475,-0.00048499,1,-0.00073592,0.0019104,0.001035
b_5,0.0020576,0.0098281,0.013129,-0.0054861,0.0018367,-0.00080818,0.00075634,-0.00088189,-0.00023156,0.0011702,-0.016888,0.0024237,0.0018934,-0.0023589,0.0017767,-0.00074443,0.00061335,9.9936e-05,0.00061635,-0.0018931,-0.0033568,0.0014647,-0.0023372,3.4171e-05,nan,4.5272e-05,0.0036538,0.0032189,nan,0.0032512,-0.0033728,0.00012418,nan,-0.0019179,0.002044,-0.0023916,-0.0083846,0.0068957,0.00032977,0.00031717,5.7669e-05,-0.0030545,0.00024487,0.0055227,-0.1511,-0.06611,-0.0011187,0.00091623,0.00031377,-0.00084874,-0.00049296,-1.2232e-05,0.0015691,-0.00073592,1,-0.00096115,-3.8185e-05
b_6,-0.000469,0.0030157,0.0058121,0.013787,0.00066943,-0.00053289,-0.0014134,0.0020794,0.0009743,-0.0001768,0.0006026,-0.00013631,-0.022726,-0.00040662,-0.0032679,0.0029348,0.001188,0.0018606,-0.00016083,0.00041798,0.0031921,0.00044156,0.0017439,-3.8906e-05,nan,-1.4792e-05,-0.0047882,-0.0038115,nan,-0.0025351,0.0046831,-2.8685e-05,nan,0.0035855,0.0011463,-0.0075534,-0.0095073,-0.011328,0.0015188,-0.0020878,-0.0033728,0.00093771,-8.1722e-05,0.00038929,0.0037972,-0.00082527,-0.15137,-0.05229,-0.0012666,-0.0062754,-0.001117,9.3382e-05,0.0022915,0.0019104,-0.00096115,1,0.0018455
b_7,-0.00085694,0.0029192,-0.0034454,-0.00061359,0.0014402,-0.0012578,-0.001392,0.0038628,0.00032052,-0.013923,5.3332e-05,0.00054561,0.001692,-0.0010196,-0.031874,0.0067614,-0.010536,-0.013513,0.0073579,-0.021189,-0.030232,0.0070252,-0.017278,0.00048022,nan,0.00054812,0.055068,0.036399,nan,0.037062,-0.049484,0.0014556,nan,-0.01885,0.00071127,-0.00049417,0.0069726,0.0033199,-0.00071631,0.0012061,0.0001358,0.0010005,-0.001215,-0.0006084,-0.00010413,0.00019898,0.0005717,0.00077829,-0.089787,-0.079772,-0.0068293,0.00012432,-0.00063075,0.001035,-3.8185e-05,0.0018455,1
