b01_pop,0.021873,-0.00037628,0.00028178,-0.011156,-1.0724e-06,7.8971e-08,1.0979e-05,-4.462e-07,9.5991e-06,-1.4291e-06,3.3843e-06,2.5288e-07,2.1875e-06,-1.0643e-06,0.00070428,7.0038e-05,-2.0571e-06,-1.9383e-05,-3.8876e-06,6.467e-08,1.7566e-05,-0.0010312,-0.00017116,nan,0.00024406,3.1394e-16,nan,-3.3952e-08,2.3987e-14,-3.221e-06,1.4419e-06,nan,7.4091e-07,5.8971e-08,0.0032741,0.00019703,-5.7198e-05,8.0614e-05,-7.0343e-07,2.8996e-07,1.7437e-05,1.2191e-06,2.4593e-06,1.8997e-06,-2.5828e-06,2.108e-06,4.4172e-06,1.6853e-06,-0.00016686,-3.4023e-05,nan,-1.0406e-07,-2.0859e-06,-8.6446e-06,3.2645e-07,-3.542e-08,-2.0871e-06
b11_pop,-0.00037628,0.00038174,0.00023576,0.0025092,2.9433e-07,-9.5017e-08,5.1713e-06,-3.4423e-06,-1.5937e-05,3.7813e-06,-4.4089e-06,1.289e-06,-1.882e-06,-5.3792e-07,0.0011845,-0.00021728,-1.4072e-05,9.041e-06,4.3316e-06,6.1182e-06,1.6518e-05,-0.00056205,4.1867e-05,nan,1.8709e-05,3.4202e-17,nan,-5.7006e-09,3.7173e-15,-1.8641e-05,-4.0385e-06,nan,8.756e-08,-2.8035e-07,-0.00058007,-0.0002018,-0.00016145,0.00049716,1.2851e-07,-1.3794e-07,4.7015e-06,1.4618e-06,-4.401e-06,3.6501e-06,9.659e-06,-2.2919e-06,-3.6459e-06,-5.7488e-07,0.00088166,-0.00011728,nan,9.7723e-08,1.8624e-06,-2.9499e-07,-5.5173e-07,1.3209e-06,-5.5718e-07
b21_pop,0.00028178,0.00023576,0.000329,0.00058339,1.7156e-07,-7.2138e-08,6.5892e-06,-3.8796e-06,-1.3711e-05,3.4004e-06,-3.9054e-06,1.019e-06,4.1998e-07,-8.8277e-07,0.001668,-0.00019092,1.5628e-05,5.6118e-06,-5.4753e-06,-3.9235e-06,-2.5777e-05,0.0020578,-0.00012071,nan,8.7746e-05,8.6785e-17,nan,-6.6384e-09,5.2023e-15,9.6387e-06,1.0238e-05,nan,1.9889e-07,3.509e-07,-0.00037959,-0.00013565,-0.00018912,0.00052383,5.2306e-09,-7.4111e-08,9.1592e-06,1.4141e-06,-6.3033e-06,3.0916e-06,9.3561e-06,-2.0957e-06,-2.8305e-06,-5.1777e-10,0.00091348,-0.0001549,nan,6.7178e-08,1.1088e-06,-7.8468e-07,-6.3543e-07,1.4181e-06,-9.8545e-07
a1_pop,-0.011156,0.0025092,0.00058339,0.5785,-7.5019e-07,-3.5522e-06,0.00031399,5.6599e-06,1.7833e-05,-1.7495e-05,-0.00010893,-5.328e-05,0.0003333,-2.4706e-05,-0.017452,0.0024099,-0.0011887,0.00030407,0.00048635,0.00043638,0.0028521,-0.081734,0.0056683,nan,-0.0022242,-2.5919e-15,nan,3.319e-07,-1.4809e-13,-0.001196,-0.00065878,nan,-4.6199e-06,-2.8429e-05,-0.026056,-0.004646,-0.0034259,-0.060433,3.788e-05,-1.1926e-06,7.824e-05,-2.4002e-05,1.6928e-05,-0.00012984,0.00061458,9.7437e-06,-4.6763e-05,4.9668e-05,0.0019068,0.0088655,nan,-3.1942e-06,-3.0824e-05,0.0002556,-2.7535e-05,6.28e-05,2.411e-05
b02_pop,-1.0724e-06,2.9433e-07,1.7156e-07,-7.5019e-07,9.0741e-06,-3.6593e-07,-6.2817e-08,-3.9384e-08,3.6735e-07,-1.0984e-07,1.5682e-07,4.7042e-08,-8.1844e-09,4.4758e-08,3.2174e-06,3.2536e-06,1.2546e-06,2.851e-06,-3.3821e-07,-6.0912e-07,-1.6343e-06,0.00028075,-1.0341e-05,nan,1.017e-05,8.6823e-18,nan,-1.506e-10,3.9175e-16,1.7343e-06,7.6112e-07,nan,2.1342e-08,3.852e-08,-3.4239e-07,-3.7851e-07,-1.8791e-07,2.1575e-06,6.1098e-08,-2.1012e-08,-2.6966e-07,-9.7963e-08,-1.2427e-08,-6.9775e-08,2.0048e-08,-1.1032e-08,1.5641e-07,-4.7973e-08,-1.8373e-05,-2.4167e-06,nan,-1.6646e-09,2.2759e-08,4.0746e-08,-4.6001e-10,-4.5296e-09,4.9595e-08
b12_pop,7.8971e-08,-9.5017e-08,-7.2138e-08,-3.5522e-06,-3.6593e-07,2.5537e-07,-4.9088e-08,6.5842e-08,-1.0145e-07,2.3617e-08,-2.4699e-08,5.2076e-10,2.904e-09,-1.5296e-08,-1.3458e-07,1.5358e-06,1.0669e-06,-1.0792e-06,-2.7417e-07,-2.7262e-07,-1.042e-06,3.8853e-05,-1.8107e-06,nan,-3.4051e-06,-5.6716e-18,nan,8.5149e-10,-5.2315e-16,8.0217e-07,3.3605e-07,nan,-1.3251e-08,1.4956e-08,9.4627e-08,1.2134e-07,5.1525e-08,2.0172e-07,-1.756e-08,9.9176e-09,1.0606e-07,5.2343e-08,-6.0401e-08,-6.7429e-11,-1.9838e-08,7.5271e-09,-1.2644e-08,1.283e-08,2.3353e-06,9.404e-07,nan,-2.754e-09,-2.5829e-08,3.3883e-09,-1.1536e-09,-1.4205e-09,-3.5356e-09
b03_pop,1.0979e-05,5.1713e-06,6.5892e-06,0.00031399,-6.2817e-08,-4.9088e-08,0.0033683,-0.00011796,-1.4872e-06,1.4936e-07,-5.7835e-06,1.4922e-06,2.7351e-07,5.7616e-07,-0.00014053,-0.00014792,-3.8833e-05,-6.2908e-05,2.8305e-05,4.6357e-05,4.0584e-05,-0.0042168,0.00059352,nan,-0.00062447,-7.4172e-16,nan,7.7889e-08,-5.2893e-14,-0.00010157,-2.3642e-05,nan,-1.6911e-06,-1.4906e-06,-1.2789e-05,-2.2656e-06,-6.2925e-06,-5.5549e-05,-3.6521e-07,-4.3613e-08,-3.1484e-05,7.3576e-08,1.2614e-07,2.1244e-06,3.3573e-06,-8.9748e-07,2.5697e-06,5.5174e-07,0.00012112,3.6393e-06,nan,5.4131e-09,9.1329e-06,-2.0694e-06,-4.7762e-08,-3.4045e-07,-7.0717e-07
b13_pop,-4.462e-07,-3.4423e-06,-3.8796e-06,5.6599e-06,-3.9384e-08,6.5842e-08,-0.00011796,0.00015226,9.9554e-07,5.127e-07,2.3838e-06,-8.816e-07,5.0202e-07,-4.4978e-12,0.00015286,2.8574e-06,-1.6062e-05,3.7841e-05,1.4163e-05,-1.3201e-05,1.8519e-05,-0.00044946,-0.0002188,nan,0.00037986,5.2011e-16,nan,-6.6096e-08,4.1761e-14,3.4928e-05,-7.3155e-06,nan,1.1883e-06,1.6518e-07,5.3498e-06,8.5085e-07,3.4094e-06,-8.1648e-06,-1.11e-08,-1.7237e-08,9.3342e-06,1.0859e-06,3.5841e-07,-6.1076e-07,-2.2113e-06,6.6009e-07,9.0454e-07,-5.2203e-08,7.5504e-05,-3.8182e-05,nan,9.4912e-09,-5.5026e-06,1.6705e-07,3.9881e-08,7.1218e-08,1.5987e-07
b04_pop,9.5991e-06,-1.5937e-05,-1.3711e-05,1.7833e-05,3.6735e-07,-1.0145e-07,-1.4872e-06,9.9554e-07,0.012035,-8.9859e-05,1.1022e-06,-5.2737e-07,-2.1485e-06,1.9072e-08,0.00023997,-4.0506e-06,5.2089e-06,-1.1882e-07,-1.6069e-05,-1.6679e-05,-7.2903e-06,0.00021466,-5.9403e-05,nan,5.5732e-05,7.1994e-17,nan,-8.3815e-09,5.2391e-15,1.2455e-05,7.3077e-06,nan,1.5941e-07,2.0238e-07,5.0551e-06,9.6118e-06,7.5273e-06,-5.7894e-05,-1.2385e-07,-1.299e-07,-8.535e-07,1.4068e-06,4.4083e-05,-1.3541e-05,-3.1446e-06,1.3098e-06,-2.004e-06,-7.308e-07,-0.00028624,-9.5089e-05,nan,3.8847e-08,-2.9412e-07,1.3594e-05,4.3116e-07,1.7596e-07,5.2832e-07
b14_pop,-1.4291e-06,3.7813e-06,3.4004e-06,-1.7495e-05,-1.0984e-07,2.3617e-08,1.4936e-07,5.127e-07,-8.9859e-05,6.508e-05,-4.9894e-07,1.9327e-07,7.0462e-07,-2.0927e-07,-3.7625e-05,-5.9539e-06,-3.1375e-07,-7.9774e-07,-8.1314e-06,3.8845e-06,5.0083e-07,-7.2155e-05,6.9887e-06,nan,-6.6693e-06,-8.9572e-18,nan,1.479e-11,-4.222e-16,-7.5138e-06,1.9762e-05,nan,-2.4e-08,-1.9529e-08,-1.7216e-06,-2.215e-06,-1.4261e-06,1.1484e-05,5.7081e-09,3.6179e-09,-5.4813e-08,5.5859e-08,-3.2034e-06,4.9692e-06,5.869e-07,-2.741e-07,6.5878e-07,6.0702e-08,2.1382e-05,2.6611e-05,nan,-4.2666e-09,1.3536e-07,-2.8638e-06,-6.2418e-08,-5.0547e-08,-7.7504e-08
b05_pop,3.3843e-06,-4.4089e-06,-3.9054e-06,-0.00010893,1.5682e-07,-2.4699e-08,-5.7835e-06,2.3838e-06,1.1022e-06,-4.9894e-07,0.0027502,-7.1152e-05,9.919e-07,7.5106e-07,0.00014317,4.2961e-05,1.0643e-05,2.3904e-06,-5.456e-06,-5.7435e-06,-1.0412e-05,0.0010693,-0.00014981,nan,0.00018225,2.227e-16,nan,-2.4162e-08,1.637e-14,1.7055e-05,6.7222e-06,nan,5.1134e-07,3.2093e-07,1.4486e-05,2.9408e-06,5.9224e-06,-7.9551e-06,3.6554e-09,-4.0863e-08,4.7594e-07,6.6428e-07,-5.1028e-07,4.7928e-07,8.5233e-05,1.9455e-06,-2.4709e-06,1.3081e-06,0.00045257,-2.0514e-05,nan,2.6944e-08,-7.9932e-07,-3.1726e-07,-3.6222e-06,-1.3217e-07,-4.5348e-07
b15_pop,2.5288e-07,1.289e-06,1.019e-06,-5.328e-05,4.7042e-08,5.2076e-10,1.4922e-06,-8.816e-07,-5.2737e-07,1.9327e-07,-7.1152e-05,6.8851e-05,-4.3995e-07,-2.0762e-07,0.00011613,-2.5028e-05,-2.8524e-06,-1.1412e-06,1.5081e-06,1.5194e-06,2.5267e-06,-0.0002581,5.3459e-05,nan,-7.2787e-05,-9.3422e-17,nan,1.0872e-08,-7.1323e-15,-4.0649e-06,-1.9822e-06,nan,-2.1396e-07,-9.2178e-08,-3.4935e-07,-6.2737e-07,-1.0011e-06,1.3463e-05,-2.2671e-08,2.3781e-08,-2.1123e-07,-6.018e-07,3.0997e-07,-1.1747e-07,-9.0692e-06,-8.1475e-07,5.0805e-07,-2.7262e-07,-4.9341e-06,6.5925e-07,nan,-4.0628e-09,7.8361e-08,-7.2978e-08,5.5996e-07,1.6387e-08,-4.3477e-08
b06_pop,2.1875e-06,-1.882e-06,4.1998e-07,0.0003333,-8.1844e-09,2.904e-09,2.7351e-07,5.0202e-07,-2.1485e-06,7.0462e-07,9.919e-07,-4.3995e-07,0.0023034,-5.9651e-05,-8.9655e-05,1.9946e-05,-1.7788e-06,2.8579e-07,8.0574e-07,2.95e-07,3.8625e-06,-0.00015723,7.617e-06,nan,2.6328e-06,-4.335e-18,nan,-7.6062e-11,-1.507e-16,-1.1802e-06,2.1508e-06,nan,-1.0958e-08,-3.0035e-08,-9.6374e-05,-9.0154e-07,-1.8774e-06,-4.5614e-05,2.7745e-07,-5.0442e-08,-4.1019e-06,6.2327e-07,-9.8546e-07,-3.7881e-07,3.8744e-06,1.2707e-06,0.0001094,-5.7607e-06,-5.9157e-05,-3.7995e-05,nan,-1.8706e-08,4.6564e-07,-2.8964e-07,-1.4442e-07,-1.6572e-06,9.705e-08
b16_pop,-1.0643e-06,-5.3792e-07,-8.8277e-07,-2.4706e-05,4.4758e-08,-1.5296e-08,5.7616e-07,-4.4978e-12,1.9072e-08,-2.0927e-07,7.5106e-07,-2.0762e-07,-5.9651e-05,6.054e-05,0.00010848,-2.2936e-05,-5.0609e-07,1.2413e-07,4.0179e-07,3.4847e-07,5.1983e-07,-5.164e-05,4.1026e-06,nan,-4.3043e-06,2.0098e-17,nan,-2.7429e-09,1.7319e-15,-1.06e-06,-1.044e-06,nan,4.6782e-08,-1.8764e-08,9.9942e-06,5.7464e-07,1.6222e-06,-9.1335e-07,-3.4823e-08,1.7239e-08,5.3975e-07,-1.2713e-07,6.8379e-08,1.4273e-07,-8.552e-07,-1.0814e-07,-8.0859e-06,2.0171e-06,4.2172e-05,-8.8294e-07,nan,6.4496e-09,-1.5952e-09,-4.2267e-08,1.5832e-08,8.4287e-08,1.4219e-08
b07_pop,0.00070428,0.0011845,0.001668,-0.017452,3.2174e-06,-1.3458e-07,-0.00014053,0.00015286,0.00023997,-3.7625e-05,0.00014317,0.00011613,-8.9655e-05,0.00010848,47.423,-0.62963,0.004929,-0.00040479,-0.0032842,-0.0031383,-0.0058859,0.49338,-0.035822,nan,0.023718,2.0196e-14,nan,-6.5625e-07,7.7984e-13,0.0078729,0.0030839,nan,4.3969e-05,0.0001787,-0.001522,-0.00088169,-0.0012096,0.010331,5.4928e-05,-1.2932e-05,0.00038563,0.00010864,2.5102e-05,-0.0002268,3.3628e-05,-1.8249e-06,0.00029739,4.8149e-05,5.4771,-0.19897,nan,-4.7382e-06,-0.00018192,6.9357e-05,1.1008e-05,-4.5125e-06,-0.0032217
b17_pop,7.0038e-05,-0.00021728,-0.00019092,0.0024099,3.2536e-06,1.5358e-06,-0.00014792,2.8574e-06,-4.0506e-06,-5.9539e-06,4.2961e-05,-2.5028e-05,1.9946e-05,-2.2936e-05,-0.62963,0.20556,0.0013223,-0.00013829,-0.00081724,-0.00081284,-0.0015567,0.13636,-0.0086344,nan,0.0050482,3.7541e-15,nan,3.0376e-08,7.0262e-14,0.0022792,0.00086185,nan,7.8103e-06,4.9932e-05,0.00012919,0.00012261,0.00015635,-0.0019509,-1.632e-06,2.4672e-06,4.354e-05,1.6327e-05,-7.9573e-05,4.3655e-05,-1.6844e-05,1.0688e-05,-5.9359e-05,-6.0889e-06,-0.22778,0.048545,nan,-8.5043e-07,-4.5888e-05,-7.4737e-06,-3.5372e-06,2.3139e-06,2.2137e-05
p1_pop,-2.0571e-06,-1.4072e-05,1.5628e-05,-0.0011887,1.2546e-06,1.0669e-06,-3.8833e-05,-1.6062e-05,5.2089e-06,-3.1375e-07,1.0643e-05,-2.8524e-06,-1.7788e-06,-5.0609e-07,0.004929,0.0013223,0.00096684,-0.00022911,-0.00031282,-0.00031263,-0.0010731,0.08357,-0.0055599,nan,0.0023376,1.4069e-15,nan,1.1041e-07,3.1713e-15,0.00090178,0.00040822,nan,3.3563e-06,1.9313e-05,-2.5974e-05,-2.1536e-06,-3.6783e-06,0.00022027,5.1504e-07,5.7544e-08,3.9988e-05,-3.2276e-08,-9.2579e-06,9.7823e-08,-1.0452e-05,3.6881e-06,-9.4693e-07,-2.7471e-07,-0.0010439,0.00022409,nan,-2.0338e-07,-2.3792e-05,2.0458e-06,4.9732e-08,-8.7458e-08,4.1857e-06
g1_pop,-1.9383e-05,9.041e-06,5.6118e-06,0.00030407,2.851e-06,-1.0792e-06,-6.2908e-05,3.7841e-05,-1.1882e-07,-7.9774e-07,2.3904e-06,-1.1412e-06,2.8579e-07,1.2413e-07,-0.00040479,-0.00013829,-0.00022911,0.00052174,6.7666e-05,2.7503e-05,0.00022828,-0.000721,0.00010736,nan,0.0007474,1.1042e-15,nan,-1.463e-07,9.4862e-14,-6.0452e-05,-5.835e-05,nan,2.5973e-06,-2.1136e-06,-2.6509e-05,7.6424e-07,-5.3898e-06,-7.6984e-05,-6.73e-07,3.0489e-07,-2.2781e-05,2.0874e-05,1.5284e-06,-2.8272e-07,-4.6666e-06,1.2651e-06,1.0839e-06,-3.7094e-07,0.00020559,-4.443e-05,nan,1.0365e-08,-2.5635e-06,1.1625e-07,5.5408e-08,9.0879e-08,-4.9396e-07
p2_pop,-3.8876e-06,4.3316e-06,-5.4753e-06,0.00048635,-3.3821e-07,-2.7417e-07,2.8305e-05,1.4163e-05,-1.6069e-05,-8.1314e-06,-5.456e-06,1.5081e-06,8.0574e-07,4.0179e-07,-0.0032842,-0.00081724,-0.00031282,6.7666e-05,0.00084104,0.00020406,0.00035646,-0.0252,0.0022295,nan,-0.0014591,-1.4458e-15,nan,2.4403e-08,-5.6022e-14,-0.00045086,-0.00028252,nan,-3.307e-06,-1.1276e-05,3.1363e-06,7.9618e-08,7.1713e-07,-8.622e-05,-2.5339e-07,1.3201e-09,-1.7791e-05,-1.0702e-07,3.2536e-06,-1.0471e-06,7.6486e-06,-2.3644e-06,1.1235e-06,1.1861e-07,0.00024117,-0.00016525,nan,5.6727e-08,1.1768e-05,-4.5277e-07,-5.6319e-08,3.9712e-08,-2.0362e-06
g2_pop,6.467e-08,6.1182e-06,-3.9235e-06,0.00043638,-6.0912e-07,-2.7262e-07,4.6357e-05,-1.3201e-05,-1.6679e-05,3.8845e-06,-5.7435e-06,1.5194e-06,2.95e-07,3.4847e-07,-0.0031383,-0.00081284,-0.00031263,2.7503e-05,0.00020406,0.00040178,0.00037227,-0.033297,0.0020784,nan,-0.0012361,-1.3513e-15,nan,8.299e-08,-6.2325e-14,-0.00093774,-0.00024809,nan,-2.8375e-06,-1.1931e-05,4.3198e-06,-3.7132e-07,-9.3518e-08,-7.6604e-05,-1.6259e-07,-1.0008e-07,-2.734e-05,-9.5437e-07,1.8385e-06,7.0181e-07,5.6293e-06,-2.0379e-06,4.5182e-07,2.2029e-07,0.00050351,-0.00014315,nan,8.6028e-08,1.4568e-05,-1.4742e-06,-4.9897e-08,-3.5886e-08,-2.5142e-06
alpha11_pop,1.7566e-05,1.6518e-05,-2.5777e-05,0.0028521,-1.6343e-06,-1.042e-06,4.0584e-05,1.8519e-05,-7.2903e-06,5.0083e-07,-1.0412e-05,2.5267e-06,3.8625e-06,5.1983e-07,-0.0058859,-0.0015567,-0.0010731,0.00022828,0.00035646,0.00037227,0.0016614,-0.10474,0.00572,nan,-0.0021246,-7.5043e-16,nan,-2.4721e-07,7.0072e-14,-0.0010616,-0.0005173,nan,-1.8609e-06,-2.333e-05,1.509e-05,-1.6798e-05,1.0811e-05,-0.00051188,-5.2345e-07,-1.599e-07,-4.6499e-05,5.4377e-06,1.2082e-05,5.8396e-07,8.2625e-06,-3.1004e-06,2.9144e-06,7.1752e-07,0.001545,-0.00013914,nan,2.6084e-07,2.4752e-05,-2.848e-06,8.6826e-08,2.2342e-07,-5.832e-06
alpha12_pop,-0.0010312,-0.00056205,0.0020578,-0.081734,0.00028075,3.8853e-05,-0.0042168,-0.00044946,0.00021466,-7.2155e-05,0.0010693,-0.0002581,-0.00015723,-5.164e-05,0.49338,0.13636,0.08357,-0.000721,-0.0252,-0.033297,-0.10474,12.552,-0.44468,nan,0.21003,4.8647e-14,nan,3.5004e-05,-1.0054e-11,0.098561,0.042816,nan,0.00016266,0.0019788,-0.0038042,-0.00058064,-0.00094401,0.01849,4.3134e-05,7.0004e-05,0.0036998,-0.00042898,-0.00094139,-5.0683e-05,-0.00061993,0.00030263,-0.00012159,-8.618e-05,-0.11372,0.023128,nan,-4.0215e-05,-0.0020686,0.00022929,-7.6505e-06,7.3576e-06,0.00042672
alpha13_pop,-0.00017116,4.1867e-05,-0.00012071,0.0056683,-1.0341e-05,-1.8107e-06,0.00059352,-0.0002188,-5.9403e-05,6.9887e-06,-0.00014981,5.3459e-05,7.617e-06,4.1026e-06,-0.035822,-0.0086344,-0.0055599,0.00010736,0.0022295,0.0020784,0.00572,-0.44468,0.052057,nan,-0.040937,-4.5732e-14,nan,4.1667e-06,-3.0329e-12,-0.0060681,-0.0025322,nan,-0.00010501,-0.00012778,7.3427e-05,5.0245e-05,4.0708e-05,-0.001106,-6.1654e-06,3.3123e-07,-0.00024762,-0.00023716,4.8885e-05,-4.0995e-06,0.00024146,-6.708e-05,-9.6819e-06,1.677e-06,0.0049144,-0.0012998,nan,9.132e-07,0.00024819,-1.4555e-05,-2.7855e-06,1.0194e-06,-2.6127e-05
alpha14_pop,nan,nan,nan,nan,nan,nan,nan,nan,nan,nan,nan,nan,nan,nan,nan,nan,nan,nan,nan,nan,nan,nan,nan,nan,nan,nan,nan,nan,nan,nan,nan,nan,nan,nan,nan,nan,nan,nan,nan,nan,nan,nan,nan,nan,nan,nan,nan,nan,nan,nan,nan,nan,nan,nan,nan,nan,nan
alpha15_pop,0.00024406,1.8709e-05,8.7746e-05,-0.0022242,1.017e-05,-3.4051e-06,-0.00062447,0.00037986,5.5732e-05,-6.6693e-06,0.00018225,-7.2787e-05,2.6328e-06,-4.3043e-06,0.023718,0.0050482,0.0023376,0.0007474,-0.0014591,-0.0012361,-0.0021246,0.21003,-0.040937,nan,0.055163,7.0457e-14,nan,-8.0959e-06,5.341e-12,0.0035713,0.0014579,nan,0.00016138,7.62e-05,4.3646e-05,-5.1261e-05,-4.0756e-05,0.00044363,5.1319e-06,-3.5075e-07,3.9733e-05,0.00030695,-1.8039e-05,5.2642e-06,-0.00034977,8.9852e-05,1.6109e-05,-1.218e-06,-0.0016258,0.0005604,nan,-3.0561e-07,-0.0001949,1.0039e-05,4.2136e-06,-1.0549e-06,1.5116e-05
alpha16_pop,3.1394e-16,3.4202e-17,8.6785e-17,-2.5919e-15,8.6823e-18,-5.6716e-18,-7.4172e-16,5.2011e-16,7.1994e-17,-8.9572e-18,2.227e-16,-9.3422e-17,-4.335e-18,2.0098e-17,2.0196e-14,3.7541e-15,1.4069e-15,1.1042e-15,-1.4458e-15,-1.3513e-15,-7.5043e-16,4.8647e-14,-4.5732e-14,nan,7.0457e-14,1.5476e-22,nan,-4.9094e-16,-2.0999e-22,1.9176e-15,9.2523e-16,nan,5.6787e-15,5.8333e-17,2.7888e-16,7.3366e-18,-3.4335e-17,3.7896e-16,5.8305e-18,-1.5272e-18,-4.7401e-17,4.2386e-16,-1.4777e-17,4.9766e-18,-4.5883e-16,1.1565e-16,-3.9423e-17,-7.9634e-18,-1.9853e-16,1.85e-16,nan,3.1624e-19,-2.0823e-16,1.0614e-17,5.8974e-18,3.9237e-18,1.0897e-17
alpha17_pop,nan,nan,nan,nan,nan,nan,nan,nan,nan,nan,nan,nan,nan,nan,nan,nan,nan,nan,nan,nan,nan,nan,nan,nan,nan,nan,nan,nan,nan,nan,nan,nan,nan,nan,nan,nan,nan,nan,nan,nan,nan,nan,nan,nan,nan,nan,nan,nan,nan,nan,nan,nan,nan,nan,nan,nan,nan
alpha21_pop,-3.3952e-08,-5.7006e-09,-6.6384e-09,3.319e-07,-1.506e-10,8.5149e-10,7.7889e-08,-6.6096e-08,-8.3815e-09,1.479e-11,-2.4162e-08,1.0872e-08,-7.6062e-11,-2.7429e-09,-6.5625e-07,3.0376e-08,1.1041e-07,-1.463e-07,2.4403e-08,8.299e-08,-2.4721e-07,3.5004e-05,4.1667e-06,nan,-8.0959e-06,-4.9094e-16,nan,1.7288e-07,-6.4101e-14,8.4902e-08,-1.2073e-08,nan,-7.205e-07,-7.9574e-11,-6.5725e-08,-1.7455e-08,5.6825e-10,-2.2074e-08,-5.4978e-10,3.8972e-10,1.8535e-08,-5.2374e-08,5.155e-10,-9.9761e-10,5.5038e-08,-1.3396e-08,5.3672e-09,6.3602e-10,-3.1765e-07,7.4746e-08,nan,-1.6844e-10,1.8101e-08,-3.7888e-10,-7.6521e-10,-4.6041e-10,1.6155e-10
alpha22_pop,2.3987e-14,3.7173e-15,5.2023e-15,-1.4809e-13,3.9175e-16,-5.2315e-16,-5.2893e-14,4.1761e-14,5.2391e-15,-4.222e-16,1.637e-14,-7.1323e-15,-1.507e-16,1.7319e-15,7.7984e-13,7.0262e-14,3.1713e-15,9.4862e-14,-5.6022e-14,-6.2325e-14,7.0072e-14,-1.0054e-11,-3.0329e-12,nan,5.341e-12,-2.0999e-22,nan,-6.4101e-14,3.4369e-19,8.285e-15,2.4651e-14,nan,4.636e-13,1.354e-15,3.0361e-14,4.29e-15,-1.753e-15,1.3637e-14,4.0548e-16,-1.8115e-16,-9.1115e-15,3.3687e-14,-2.6509e-16,4.6243e-16,-3.5635e-14,8.7957e-15,-3.2584e-15,-5.3906e-16,1.4953e-13,-2.9036e-14,nan,6.6683e-17,-1.3402e-14,5.1081e-16,4.7679e-16,3.1347e-16,1.6359e-16
alpha23_pop,-3.221e-06,-1.8641e-05,9.6387e-06,-0.001196,1.7343e-06,8.0217e-07,-0.00010157,3.4928e-05,1.2455e-05,-7.5138e-06,1.7055e-05,-4.0649e-06,-1.1802e-06,-1.06e-06,0.0078729,0.0022792,0.00090178,-6.0452e-05,-0.00045086,-0.00093774,-0.0010616,0.098561,-0.0060681,nan,0.0035713,1.9176e-15,nan,8.4902e-08,8.285e-15,0.003388,0.00073823,nan,4.0183e-06,3.2511e-05,-1.2545e-05,3.738e-07,1.9095e-06,0.00021078,4.6635e-07,3.2767e-07,8.616e-05,-8.4545e-07,-1.2762e-05,-1.889e-06,-1.6142e-05,5.8962e-06,-1.9671e-06,-5.8158e-07,-0.0016163,0.00042545,nan,-2.6252e-07,-4.799e-05,4.275e-06,1.3359e-07,1.3301e-07,6.7707e-06
alpha24_pop,1.4419e-06,-4.0385e-06,1.0238e-05,-0.00065878,7.6112e-07,3.3605e-07,-2.3642e-05,-7.3155e-06,7.3077e-06,1.9762e-05,6.7222e-06,-1.9822e-06,2.1508e-06,-1.044e-06,0.0030839,0.00086185,0.00040822,-5.835e-05,-0.00028252,-0.00024809,-0.0005173,0.042816,-0.0025322,nan,0.0014579,9.2523e-16,nan,-1.2073e-08,2.4651e-14,0.00073823,0.0017127,nan,1.954e-06,1.1914e-05,-2.2931e-06,-3.9313e-07,-3.2318e-06,0.00012239,1.6281e-07,1.0739e-07,1.7039e-05,-2.4205e-07,-4.0524e-05,2.5407e-06,-5.1577e-06,2.1906e-06,7.5791e-07,-4.6009e-07,-0.00051387,0.00016698,nan,-1.0829e-07,-1.4063e-05,6.7042e-06,-6.9762e-08,-1.0362e-07,2.4509e-06
alpha25_pop,nan,nan,nan,nan,nan,nan,nan,nan,nan,nan,nan,nan,nan,nan,nan,nan,nan,nan,nan,nan,nan,nan,nan,nan,nan,nan,nan,nan,nan,nan,nan,nan,nan,nan,nan,nan,nan,nan,nan,nan,nan,nan,nan,nan,nan,nan,nan,nan,nan,nan,nan,nan,nan,nan,nan,nan,nan
alpha26_pop,7.4091e-07,8.756e-08,1.9889e-07,-4.6199e-06,2.1342e-08,-1.3251e-08,-1.6911e-06,1.1883e-06,1.5941e-07,-2.4e-08,5.1134e-07,-2.1396e-07,-1.0958e-08,4.6782e-08,4.3969e-05,7.8103e-06,3.3563e-06,2.5973e-06,-3.307e-06,-2.8375e-06,-1.8609e-06,0.00016266,-0.00010501,nan,0.00016138,5.6787e-15,nan,-7.205e-07,4.636e-13,4.0183e-06,1.954e-06,nan,1.3127e-05,1.2256e-07,5.4857e-07,-4.4263e-08,-8.9771e-08,7.3204e-07,1.3648e-08,-3.1085e-09,-1.1391e-07,9.7476e-07,-2.5742e-08,9.5553e-09,-1.0495e-06,2.646e-07,-8.8535e-08,-1.9196e-08,2.6641e-07,2.876e-07,nan,5.1912e-10,-4.764e-07,2.5211e-08,1.3407e-08,9.2216e-09,2.2421e-08
alpha27_pop,5.8971e-08,-2.8035e-07,3.509e-07,-2.8429e-05,3.852e-08,1.4956e-08,-1.4906e-06,1.6518e-07,2.0238e-07,-1.9529e-08,3.2093e-07,-9.2178e-08,-3.0035e-08,-1.8764e-08,0.0001787,4.9932e-05,1.9313e-05,-2.1136e-06,-1.1276e-05,-1.1931e-05,-2.333e-05,0.0019788,-0.00012778,nan,7.62e-05,5.8333e-17,nan,-7.9574e-11,1.354e-15,3.2511e-05,1.1914e-05,nan,1.2256e-07,7.191e-07,-3.6461e-07,1.0561e-08,-7.6889e-08,5.1117e-06,1.0717e-08,5.1739e-09,1.0665e-06,1.2448e-07,-2.7318e-07,6.1023e-09,-3.5752e-07,1.2283e-07,-2.7317e-08,-1.2219e-08,-3.6868e-05,8.9358e-06,nan,-5.0587e-09,-6.8308e-07,6.0203e-08,2.0384e-09,-3.1888e-10,1.5571e-07
omega_b01,0.0032741,-0.00058007,-0.00037959,-0.026056,-3.4239e-07,9.4627e-08,-1.2789e-05,5.3498e-06,5.0551e-06,-1.7216e-06,1.4486e-05,-3.4935e-07,-9.6374e-05,9.9942e-06,-0.001522,0.00012919,-2.5974e-05,-2.6509e-05,3.1363e-06,4.3198e-06,1.509e-05,-0.0038042,7.3427e-05,nan,4.3646e-05,2.7888e-16,nan,-6.5725e-08,3.0361e-14,-1.2545e-05,-2.2931e-06,nan,5.4857e-07,-3.6461e-07,0.020106,0.00052012,0.00043422,-0.00068214,-2.4006e-06,5.5836e-07,-1.8341e-05,-2.3102e-06,1.5537e-05,-3.7756e-06,-2.5182e-05,3.9036e-06,1.9976e-05,-9.1552e-06,-0.0030544,0.00018395,nan,-7.7161e-08,-6.7136e-06,5.349e-06,2.0411e-06,-2.1598e-05,5.4618e-06
omega_b11,0.00019703,-0.0002018,-0.00013565,-0.004646,-3.7851e-07,1.2134e-07,-2.2656e-06,8.5085e-07,9.6118e-06,-2.215e-06,2.9408e-06,-6.2737e-07,-9.0154e-07,5.7464e-07,-0.00088169,0.00012261,-2.1536e-06,7.6424e-07,7.9618e-08,-3.7132e-07,-1.6798e-05,-0.00058064,5.0245e-05,nan,-5.1261e-05,7.3366e-18,nan,-1.7455e-08,4.29e-15,3.738e-07,-3.9313e-07,nan,-4.4263e-08,1.0561e-08,0.00052012,0.00021338,0.00012012,-0.00015222,-2.7651e-07,9.9879e-08,-3.1705e-06,-8.327e-07,2.3326e-06,-1.773e-06,-9.7795e-06,1.4436e-06,2.2443e-06,-1.1168e-07,-0.00045543,2.6825e-05,nan,-4.509e-08,-3.1818e-07,-1.0527e-06,4.9362e-07,-1.2978e-06,1.8054e-08
omega_b21,-5.7198e-05,-0.00016145,-0.00018912,-0.0034259,-1.8791e-07,5.1525e-08,-6.2925e-06,3.4094e-06,7.5273e-06,-1.4261e-06,5.9224e-06,-1.0011e-06,-1.8774e-06,1.6222e-06,-0.0012096,0.00015635,-3.6783e-06,-5.3898e-06,7.1713e-07,-9.3518e-08,1.0811e-05,-0.00094401,4.0708e-05,nan,-4.0756e-05,-3.4335e-17,nan,5.6825e-10,-1.753e-15,1.9095e-06,-3.2318e-06,nan,-8.9771e-08,-7.6889e-08,0.00043422,0.00012012,0.00021977,-0.00023589,-1.7259e-07,7.1993e-08,-9.64e-06,-5.2036e-07,4.3682e-06,-5.6675e-07,-9.2517e-06,1.109e-06,2.2277e-06,7.9026e-08,-0.00062817,6.2616e-05,nan,-1.6205e-08,-8.7917e-07,-1.8108e-06,5.9855e-07,-1.2876e-06,4.3655e-07
omega_a1,8.0614e-05,0.00049716,0.00052383,-0.060433,2.1575e-06,2.0172e-07,-5.5549e-05,-8.1648e-06,-5.7894e-05,1.1484e-05,-7.9551e-06,1.3463e-05,-4.5614e-05,-9.1335e-07,0.010331,-0.0019509,0.00022027,-7.6984e-05,-8.622e-05,-7.6604e-05,-0.00051188,0.01849,-0.001106,nan,0.00044363,3.7896e-16,nan,-2.2074e-08,1.3637e-14,0.00021078,0.00012239,nan,7.3204e-07,5.1117e-06,-0.00068214,-0.00015222,-0.00023589,0.018919,-5.6303e-06,-4.6215e-07,-9.1513e-06,1.3733e-06,-3.6842e-05,2.9642e-05,-4.4279e-05,-9.2971e-06,-1.5471e-05,-8.8235e-06,0.0016506,-0.0025357,nan,9.0068e-07,1.7382e-05,-3.9964e-05,1.6583e-06,-1.0768e-06,-3.4149e-06
omega_b02,-7.0343e-07,1.2851e-07,5.2306e-09,3.788e-05,6.1098e-08,-1.756e-08,-3.6521e-07,-1.11e-08,-1.2385e-07,5.7081e-09,3.6554e-09,-2.2671e-08,2.7745e-07,-3.4823e-08,5.4928e-05,-1.632e-06,5.1504e-07,-6.73e-07,-2.5339e-07,-1.6259e-07,-5.2345e-07,4.3134e-05,-6.1654e-06,nan,5.1319e-06,5.8305e-18,nan,-5.4978e-10,4.0548e-16,4.6635e-07,1.6281e-07,nan,1.3648e-08,1.0717e-08,-2.4006e-06,-2.7651e-07,-1.7259e-07,-5.6303e-06,6.365e-06,-1.0043e-07,1.0313e-07,1.3704e-07,1.1389e-07,6.9812e-09,-2.9633e-08,-4.3581e-08,2.8382e-07,-1.9734e-08,9.9093e-06,-5.0952e-08,nan,-1.8326e-07,-3.9728e-08,1.0346e-07,-1.1092e-08,-9.1277e-09,-2.9266e-08
omega_b12,2.8996e-07,-1.3794e-07,-7.4111e-08,-1.1926e-06,-2.1012e-08,9.9176e-09,-4.3613e-08,-1.7237e-08,-1.299e-07,3.6179e-09,-4.0863e-08,2.3781e-08,-5.0442e-08,1.7239e-08,-1.2932e-05,2.4672e-06,5.7544e-08,3.0489e-07,1.3201e-09,-1.0008e-07,-1.599e-07,7.0004e-05,3.3123e-07,nan,-3.5075e-07,-1.5272e-18,nan,3.8972e-10,-1.8115e-16,3.2767e-07,1.0739e-07,nan,-3.1085e-09,5.1739e-09,5.5836e-07,9.9879e-08,7.1993e-08,-4.6215e-07,-1.0043e-07,1.7078e-07,-5.2759e-09,-9.8919e-09,1.1074e-08,-1.8483e-09,-4.3837e-09,2.9896e-09,-7.9978e-08,7.3544e-09,-2.4454e-06,6.9412e-07,nan,-1.8503e-08,4.56e-09,3.0782e-09,5.5522e-10,9.8123e-11,3.0029e-09
omega_b03,1.7437e-05,4.7015e-06,9.1592e-06,7.824e-05,-2.6966e-07,1.0606e-07,-3.1484e-05,9.3342e-06,-8.535e-07,-5.4813e-08,4.7594e-07,-2.1123e-07,-4.1019e-06,5.3975e-07,0.00038563,4.354e-05,3.9988e-05,-2.2781e-05,-1.7791e-05,-2.734e-05,-4.6499e-05,0.0036998,-0.00024762,nan,3.9733e-05,-4.7401e-17,nan,1.8535e-08,-9.1115e-15,8.616e-05,1.7039e-05,nan,-1.1391e-07,1.0665e-06,-1.8341e-05,-3.1705e-06,-9.64e-06,-9.1513e-06,1.0313e-07,-5.2759e-09,0.0021555,-1.0995e-05,3.8192e-06,-7.5063e-08,-4.1658e-06,-4.7514e-07,1.6655e-06,2.0811e-07,-6.7472e-05,-0.00010364,nan,7.0649e-09,-6.1836e-05,-3.6971e-08,3.5132e-07,8.514e-08,1.207e-07
omega_b13,1.2191e-06,1.4618e-06,1.4141e-06,-2.4002e-05,-9.7963e-08,5.2343e-08,7.3576e-08,1.0859e-06,1.4068e-06,5.5859e-08,6.6428e-07,-6.018e-07,6.2327e-07,-1.2713e-07,0.00010864,1.6327e-05,-3.2276e-08,2.0874e-05,-1.0702e-07,-9.5437e-07,5.4377e-06,-0.00042898,-0.00023716,nan,0.00030695,4.2386e-16,nan,-5.2374e-08,3.3687e-14,-8.4545e-07,-2.4205e-07,nan,9.7476e-07,1.2448e-07,-2.3102e-06,-8.327e-07,-5.2036e-07,1.3733e-06,1.3704e-07,-9.8919e-09,-1.0995e-05,8.7642e-05,-4.7931e-07,4.3279e-07,-3.0033e-06,5.5245e-07,8.9259e-07,5.506e-08,4.5762e-05,-1.0896e-05,nan,3.8445e-09,-4.9732e-06,8.5778e-08,6.3414e-08,-1.2672e-08,-5.4399e-08
omega_b04,2.4593e-06,-4.401e-06,-6.3033e-06,1.6928e-05,-1.2427e-08,-6.0401e-08,1.2614e-07,3.5841e-07,4.4083e-05,-3.2034e-06,-5.1028e-07,3.0997e-07,-9.8546e-07,6.8379e-08,2.5102e-05,-7.9573e-05,-9.2579e-06,1.5284e-06,3.2536e-06,1.8385e-06,1.2082e-05,-0.00094139,4.8885e-05,nan,-1.8039e-05,-1.4777e-17,nan,5.155e-10,-2.6509e-16,-1.2762e-05,-4.0524e-05,nan,-2.5742e-08,-2.7318e-07,1.5537e-05,2.3326e-06,4.3682e-06,-3.6842e-05,1.1389e-07,1.1074e-08,3.8192e-06,-4.7931e-07,0.0064132,-1.504e-05,4.3507e-07,4.5003e-07,1.8579e-06,4.1174e-07,-8.7597e-05,-1.4905e-05,nan,-2.0393e-08,6.8112e-07,-3.9162e-05,2.3351e-07,-1.4596e-07,1.5796e-07
omega_b14,1.8997e-06,3.6501e-06,3.0916e-06,-0.00012984,-6.9775e-08,-6.7429e-11,2.1244e-06,-6.1076e-07,-1.3541e-05,4.9692e-06,4.7928e-07,-1.1747e-07,-3.7881e-07,1.4273e-07,-0.0002268,4.3655e-05,9.7823e-08,-2.8272e-07,-1.0471e-06,7.0181e-07,5.8396e-07,-5.0683e-05,-4.0995e-06,nan,5.2642e-06,4.9766e-18,nan,-9.9761e-10,4.6243e-16,-1.889e-06,2.5407e-06,nan,9.5553e-09,6.1023e-09,-3.7756e-06,-1.773e-06,-5.6675e-07,2.9642e-05,6.9812e-09,-1.8483e-09,-7.5063e-08,4.3279e-07,-1.504e-05,5.5883e-05,4.8605e-09,-2.1147e-08,-3.186e-07,2.678e-07,-1.9673e-05,3.9916e-05,nan,-1.9996e-09,-3.0015e-08,-1.9791e-05,-1.6969e-08,-1.1308e-07,-3.0606e-08
omega_b05,-2.5828e-06,9.659e-06,9.3561e-06,0.00061458,2.0048e-08,-1.9838e-08,3.3573e-06,-2.2113e-06,-3.1446e-06,5.869e-07,8.5233e-05,-9.0692e-06,3.8744e-06,-8.552e-07,3.3628e-05,-1.6844e-05,-1.0452e-05,-4.6666e-06,7.6486e-06,5.6293e-06,8.2625e-06,-0.00061993,0.00024146,nan,-0.00034977,-4.5883e-16,nan,5.5038e-08,-3.5635e-14,-1.6142e-05,-5.1577e-06,nan,-1.0495e-06,-3.5752e-07,-2.5182e-05,-9.7795e-06,-9.2517e-06,-4.4279e-05,-2.9633e-08,-4.3837e-09,-4.1658e-06,-3.0033e-06,4.3507e-07,4.8605e-09,0.0017431,-4.6793e-06,-1.3992e-06,-1.1263e-07,0.00016951,-7.415e-05,nan,3.7155e-08,2.2541e-06,1.3366e-07,-1.3189e-05,1.925e-08,-5.9202e-08
omega_b15,2.108e-06,-2.2919e-06,-2.0957e-06,9.7437e-06,-1.1032e-08,7.5271e-09,-8.9748e-07,6.6009e-07,1.3098e-06,-2.741e-07,1.9455e-06,-8.1475e-07,1.2707e-06,-1.0814e-07,-1.8249e-06,1.0688e-05,3.6881e-06,1.2651e-06,-2.3644e-06,-2.0379e-06,-3.1004e-06,0.00030263,-6.708e-05,nan,8.9852e-05,1.1565e-16,nan,-1.3396e-08,8.7957e-15,5.8962e-06,2.1906e-06,nan,2.646e-07,1.2283e-07,3.9036e-06,1.4436e-06,1.109e-06,-9.2971e-06,-4.3581e-08,2.9896e-09,-4.7514e-07,5.5245e-07,4.5003e-07,-2.1147e-08,-4.6793e-06,3.7849e-05,8.0936e-07,-2.4744e-07,-6.2039e-05,1.198e-05,nan,-4.6178e-09,-2.611e-07,2.1092e-07,-6.5396e-07,-5.4661e-08,4.0439e-08
omega_b06,4.4172e-06,-3.6459e-06,-2.8305e-06,-4.6763e-05,1.5641e-07,-1.2644e-08,2.5697e-06,9.0454e-07,-2.004e-06,6.5878e-07,-2.4709e-06,5.0805e-07,0.0001094,-8.0859e-06,0.00029739,-5.9359e-05,-9.4693e-07,1.0839e-06,1.1235e-06,4.5182e-07,2.9144e-06,-0.00012159,-9.6819e-06,nan,1.6109e-05,-3.9423e-17,nan,5.3672e-09,-3.2584e-15,-1.9671e-06,7.5791e-07,nan,-8.8535e-08,-2.7317e-08,1.9976e-05,2.2443e-06,2.2277e-06,-1.5471e-05,2.8382e-07,-7.9978e-08,1.6655e-06,8.9259e-07,1.8579e-06,-3.186e-07,-1.3992e-06,8.0936e-07,0.0014493,-7.8401e-06,0.00019864,-0.00011839,nan,7.8721e-09,-4.3556e-07,-1.002e-06,9.4146e-08,-1.1326e-05,1.4307e-08
omega_b16,1.6853e-06,-5.7488e-07,-5.1777e-10,4.9668e-05,-4.7973e-08,1.283e-08,5.5174e-07,-5.2203e-08,-7.308e-07,6.0702e-08,1.3081e-06,-2.7262e-07,-5.7607e-06,2.0171e-06,4.8149e-05,-6.0889e-06,-2.7471e-07,-3.7094e-07,1.1861e-07,2.2029e-07,7.1752e-07,-8.618e-05,1.677e-06,nan,-1.218e-06,-7.9634e-18,nan,6.3602e-10,-5.3906e-16,-5.8158e-07,-4.6009e-07,nan,-1.9196e-08,-1.2219e-08,-9.1552e-06,-1.1168e-07,7.9026e-08,-8.8235e-06,-1.9734e-08,7.3544e-09,2.0811e-07,5.506e-08,4.1174e-07,2.678e-07,-1.1263e-07,-2.4744e-07,-7.8401e-06,3.8135e-05,-3.5938e-05,2.905e-06,nan,4.2576e-09,-1.1178e-07,-2.159e-07,4.2327e-09,-1.172e-06,-6.2364e-08
omega_b07,-0.00016686,0.00088166,0.00091348,0.0019068,-1.8373e-05,2.3353e-06,0.00012112,7.5504e-05,-0.00028624,2.1382e-05,0.00045257,-4.9341e-06,-5.9157e-05,4.2172e-05,5.4771,-0.22778,-0.0010439,0.00020559,0.00024117,0.00050351,0.001545,-0.11372,0.0049144,nan,-0.0016258,-1.9853e-16,nan,-3.1765e-07,1.4953e-13,-0.0016163,-0.00051387,nan,2.6641e-07,-3.6868e-05,-0.0030544,-0.00045543,-0.00062817,0.0016506,9.9093e-06,-2.4454e-06,-6.7472e-05,4.5762e-05,-8.7597e-05,-1.9673e-05,0.00016951,-6.2039e-05,0.00019864,-3.5938e-05,27.952,-0.18848,nan,-3.1257e-06,8.1514e-05,-0.00011468,-1.8774e-05,2.2735e-05,-0.0037394
omega_b17,-3.4023e-05,-0.00011728,-0.0001549,0.0088655,-2.4167e-06,9.404e-07,3.6393e-06,-3.8182e-05,-9.5089e-05,2.6611e-05,-2.0514e-05,6.5925e-07,-3.7995e-05,-8.8294e-07,-0.19897,0.048545,0.00022409,-4.443e-05,-0.00016525,-0.00014315,-0.00013914,0.023128,-0.0012998,nan,0.0005604,1.85e-16,nan,7.4746e-08,-2.9036e-14,0.00042545,0.00016698,nan,2.876e-07,8.9358e-06,0.00018395,2.6825e-05,6.2616e-05,-0.0025357,-5.0952e-08,6.9412e-07,-0.00010364,-1.0896e-05,-1.4905e-05,3.9916e-05,-7.415e-05,1.198e-05,-0.00011839,2.905e-06,-0.18848,0.14716,nan,-1.1414e-09,-1.0765e-05,-1.362e-05,2.0257e-06,4.729e-06,-0.0002009
b_1,nan,nan,nan,nan,nan,nan,nan,nan,nan,nan,nan,nan,nan,nan,nan,nan,nan,nan,nan,nan,nan,nan,nan,nan,nan,nan,nan,nan,nan,nan,nan,nan,nan,nan,nan,nan,nan,nan,nan,nan,nan,nan,nan,nan,nan,nan,nan,nan,nan,nan,nan,nan,nan,nan,nan,nan,nan
a_2,-1.0406e-07,9.7723e-08,6.7178e-08,-3.1942e-06,-1.6646e-09,-2.754e-09,5.4131e-09,9.4912e-09,3.8847e-08,-4.2666e-09,2.6944e-08,-4.0628e-09,-1.8706e-08,6.4496e-09,-4.7382e-06,-8.5043e-07,-2.0338e-07,1.0365e-08,5.6727e-08,8.6028e-08,2.6084e-07,-4.0215e-05,9.132e-07,nan,-3.0561e-07,3.1624e-19,nan,-1.6844e-10,6.6683e-17,-2.6252e-07,-1.0829e-07,nan,5.1912e-10,-5.0587e-09,-7.7161e-08,-4.509e-08,-1.6205e-08,9.0068e-07,-1.8326e-07,-1.8503e-08,7.0649e-09,3.8445e-09,-2.0393e-08,-1.9996e-09,3.7155e-08,-4.6178e-09,7.8721e-09,4.2576e-09,-3.1257e-06,-1.1414e-09,nan,6.3785e-07,5.8036e-09,7.1129e-09,6.0478e-10,-2.4036e-10,3.1775e-09
a_3,-2.0859e-06,1.8624e-06,1.1088e-06,-3.0824e-05,2.2759e-08,-2.5829e-08,9.1329e-06,-5.5026e-06,-2.9412e-07,1.3536e-07,-7.9932e-07,7.8361e-08,4.6564e-07,-1.5952e-09,-0.00018192,-4.5888e-05,-2.3792e-05,-2.5635e-06,1.1768e-05,1.4568e-05,2.4752e-05,-0.0020686,0.00024819,nan,-0.0001949,-2.0823e-16,nan,1.8101e-08,-1.3402e-14,-4.799e-05,-1.4063e-05,nan,-4.764e-07,-6.8308e-07,-6.7136e-06,-3.1818e-07,-8.7917e-07,1.7382e-05,-3.9728e-08,4.56e-09,-6.1836e-05,-4.9732e-06,6.8112e-07,-3.0015e-08,2.2541e-06,-2.611e-07,-4.3556e-07,-1.1178e-07,8.1514e-05,-1.0765e-05,nan,5.8036e-09,0.00018039,-2.8813e-07,-8.0858e-08,-7.5015e-08,-2.2876e-07
a_4,-8.6446e-06,-2.9499e-07,-7.8468e-07,0.0002556,4.0746e-08,3.3883e-09,-2.0694e-06,1.6705e-07,1.3594e-05,-2.8638e-06,-3.1726e-07,-7.2978e-08,-2.8964e-07,-4.2267e-08,6.9357e-05,-7.4737e-06,2.0458e-06,1.1625e-07,-4.5277e-07,-1.4742e-06,-2.848e-06,0.00022929,-1.4555e-05,nan,1.0039e-05,1.0614e-17,nan,-3.7888e-10,5.1081e-16,4.275e-06,6.7042e-06,nan,2.5211e-08,6.0203e-08,5.349e-06,-1.0527e-06,-1.8108e-06,-3.9964e-05,1.0346e-07,3.0782e-09,-3.6971e-08,8.5778e-08,-3.9162e-05,-1.9791e-05,1.3366e-07,2.1092e-07,-1.002e-06,-2.159e-07,-0.00011468,-1.362e-05,nan,7.1129e-09,-2.8813e-07,0.00028173,-2.8506e-08,1.803e-07,1.397e-07
b_5,3.2645e-07,-5.5173e-07,-6.3543e-07,-2.7535e-05,-4.6001e-10,-1.1536e-09,-4.7762e-08,3.9881e-08,4.3116e-07,-6.2418e-08,-3.6222e-06,5.5996e-07,-1.4442e-07,1.5832e-08,1.1008e-05,-3.5372e-06,4.9732e-08,5.5408e-08,-5.6319e-08,-4.9897e-08,8.6826e-08,-7.6505e-06,-2.7855e-06,nan,4.2136e-06,5.8974e-18,nan,-7.6521e-10,4.7679e-16,1.3359e-07,-6.9762e-08,nan,1.3407e-08,2.0384e-09,2.0411e-06,4.9362e-07,5.9855e-07,1.6583e-06,-1.1092e-08,5.5522e-10,3.5132e-07,6.3414e-08,2.3351e-07,-1.6969e-08,-1.3189e-05,-6.5396e-07,9.4146e-08,4.2327e-09,-1.8774e-05,2.0257e-06,nan,6.0478e-10,-8.0858e-08,-2.8506e-08,4.5037e-06,3.5779e-08,7.9925e-08
b_6,-3.542e-08,1.3209e-06,1.4181e-06,6.28e-05,-4.5296e-09,-1.4205e-09,-3.4045e-07,7.1218e-08,1.7596e-07,-5.0547e-08,-1.3217e-07,1.6387e-08,-1.6572e-06,8.4287e-08,-4.5125e-06,2.3139e-06,-8.7458e-08,9.0879e-08,3.9712e-08,-3.5886e-08,2.2342e-07,7.3576e-06,1.0194e-06,nan,-1.0549e-06,3.9237e-18,nan,-4.6041e-10,3.1347e-16,1.3301e-07,-1.0362e-07,nan,9.2216e-09,-3.1888e-10,-2.1598e-05,-1.2978e-06,-1.2876e-06,-1.0768e-06,-9.1277e-09,9.8123e-11,8.514e-08,-1.2672e-08,-1.4596e-07,-1.1308e-07,1.925e-08,-5.4661e-08,-1.1326e-05,-1.172e-06,2.2735e-05,4.729e-06,nan,-2.4036e-10,-7.5015e-08,1.803e-07,3.5779e-08,6.3683e-06,-1.5089e-08
b_7,-2.0871e-06,-5.5718e-07,-9.8545e-07,2.411e-05,4.9595e-08,-3.5356e-09,-7.0717e-07,1.5987e-07,5.2832e-07,-7.7504e-08,-4.5348e-07,-4.3477e-08,9.705e-08,1.4219e-08,-0.0032217,2.2137e-05,4.1857e-06,-4.9396e-07,-2.0362e-06,-2.5142e-06,-5.832e-06,0.00042672,-2.6127e-05,nan,1.5116e-05,1.0897e-17,nan,1.6155e-10,1.6359e-16,6.7707e-06,2.4509e-06,nan,2.2421e-08,1.5571e-07,5.4618e-06,1.8054e-08,4.3655e-07,-3.4149e-06,-2.9266e-08,3.0029e-09,1.207e-07,-5.4399e-08,1.5796e-07,-3.0606e-08,-5.9202e-08,4.0439e-08,1.4307e-08,-6.2364e-08,-0.0037394,-0.0002009,nan,3.1775e-09,-2.2876e-07,1.397e-07,7.9925e-08,-1.5089e-08,3.5335e-05
