b01_pop,1,-0.12099,0.10994,-0.075293,0.0049515,-0.0051272,-0.00073719,0.00063168,-0.00080806,-0.00022806,0.00061933,-0.00098582,-0.00025581,0.00061612,0.00097241,-0.00040545,0.00075823,-0.0048203,0.00085795,0.00069751,-0.0019269,0.0035385,-0.0012207,-0.0035174,-0.00061289,nan,-0.00081129,nan,-0.0031651,0.0035456,-0.00029114,-0.0032037,0.0031128,-0.0024778,0.17144,0.06544,-0.052367,0.046075,-0.0024457,-0.0017163,-0.0027309,3.771e-05,6.9303e-05,9.7784e-05,-0.0021603,0.0005576,-0.0027229,-0.0031404,-0.00089975,0.00040816,-0.0054245,0.00037994,0.00039547,-0.0023633,0.0013965,0.0021057,0.00077696
b11_pop,-0.12099,1,0.62548,-0.040389,-0.0022453,0.0023758,0.012256,-0.01395,4.21e-05,0.0020191,-0.010687,0.015539,-0.0024509,0.0040312,0.002444,0.010279,-0.0065633,0.014539,-0.013973,0.031854,0.0027767,-0.005495,-0.0083128,0.0045901,0.00052433,nan,-0.00043072,nan,0.026678,-0.032049,-0.0076025,0.030907,-0.02594,0.01986,-0.086651,-0.50229,-0.4875,0.19277,0.0023672,-0.0052468,-0.016939,0.0094675,0.0043073,0.00127,-0.007817,-0.0095004,0.013678,0.0051554,-0.013204,-0.0063684,0.020051,-0.0063235,-0.0041659,0.0029189,0.0059376,0.0038318,0.01867
b21_pop,0.10994,0.62548,1,-0.13267,0.0049056,-0.0047718,0.0131,-0.014295,2.5885e-05,-0.0027655,-0.0097536,0.016189,-0.0045111,0.0084814,0.0030834,0.01274,0.0046599,0.011358,-0.011398,0.025787,-0.0013984,0.001856,-0.0054962,-0.0022408,-0.0047948,nan,-0.003462,nan,0.026006,-0.030916,-0.0093897,0.029067,-0.025328,0.019514,0.00046177,-0.35009,-0.68688,0.25042,-0.0036959,-0.002348,-0.023239,0.010395,0.0042761,0.0013474,-0.010277,-0.0044378,0.0087546,0.0048701,-0.017324,-0.0096913,0.087372,-0.0075728,-0.0038406,0.0020282,0.0092517,0.0087931,0.024512
a1_pop,-0.075293,-0.040389,-0.13267,1,-0.0032985,0.014684,0.0023636,0.0023091,0.0018461,-0.013728,0.0034389,-0.0079491,-0.0052939,-0.0024845,-0.0086281,0.015193,-0.0018452,-0.0050203,0.0046827,-0.0031258,-0.006412,-0.0088359,-0.00020178,0.0084234,-0.00037501,nan,-0.0063122,nan,-0.006211,0.0072241,-0.0025198,-0.00733,0.0060732,-0.0047355,0.025985,-0.32492,-0.15826,-0.72438,-0.0012316,0.0060029,0.017818,0.0059934,-0.0011909,-0.016209,0.0055625,0.005935,0.011094,0.010905,-0.016233,0.00031352,-0.16883,-0.0015183,-0.0053516,0.0055189,0.00059643,-0.0022012,0.020476
b02_pop,0.0049515,-0.0022453,0.0049056,-0.0032985,1,-0.26635,-0.0023719,0.0093801,0.00055728,-0.0025036,0.0049318,-0.013654,6.0784e-06,-0.00053153,0.00013697,-0.0037857,-0.0081401,0.038262,0.0058707,-0.014127,0.016972,-0.010454,0.0027821,0.0079044,0.01823,nan,0.0070452,nan,-0.014974,0.01774,0.0042657,-0.017877,0.01459,-0.011267,0.0019132,0.0049196,-0.0040172,0.0012692,-0.0013608,0.005928,0.00038713,-0.0042414,7.0736e-05,-0.00068248,-0.0031614,0.0061188,0.0021077,0.0013453,6.8698e-05,0.0008167,0.00073527,-0.0046986,0.0013855,0.00081547,0.0058331,-0.002795,-0.0013194
b12_pop,-0.0051272,0.0023758,-0.0047718,0.014684,-0.26635,1,0.011866,-0.04276,0.0001779,-0.004982,-0.021958,0.06775,-0.00034709,0.0011941,-0.0010503,0.0022216,0.10985,-0.10684,-0.024737,0.067205,-0.097771,0.077028,-0.012732,-0.059873,-0.096932,nan,-0.051936,nan,0.07298,-0.086323,-0.019456,0.086581,-0.071121,0.054982,0.0014048,-0.003629,0.002914,-0.019277,0.010693,-0.0024243,-0.0074614,0.0084096,-0.0015569,0.00063179,0.017802,-0.023881,-0.0038902,0.00052468,-0.0052529,-0.0083467,-0.0059104,-0.0016202,-0.0058119,-0.0013834,-0.02657,0.0022887,0.0091302
b03_pop,-0.00073719,0.012256,0.0131,0.0023636,-0.0023719,0.011866,1,-0.1994,0.00082402,-0.0053832,-0.02563,0.084469,-0.00019118,-0.00064261,0.0012062,0.00069868,0.072799,-0.048561,-0.042541,0.097733,-0.0796,0.043195,-0.016451,-0.036853,-0.084993,nan,-0.040141,nan,0.11392,-0.13448,-0.028498,0.13251,-0.11108,0.08595,-9.0515e-05,-0.0054637,-0.016359,-0.00083313,-0.00095144,-0.0016346,-0.009124,0.014928,0.001104,-0.0049316,0.024278,-0.047793,0.0009145,0.00033911,-0.0032157,-0.0054342,-0.0013511,-0.00068902,-0.012722,-0.00091694,-0.032966,-0.00031378,0.0075693
b13_pop,0.00063168,-0.01395,-0.014295,0.0023091,0.0093801,-0.04276,-0.1994,1,-0.0035373,0.021089,0.096214,-0.304,-6.5662e-05,0.0060669,-0.00078362,-0.0032368,-0.2541,0.16918,0.17304,-0.40067,0.27766,-0.15032,0.084296,0.12789,0.29733,nan,0.14393,nan,-0.4067,0.48317,0.10463,-0.48021,0.39613,-0.30536,-0.0060103,-0.0073923,0.015882,0.0040464,-0.0021573,0.0056335,0.053147,-0.038474,-0.0012731,0.015973,-0.088144,0.16919,-0.0006707,-0.00043022,0.013849,0.022624,0.012619,0.0026809,0.038004,0.00045948,0.11987,0.00020311,-0.028923
b04_pop,-0.00080806,4.21e-05,2.5885e-05,0.0018461,0.00055728,0.0001779,0.00082402,-0.0035373,1,-0.11664,-0.0011691,0.0045814,0.00020065,-0.00066883,-0.00049224,0.0015088,0.0030342,-0.0021304,-0.0021268,0.0041804,-0.0031181,0.0010175,-0.00040675,-0.00086287,-0.0044331,nan,-0.0018427,nan,0.0059432,-0.0069656,0.00036121,0.0068178,-0.0058019,0.0045079,0.00063802,-0.00025634,-0.0014846,-0.0018387,0.00020139,-0.00050552,-0.00011296,0.00078267,-0.0023633,0.0022744,0.002014,-0.0021898,-0.00022984,7.2754e-05,-0.00095385,0.00034935,4.1342e-05,0.00052154,-0.00088039,-0.0019121,-0.0015974,0.00024452,0.0010851
b14_pop,-0.00022806,0.0020191,-0.0027655,-0.013728,-0.0025036,-0.004982,-0.0053832,0.021089,-0.11664,1,0.0068415,-0.027564,0.00073651,0.0026589,0.00092161,-0.0020091,-0.040643,0.025932,0.014223,-0.040419,0.04076,-0.04023,0.0082077,0.040795,0.036633,nan,0.01903,nan,-0.041951,0.049633,0.10114,-0.04738,0.040864,-0.03157,-0.0043685,-0.00038205,0.0099347,0.017132,-0.0018781,-0.0011225,0.0029713,-0.0043155,0.0028861,0.0027137,-0.0099504,0.014762,0.0012276,0.00099327,0.005555,0.0035479,0.0024113,9.8467e-05,0.0034879,0.010069,0.0091332,-0.0011448,-0.0050596
b05_pop,0.00061933,-0.010687,-0.0097536,0.0034389,0.0049318,-0.021958,-0.02563,0.096214,-0.0011691,0.0068415,1,-0.25277,0.0016872,0.0017517,-0.00081753,0.00079493,-0.10464,0.040468,0.064899,-0.14306,0.10804,-0.054798,0.021583,0.047277,0.11746,nan,0.055639,nan,-0.1758,0.20708,0.043355,-0.20486,0.17146,-0.13283,-3.3667e-05,0.001054,0.0075263,-0.0036047,-0.0010336,0.0048405,0.020192,-0.011639,-0.0015665,0.0063379,0.0050441,0.091634,-0.00032103,-0.0002706,0.0065326,0.012656,0.0029751,0.00060824,0.010217,0.00055491,0.033259,-0.00090536,-0.014747
b15_pop,-0.00098582,0.015539,0.016189,-0.0079491,-0.013654,0.06775,0.084469,-0.304,0.0045814,-0.027564,-0.25277,1,9.5856e-05,-0.0098356,0.0015623,0.0032388,0.29393,-0.16644,-0.23985,0.55539,-0.34227,0.17802,-0.11955,-0.15793,-0.37111,nan,-0.17702,nan,0.55424,-0.65908,-0.13513,0.66396,-0.53977,0.41584,0.0048561,0.0076651,-0.012958,0.0027747,0.0040778,-0.016142,-0.061709,0.034817,0.0032266,-0.017155,0.10682,-0.28374,0.001796,0.0044994,-0.019817,-0.03625,-0.01343,-0.0022948,-0.032755,-0.00062878,-0.17462,0.00046625,0.040379
b06_pop,-0.00025581,-0.0024509,-0.0045111,-0.0052939,6.0784e-06,-0.00034709,-0.00019118,-6.5662e-05,0.00020065,0.00073651,0.0016872,9.5856e-05,1,-0.18416,0.00015021,-0.0010723,-0.0020443,0.00091273,-0.0006052,0.00021126,0.0024113,-0.0019558,-0.00018772,0.0019444,0.0014025,nan,0.0011065,nan,-0.00029101,0.00031077,0.00022823,-0.00023182,0.00028726,-0.00023568,-0.0011302,0.0022435,0.005698,0.0074534,0.0009815,-0.004796,-0.00063037,-0.00023576,0.00046069,0.0035415,-0.0010419,0.00066495,0.064202,-0.024358,0.0018455,6.9557e-05,0.0020294,0.000704,-0.00023571,-0.0003908,0.0010259,-0.028179,-0.0030286
b16_pop,0.00061612,0.0040312,0.0084814,-0.0024845,-0.00053153,0.0011941,-0.00064261,0.0060669,-0.00066883,0.0026589,0.0017517,-0.0098356,-0.18416,1,0.00028129,0.00081256,-0.0068737,0.003862,0.0044607,-0.0097521,0.0076799,-0.0052808,0.0021111,0.0042414,0.0076329,nan,0.004771,nan,-0.0096757,0.011506,0.0029696,-0.011585,0.0094227,-0.0072591,0.00043764,-0.0011133,-0.0046205,0.0029673,0.0001635,0.00028382,0.0023125,-0.00049953,-0.00037535,-0.00065733,-0.0035834,0.002669,-0.025126,0.049977,-0.00032882,0.0054849,-0.00053753,-0.00013829,0.00066453,-0.00083375,0.0027518,0.0029996,0.0017551
b07_pop,0.00097241,0.002444,0.0030834,-0.0086281,0.00013697,-0.0010503,0.0012062,-0.00078362,-0.00049224,0.00092161,-0.00081753,0.0015623,0.00015021,0.00028129,1,-0.17721,0.00081413,0.0066758,-0.0003388,0.00062169,0.002656,-0.0020306,-0.00012874,0.0023245,0.00093287,nan,0.0026684,nan,0.00064923,-0.00077557,-0.00076752,0.00076389,-0.00063227,0.00048494,-6.0855e-05,0.0012767,0.0013806,0.0086361,0.0007075,-0.00028004,0.0003898,0.00033079,8.5991e-05,-0.0013918,-0.0010625,-0.0014814,0.00027792,-0.00024173,0.0981,-0.040219,0.0016715,0.00034487,3.4791e-05,0.00023863,-0.00010262,0.00018613,-0.018907
b17_pop,-0.00040545,0.010279,0.01274,0.015193,-0.0037857,0.0022216,0.00069868,-0.0032368,0.0015088,-0.0020091,0.00079493,0.0032388,-0.0010723,0.00081256,-0.17721,1,0.013287,-0.031044,0.0021346,0.0039959,-0.010933,0.0038369,-0.00041869,-0.0016008,-0.014703,nan,0.012527,nan,0.0054927,-0.0064282,-0.001106,0.006407,-0.0053586,0.0041737,0.00083797,-0.014898,-0.023876,-0.0081576,-0.0036257,-0.0012229,0.0020185,-0.00031643,0.001256,0.0012661,0.0044126,0.0042291,-0.00066022,-6.9748e-06,-0.064741,0.1466,-0.00069782,0.00041021,-0.00065508,0.00086529,-0.0032117,-0.0013664,0.0057547
p1_pop,0.00075823,-0.0065633,0.0046599,-0.0018452,-0.0081401,0.10985,0.072799,-0.2541,0.0030342,-0.040643,-0.10464,0.29393,-0.0020443,-0.0068737,0.00081413,0.013287,1,-0.50244,-0.11071,0.3584,-0.80307,0.7616,-0.05898,-0.57689,-0.79411,nan,-0.47813,nan,0.41953,-0.49408,-0.115,0.4905,-0.40907,0.31712,0.01921,0.018326,0.0089435,-0.042705,0.017847,0.011083,-0.046375,0.029231,-0.0028678,-0.0052076,0.10479,-0.18973,-0.0030388,0.0030702,-0.026466,-0.037346,-0.03274,-0.012979,-0.02254,0.0016545,-0.14474,-0.0001849,0.049836
g1_pop,-0.0048203,0.014539,0.011358,-0.0050203,0.038262,-0.10684,-0.048561,0.16918,-0.0021304,0.025932,0.040468,-0.16644,0.00091273,0.003862,0.0066758,-0.031044,-0.50244,1,0.028144,-0.22461,0.51293,-0.35041,0.032875,0.29091,0.5926,nan,-0.0090985,nan,-0.27605,0.32449,0.090727,-0.32347,0.26921,-0.20898,-0.014927,0.00072226,-0.014258,0.025271,-0.018709,0.024535,0.029137,-0.021278,0.0012815,0.0062442,-0.094469,0.14692,0.002517,-0.0011037,0.0086532,0.0076399,0.017469,0.0044791,0.015202,-0.00056508,0.1029,-0.00058998,-0.01476
p2_pop,0.00085795,-0.013973,-0.011398,0.0046827,0.0058707,-0.024737,-0.042541,0.17304,-0.0021268,0.014223,0.064899,-0.23985,-0.0006052,0.0044607,-0.0003388,0.0021346,-0.11071,0.028144,1,-0.55017,0.058214,-0.098179,0.18751,0.091518,0.13048,nan,0.15611,nan,-0.29923,0.37442,0.046426,-0.3648,0.28966,-0.21495,3.4938e-05,-0.0043269,0.011875,-0.0093564,-0.0022074,0.0023861,0.032292,-0.023882,-0.00067653,0.0094398,-0.0592,0.1213,0.00015278,-0.0021506,0.011771,0.019973,0.0017426,0.0019491,0.021248,0.0004982,0.085091,-0.000449,-0.022451
g2_pop,0.00069751,0.031854,0.025787,-0.0031258,-0.014127,0.067205,0.097733,-0.40067,0.0041804,-0.040419,-0.14306,0.55539,0.00021126,-0.0097521,0.00062169,0.0039959,0.3584,-0.22461,-0.55017,1,-0.38406,0.2241,-0.30722,-0.19652,-0.42717,nan,-0.23924,nan,0.66805,-0.81464,-0.16839,0.81315,-0.64805,0.49147,0.0088347,0.020984,-0.025044,-0.0022084,0.0057292,-0.013078,-0.073349,0.054367,0.0023104,-0.019609,0.13881,-0.25026,6.4339e-05,0.0031569,-0.023578,-0.037754,-0.025561,-0.0038038,-0.043809,-0.00027043,-0.19914,0.0010123,0.045455
alpha11_pop,-0.0019269,0.0027767,-0.0013984,-0.006412,0.016972,-0.097771,-0.0796,0.27766,-0.0031181,0.04076,0.10804,-0.34227,0.0024113,0.0076799,0.002656,-0.010933,-0.80307,0.51293,0.058214,-0.38406,1,-0.62935,0.05948,0.55071,0.67549,nan,0.52563,nan,-0.46357,0.54512,0.12434,-0.54523,0.45209,-0.35086,-0.027784,-0.027696,-0.012819,0.060838,-0.014364,-0.0060401,0.051225,-0.033084,0.0015455,0.0076956,-0.11928,0.19998,0.0025722,-0.0016278,0.029371,0.038291,0.051131,0.0098145,0.024492,-0.0027756,0.15387,-0.00012459,-0.051605
alpha12_pop,0.0035385,-0.005495,0.001856,-0.0088359,-0.010454,0.077028,0.043195,-0.15032,0.0010175,-0.04023,-0.054798,0.17802,-0.0019558,-0.0052808,-0.0020306,0.0038369,0.7616,-0.35041,-0.098179,0.2241,-0.62935,1,-0.040461,-0.85516,-0.44405,nan,-0.38931,nan,0.24685,-0.29103,-0.077235,0.28807,-0.24061,0.18644,0.018688,0.016007,0.012145,-0.030231,0.022381,0.047658,-0.027775,0.01234,-0.006984,0.0096143,0.070585,-0.12396,-0.0033077,0.0051082,-0.02114,-0.028544,-0.028091,-0.017413,-0.012505,0.0013336,-0.086995,-0.00089178,0.039797
alpha13_pop,-0.0012207,-0.0083128,-0.0054962,-0.00020178,0.0027821,-0.012732,-0.016451,0.084296,-0.00040675,0.0082077,0.021583,-0.11955,-0.00018772,0.0021111,-0.00012874,-0.00041869,-0.05898,0.032875,0.18751,-0.30722,0.05948,-0.040461,1,0.036902,0.0721,nan,0.05109,nan,-0.051529,0.16712,0.030923,-0.16907,0.034549,0.0084616,-0.0022097,-0.0038848,0.0064729,-0.00066413,-0.0011401,0.0027031,0.014754,-0.011549,-0.00039172,0.0034932,-0.026312,0.04988,-0.00028226,-0.00052986,0.0049037,0.0079694,0.0064275,0.00074443,0.0096359,0.00017552,0.040941,-0.00019586,-0.0094646
alpha14_pop,-0.0035174,0.0045901,-0.0022408,0.0084234,0.0079044,-0.059873,-0.036853,0.12789,-0.00086287,0.040795,0.047277,-0.15793,0.0019444,0.0042414,0.0023245,-0.0016008,-0.57689,0.29091,0.091518,-0.19652,0.55071,-0.85516,0.036902,1,0.32692,nan,0.37149,nan,-0.21137,0.24951,0.041943,-0.24832,0.20599,-0.15951,-0.016932,-0.016401,-0.010308,0.027385,-0.0027715,-0.041622,0.023329,-0.009527,0.0085634,-0.014926,-0.061338,0.10335,0.0030499,-0.0050945,0.019097,0.025547,0.024497,0.0087371,0.010705,-0.0011819,0.075324,0.0005839,-0.035254
alpha15_pop,-0.00061289,0.00052433,-0.0047948,-0.00037501,0.01823,-0.096932,-0.084993,0.29733,-0.0044331,0.036633,0.11746,-0.37111,0.0014025,0.0076329,0.00093287,-0.014703,-0.79411,0.5926,0.13048,-0.42717,0.67549,-0.44405,0.0721,0.32692,1,nan,0.27476,nan,-0.49359,0.58224,0.12701,-0.5798,0.48121,-0.37264,-0.015937,-0.016798,-0.0015377,0.030706,-0.013641,0.012235,0.054145,-0.037803,-0.00020858,0.014819,-0.13445,0.19752,0.0021119,-0.0035181,0.021946,0.031391,0.028191,0.00671,0.027752,-0.0011977,0.18677,-0.00021342,-0.042252
alpha16_pop,nan,nan,nan,nan,nan,nan,nan,nan,nan,nan,nan,nan,nan,nan,nan,nan,nan,nan,nan,nan,nan,nan,nan,nan,nan,nan,nan,nan,nan,nan,nan,nan,nan,nan,nan,nan,nan,nan,nan,nan,nan,nan,nan,nan,nan,nan,nan,nan,nan,nan,nan,nan,nan,nan,nan,nan,nan
alpha17_pop,-0.00081129,-0.00043072,-0.003462,-0.0063122,0.0070452,-0.051936,-0.040141,0.14393,-0.0018427,0.01903,0.055639,-0.17702,0.0011065,0.004771,0.0026684,0.012527,-0.47813,-0.0090985,0.15611,-0.23924,0.52563,-0.38931,0.05109,0.37149,0.27476,nan,1,nan,-0.24103,0.28579,0.011442,-0.2864,0.23484,-0.18124,-0.015273,-0.01561,-0.0057365,0.038541,-0.0085304,-0.012229,0.026236,-0.016215,0.0021596,0.00076822,-0.054188,0.10594,0.00043572,0.00081402,0.036021,0.052368,0.027924,0.007426,0.013067,-0.00091296,0.07449,0.00018113,-0.059877
alpha21_pop,nan,nan,nan,nan,nan,nan,nan,nan,nan,nan,nan,nan,nan,nan,nan,nan,nan,nan,nan,nan,nan,nan,nan,nan,nan,nan,nan,nan,nan,nan,nan,nan,nan,nan,nan,nan,nan,nan,nan,nan,nan,nan,nan,nan,nan,nan,nan,nan,nan,nan,nan,nan,nan,nan,nan,nan,nan
alpha22_pop,-0.0031651,0.026678,0.026006,-0.006211,-0.014974,0.07298,0.11392,-0.4067,0.0059432,-0.041951,-0.1758,0.55424,-0.00029101,-0.0096757,0.00064923,0.0054927,0.41953,-0.27605,-0.29923,0.66805,-0.46357,0.24685,-0.051529,-0.21137,-0.49359,nan,-0.24103,nan,1,-0.8424,-0.18688,0.8328,-0.97955,0.90466,0.0076235,0.023171,-0.021245,-0.006147,0.0059584,-0.013666,-0.076903,0.054871,0.0027223,-0.022239,0.15112,-0.26385,-0.00087877,0.0036512,-0.024144,-0.03826,-0.022087,-0.0039957,-0.042956,0.00013832,-0.2054,0.0010969,0.046486
alpha23_pop,0.0035456,-0.032049,-0.030916,0.0072241,0.01774,-0.086323,-0.13448,0.48317,-0.0069656,0.049633,0.20708,-0.65908,0.00031077,0.011506,-0.00077557,-0.0064282,-0.49408,0.32449,0.37442,-0.81464,0.54512,-0.29103,0.16712,0.24951,0.58224,nan,0.28579,nan,-0.8424,1,0.21985,-0.98908,0.82063,-0.63285,-0.0090918,-0.027387,0.025512,0.0069616,-0.0070411,0.016258,0.091227,-0.065213,-0.0032142,0.026308,-0.17893,0.31292,0.00098657,-0.004314,0.028647,0.045434,0.026386,0.0047206,0.051132,-0.00014129,0.24384,-0.0013009,-0.055168
alpha24_pop,-0.00029114,-0.0076025,-0.0093897,-0.0025198,0.0042657,-0.019456,-0.028498,0.10463,0.00036121,0.10114,0.043355,-0.13513,0.00022823,0.0029696,-0.00076752,-0.001106,-0.115,0.090727,0.046426,-0.16839,0.12434,-0.077235,0.030923,0.041943,0.12701,nan,0.011442,nan,-0.18688,0.21985,1,-0.20068,0.18211,-0.14106,-0.0015099,-0.0018215,0.012665,0.0036147,-0.0031717,0.0021296,0.017747,-0.014604,-0.0059829,0.0074369,-0.029494,0.058119,9.6477e-05,-0.00060076,0.0049954,0.0093114,0.0044709,0.0014633,0.012211,0.004325,0.039598,-6.3658e-05,-0.0099373
alpha25_pop,-0.0032037,0.030907,0.029067,-0.00733,-0.017877,0.086581,0.13251,-0.48021,0.0068178,-0.04738,-0.20486,0.66396,-0.00023182,-0.011585,0.00076389,0.006407,0.4905,-0.32347,-0.3648,0.81315,-0.54523,0.28807,-0.16907,-0.24832,-0.5798,nan,-0.2864,nan,0.8328,-0.98908,-0.20068,1,-0.81122,0.62543,0.0093269,0.027329,-0.023571,-0.0068134,0.0068033,-0.016712,-0.091651,0.062165,0.0031222,-0.026237,0.1829,-0.31476,-0.00095259,0.0041964,-0.028668,-0.045673,-0.02571,-0.0046155,-0.048965,0.00021101,-0.24921,0.0013084,0.055313
alpha26_pop,0.0031128,-0.02594,-0.025328,0.0060732,0.01459,-0.071121,-0.11108,0.39613,-0.0058019,0.040864,0.17146,-0.53977,0.00028726,0.0094227,-0.00063227,-0.0053586,-0.40907,0.26921,0.28966,-0.64805,0.45209,-0.24061,0.034549,0.20599,0.48121,nan,0.23484,nan,-0.97955,0.82063,0.18211,-0.81122,1,-0.89079,-0.0074151,-0.022582,0.02066,0.0060175,-0.0058052,0.013312,0.074923,-0.053443,-0.002654,0.021678,-0.14727,0.25707,0.00086321,-0.0035598,0.023521,0.037269,0.021483,0.0038935,0.041829,-0.00013803,0.20009,-0.0010688,-0.045285
alpha27_pop,-0.0024778,0.01986,0.019514,-0.0047355,-0.011267,0.054982,0.08595,-0.30536,0.0045079,-0.03157,-0.13283,0.41584,-0.00023568,-0.0072591,0.00048494,0.0041737,0.31712,-0.20898,-0.21495,0.49147,-0.35086,0.18644,0.0084616,-0.15951,-0.37264,nan,-0.18124,nan,0.90466,-0.63285,-0.14106,0.62543,-0.89079,1,0.0057119,0.01747,-0.015818,-0.0047884,0.0044921,-0.010252,-0.057805,0.041186,0.0020517,-0.016749,0.11375,-0.19835,-0.00068716,0.0027522,-0.018145,-0.028734,-0.016524,-0.0030128,-0.032203,0.00011672,-0.15431,0.0008246,0.034931
omega_b01,0.17144,-0.086651,0.00046177,0.025985,0.0019132,0.0014048,-9.0515e-05,-0.0060103,0.00063802,-0.0043685,-3.3667e-05,0.0048561,-0.0011302,0.00043764,-6.0855e-05,0.00083797,0.01921,-0.014927,3.4938e-05,0.0088347,-0.027784,0.018688,-0.0022097,-0.016932,-0.015937,nan,-0.015273,nan,0.0076235,-0.0090918,-0.0015099,0.0093269,-0.0074151,0.0057119,1,0.041498,0.013571,-0.052548,-0.0015876,-0.0017412,0.00011465,0.0017812,-0.0006295,-0.0023595,0.0030522,-0.0061576,-0.0026517,-0.00097905,-0.00026025,0.0027452,-0.13937,0.00014485,-0.0011163,-0.0019422,-0.0043229,-0.00014723,6.6787e-05
omega_b11,0.06544,-0.50229,-0.35009,-0.32492,0.0049196,-0.003629,-0.0054637,-0.0073923,-0.00025634,-0.00038205,0.001054,0.0076651,0.0022435,-0.0011133,0.0012767,-0.014898,0.018326,0.00072226,-0.0043269,0.020984,-0.027696,0.016007,-0.0038848,-0.016401,-0.016798,nan,-0.01561,nan,0.023171,-0.027387,-0.0018215,0.027329,-0.022582,0.01747,0.041498,1,0.45161,0.030323,-0.0035704,0.0039332,-0.0011225,-0.007649,-0.0027693,0.0097004,0.0093026,-0.014955,-0.019315,-0.0061002,0.012216,-0.0023062,-0.034755,0.0052431,0.0043198,-0.004329,-0.014707,-0.0011598,-0.016269
omega_b21,-0.052367,-0.4875,-0.68688,-0.15826,-0.0040172,0.002914,-0.016359,0.015882,-0.0014846,0.0099347,0.0075263,-0.012958,0.005698,-0.0046205,0.0013806,-0.023876,0.0089435,-0.014258,0.011875,-0.025044,-0.012819,0.012145,0.0064729,-0.010308,-0.0015377,nan,-0.0057365,nan,-0.021245,0.025512,0.012665,-0.023571,0.02066,-0.015818,0.013571,0.45161,1,-0.089532,0.0038711,0.0054416,0.017755,-0.015587,-0.0043563,0.0036176,0.0059955,0.0058652,-0.01255,-0.0084806,0.019931,0.0054609,-0.076622,0.0056937,0.0079695,-0.0050379,-0.010862,-0.0042675,-0.027503
omega_a1,0.046075,0.19277,0.25042,-0.72438,0.0012692,-0.019277,-0.00083313,0.0040464,-0.0018387,0.017132,-0.0036047,0.0027747,0.0074534,0.0029673,0.0086361,-0.0081576,-0.042705,0.025271,-0.0093564,-0.0022084,0.060838,-0.030231,-0.00066413,0.027385,0.030706,nan,0.038541,nan,-0.006147,0.0069616,0.0036147,-0.0068134,0.0060175,-0.0047884,-0.052548,0.030323,-0.089532,1,0.0029035,-0.01391,-0.016823,0.001393,0.0019045,0.012449,-0.012078,0.0010787,-0.00048294,-0.0078484,0.012583,0.0063081,0.15918,-0.00040415,0.0012083,-0.0039644,0.0067607,-0.00043314,-0.015679
omega_b02,-0.0024457,0.0023672,-0.0036959,-0.0012316,-0.0013608,0.010693,-0.00095144,-0.0021573,0.00020139,-0.0018781,-0.0010336,0.0040778,0.0009815,0.0001635,0.0007075,-0.0036257,0.017847,-0.018709,-0.0022074,0.0057292,-0.014364,0.022381,-0.0011401,-0.0027715,-0.013641,nan,-0.0085304,nan,0.0059584,-0.0070411,-0.0031717,0.0068033,-0.0058052,0.0044921,-0.0015876,-0.0035704,0.0038711,0.0029035,1,-0.093269,-0.0024917,0.0019844,0.00097874,0.0053937,0.0024592,-0.0021389,0.0026478,0.00012485,0.001523,-0.00023481,-0.00071095,-0.089741,-0.00059892,-0.00090858,-0.0019196,-0.0015487,-0.0020854
omega_b12,-0.0017163,-0.0052468,-0.002348,0.0060029,0.005928,-0.0024243,-0.0016346,0.0056335,-0.00050552,-0.0011225,0.0048405,-0.016142,-0.004796,0.00028382,-0.00028004,-0.0012229,0.011083,0.024535,0.0023861,-0.013078,-0.0060401,0.047658,0.0027031,-0.041622,0.012235,nan,-0.012229,nan,-0.013666,0.016258,0.0021296,-0.016712,0.013312,-0.010252,-0.0017412,0.0039332,0.0054416,-0.01391,-0.093269,1,0.0038605,-0.0065425,0.00055241,0.0010847,-0.0026017,0.00024813,-0.0031337,0.0029347,-0.0032702,-0.0088396,-0.00097486,-0.037792,0.0016492,0.0018038,0.0058488,0.0014952,0.0077876
omega_b03,-0.0027309,-0.016939,-0.023239,0.017818,0.00038713,-0.0074614,-0.009124,0.053147,-0.00011296,0.0029713,0.020192,-0.061709,-0.00063037,0.0023125,0.0003898,0.0020185,-0.046375,0.029137,0.032292,-0.073349,0.051225,-0.027775,0.014754,0.023329,0.054145,nan,0.026236,nan,-0.076903,0.091227,0.017747,-0.091651,0.074923,-0.057805,0.00011465,-0.0011225,0.017755,-0.016823,-0.0024917,0.0038605,1,-0.0032971,-0.00098137,0.00041816,-0.0097778,0.0282,0.00035561,-0.00020252,0.0042056,0.013019,-0.0022959,0.0013519,-0.093729,0.00080059,0.020314,-0.0030674,-0.010628
omega_b13,3.771e-05,0.0094675,0.010395,0.0059934,-0.0042414,0.0084096,0.014928,-0.038474,0.00078267,-0.0043155,-0.011639,0.034817,-0.00023576,-0.00049953,0.00033079,-0.00031643,0.029231,-0.021278,-0.023882,0.054367,-0.033084,0.01234,-0.011549,-0.009527,-0.037803,nan,-0.016215,nan,0.054871,-0.065213,-0.014604,0.062165,-0.053443,0.041186,0.0017812,-0.007649,-0.015587,0.001393,0.0019844,-0.0065425,-0.0032971,1,0.0012024,0.00050077,0.011517,-0.012613,6.1452e-05,0.0002781,-0.00051041,0.0022017,-0.003125,0.00094627,-0.067011,-0.0010431,-0.018373,-0.0010553,0.00039747
omega_b04,6.9303e-05,0.0043073,0.0042761,-0.0011909,7.0736e-05,-0.0015569,0.001104,-0.0012731,-0.0023633,0.0028861,-0.0015665,0.0032266,0.00046069,-0.00037535,8.5991e-05,0.001256,-0.0028678,0.0012815,-0.00067653,0.0023104,0.0015455,-0.006984,-0.00039172,0.0085634,-0.00020858,nan,0.0021596,nan,0.0027223,-0.0032142,-0.0059829,0.0031222,-0.002654,0.0020517,-0.0006295,-0.0027693,-0.0043563,0.0019045,0.00097874,0.00055241,-0.00098137,0.0012024,1,-0.028019,-0.00010794,-0.0013857,0.00011997,-0.00054888,0.00076742,-0.0010037,0.0014667,0.00014458,-4.8716e-05,-0.028502,-1.5449e-05,0.00027902,-0.0012743
omega_b14,9.7784e-05,0.00127,0.0013474,-0.016209,-0.00068248,0.00063179,-0.0049316,0.015973,0.0022744,0.0027137,0.0063379,-0.017155,0.0035415,-0.00065733,-0.0013918,0.0012661,-0.0052076,0.0062442,0.0094398,-0.019609,0.0076956,0.0096143,0.0034932,-0.014926,0.014819,nan,0.00076822,nan,-0.022239,0.026308,0.0074369,-0.026237,0.021678,-0.016749,-0.0023595,0.0097004,0.0036176,0.012449,0.0053937,0.0010847,0.00041816,0.00050077,-0.028019,1,-0.0083281,0.0096828,0.0014216,0.016024,-0.0020456,0.00059293,0.0010732,-0.0018993,0.0042442,-0.13319,0.0076437,-0.001583,-0.00049132
omega_b05,-0.0021603,-0.007817,-0.010277,0.0055625,-0.0031614,0.017802,0.024278,-0.088144,0.002014,-0.0099504,0.0050441,0.10682,-0.0010419,-0.0035834,-0.0010625,0.0044126,0.10479,-0.094469,-0.0592,0.13881,-0.11928,0.070585,-0.026312,-0.061338,-0.13445,nan,-0.054188,nan,0.15112,-0.17893,-0.029494,0.1829,-0.14727,0.11375,0.0030522,0.0093026,0.0059955,-0.012078,0.0024592,-0.0026017,-0.0097778,0.011517,-0.00010794,-0.0083281,1,-0.045781,0.00039767,0.0025901,-0.0061461,-0.011649,-0.0060848,-0.0011013,-0.01234,0.00081245,-0.18105,-0.0018891,0.01039
omega_b15,0.0005576,-0.0095004,-0.0044378,0.005935,0.0061188,-0.023881,-0.047793,0.16919,-0.0021898,0.014762,0.091634,-0.28374,0.00066495,0.002669,-0.0014814,0.0042291,-0.18973,0.14692,0.1213,-0.25026,0.19998,-0.12396,0.04988,0.10335,0.19752,nan,0.10594,nan,-0.26385,0.31292,0.058119,-0.31476,0.25707,-0.19835,-0.0061576,-0.014955,0.0058652,0.0010787,-0.0021389,0.00024813,0.0282,-0.012613,-0.0013857,0.0096828,-0.045781,1,0.0010801,0.0011464,0.0085364,0.020927,0.0092007,0.0016505,0.012751,0.00062049,0.040768,0.00021971,-0.017751
omega_b06,-0.0027229,0.013678,0.0087546,0.011094,0.0021077,-0.0038902,0.0009145,-0.0006707,-0.00022984,0.0012276,-0.00032103,0.001796,0.064202,-0.025126,0.00027792,-0.00066022,-0.0030388,0.002517,0.00015278,6.4339e-05,0.0025722,-0.0033077,-0.00028226,0.0030499,0.0021119,nan,0.00043572,nan,-0.00087877,0.00098657,9.6477e-05,-0.00095259,0.00086321,-0.00068716,-0.0026517,-0.019315,-0.01255,-0.00048294,0.0026478,-0.0031337,0.00035561,6.1452e-05,0.00011997,0.0014216,0.00039767,0.0010801,1,-0.0277,-0.00046767,-0.0036717,0.00071569,0.00043401,-0.0016566,-0.00091256,0.0017861,-0.11694,0.0033894
omega_b16,-0.0031404,0.0051554,0.0048701,0.010905,0.0013453,0.00052468,0.00033911,-0.00043022,7.2754e-05,0.00099327,-0.0002706,0.0044994,-0.024358,0.049977,-0.00024173,-6.9748e-06,0.0030702,-0.0011037,-0.0021506,0.0031569,-0.0016278,0.0051082,-0.00052986,-0.0050945,-0.0035181,nan,0.00081402,nan,0.0036512,-0.004314,-0.00060076,0.0041964,-0.0035598,0.0027522,-0.00097905,-0.0061002,-0.0084806,-0.0078484,0.00012485,0.0029347,-0.00020252,0.0002781,-0.00054888,0.016024,0.0025901,0.0011464,-0.0277,1,0.0010166,-0.0034087,-0.00054463,0.00015232,5.1512e-05,-0.0064096,-0.001417,-0.093951,-0.00058467
omega_b07,-0.00089975,-0.013204,-0.017324,-0.016233,6.8698e-05,-0.0052529,-0.0032157,0.013849,-0.00095385,0.005555,0.0065326,-0.019817,0.0018455,-0.00032882,0.0981,-0.064741,-0.026466,0.0086532,0.011771,-0.023578,0.029371,-0.02114,0.0049037,0.019097,0.021946,nan,0.036021,nan,-0.024144,0.028647,0.0049954,-0.028668,0.023521,-0.018145,-0.00026025,0.012216,0.019931,0.012583,0.001523,-0.0032702,0.0042056,-0.00051041,0.00076742,-0.0020456,-0.0061461,0.0085364,-0.00046767,0.0010166,1,0.019152,0.0025498,0.00019861,0.0013982,0.00033143,0.0075034,-0.0011987,-0.29806
omega_b17,0.00040816,-0.0063684,-0.0096913,0.00031352,0.0008167,-0.0083467,-0.0054342,0.022624,0.00034935,0.0035479,0.012656,-0.03625,6.9557e-05,0.0054849,-0.040219,0.1466,-0.037346,0.0076399,0.019973,-0.037754,0.038291,-0.028544,0.0079694,0.025547,0.031391,nan,0.052368,nan,-0.03826,0.045434,0.0093114,-0.045673,0.037269,-0.028734,0.0027452,-0.0023062,0.0054609,0.0063081,-0.00023481,-0.0088396,0.013019,0.0022017,-0.0010037,0.00059293,-0.011649,0.020927,-0.0036717,-0.0034087,0.019152,1,-0.0016497,0.0024251,-0.001427,-0.00058798,0.010079,0.0044,-0.18758
b_1,-0.0054245,0.020051,0.087372,-0.16883,0.00073527,-0.0059104,-0.0013511,0.012619,4.1342e-05,0.0024113,0.0029751,-0.01343,0.0020294,-0.00053753,0.0016715,-0.00069782,-0.03274,0.017469,0.0017426,-0.025561,0.051131,-0.028091,0.0064275,0.024497,0.028191,nan,0.027924,nan,-0.022087,0.026386,0.0044709,-0.02571,0.021483,-0.016524,-0.13937,-0.034755,-0.076622,0.15918,-0.00071095,-0.00097486,-0.0022959,-0.003125,0.0014667,0.0010732,-0.0060848,0.0092007,0.00071569,-0.00054463,0.0025498,-0.0016497,1,-0.00093278,0.0018724,0.00025668,0.0087486,0.0030462,-0.0028403
a_2,0.00037994,-0.0063235,-0.0075728,-0.0015183,-0.0046986,-0.0016202,-0.00068902,0.0026809,0.00052154,9.8467e-05,0.00060824,-0.0022948,0.000704,-0.00013829,0.00034487,0.00041021,-0.012979,0.0044791,0.0019491,-0.0038038,0.0098145,-0.017413,0.00074443,0.0087371,0.00671,nan,0.007426,nan,-0.0039957,0.0047206,0.0014633,-0.0046155,0.0038935,-0.0030128,0.00014485,0.0052431,0.0056937,-0.00040415,-0.089741,-0.037792,0.0013519,0.00094627,0.00014458,-0.0018993,-0.0011013,0.0016505,0.00043401,0.00015232,0.00019861,0.0024251,-0.00093278,1,0.00046465,-0.00017802,0.001591,-0.00053257,-0.00066351
a_3,0.00039547,-0.0041659,-0.0038406,-0.0053516,0.0013855,-0.0058119,-0.012722,0.038004,-0.00088039,0.0034879,0.010217,-0.032755,-0.00023571,0.00066453,3.4791e-05,-0.00065508,-0.02254,0.015202,0.021248,-0.043809,0.024492,-0.012505,0.0096359,0.010705,0.027752,nan,0.013067,nan,-0.042956,0.051132,0.012211,-0.048965,0.041829,-0.032203,-0.0011163,0.0043198,0.0079695,0.0012083,-0.00059892,0.0016492,-0.093729,-0.067011,-4.8716e-05,0.0042442,-0.01234,0.012751,-0.0016566,5.1512e-05,0.0013982,-0.001427,0.0018724,0.00046465,1,-0.00069194,0.013284,0.00089656,-0.0020097
a_4,-0.0023633,0.0029189,0.0020282,0.0055189,0.00081547,-0.0013834,-0.00091694,0.00045948,-0.0019121,0.010069,0.00055491,-0.00062878,-0.0003908,-0.00083375,0.00023863,0.00086529,0.0016545,-0.00056508,0.0004982,-0.00027043,-0.0027756,0.0013336,0.00017552,-0.0011819,-0.0011977,nan,-0.00091296,nan,0.00013832,-0.00014129,0.004325,0.00021101,-0.00013803,0.00011672,-0.0019422,-0.004329,-0.0050379,-0.0039644,-0.00090858,0.0018038,0.00080059,-0.0010431,-0.028502,-0.13319,0.00081245,0.00062049,-0.00091256,-0.0064096,0.00033143,-0.00058798,0.00025668,-0.00017802,-0.00069194,1,-0.00011241,0.00016738,-0.00037688
b_5,0.0013965,0.0059376,0.0092517,0.00059643,0.0058331,-0.02657,-0.032966,0.11987,-0.0015974,0.0091332,0.033259,-0.17462,0.0010259,0.0027518,-0.00010262,-0.0032117,-0.14474,0.1029,0.085091,-0.19914,0.15387,-0.086995,0.040941,0.075324,0.18677,nan,0.07449,nan,-0.2054,0.24384,0.039598,-0.24921,0.20009,-0.15431,-0.0043229,-0.014707,-0.010862,0.0067607,-0.0019196,0.0058488,0.020314,-0.018373,-1.5449e-05,0.0076437,-0.18105,0.040768,0.0017861,-0.001417,0.0075034,0.010079,0.0087486,0.001591,0.013284,-0.00011241,1,-0.001024,-0.013952
b_6,0.0021057,0.0038318,0.0087931,-0.0022012,-0.002795,0.0022887,-0.00031378,0.00020311,0.00024452,-0.0011448,-0.00090536,0.00046625,-0.028179,0.0029996,0.00018613,-0.0013664,-0.0001849,-0.00058998,-0.000449,0.0010123,-0.00012459,-0.00089178,-0.00019586,0.0005839,-0.00021342,nan,0.00018113,nan,0.0010969,-0.0013009,-6.3658e-05,0.0013084,-0.0010688,0.0008246,-0.00014723,-0.0011598,-0.0042675,-0.00043314,-0.0015487,0.0014952,-0.0030674,-0.0010553,0.00027902,-0.001583,-0.0018891,0.00021971,-0.11694,-0.093951,-0.0011987,0.0044,0.0030462,-0.00053257,0.00089656,0.00016738,-0.001024,1,-0.0028676
b_7,0.00077696,0.01867,0.024512,0.020476,-0.0013194,0.0091302,0.0075693,-0.028923,0.0010851,-0.0050596,-0.014747,0.040379,-0.0030286,0.0017551,-0.018907,0.0057547,0.049836,-0.01476,-0.022451,0.045455,-0.051605,0.039797,-0.0094646,-0.035254,-0.042252,nan,-0.059877,nan,0.046486,-0.055168,-0.0099373,0.055313,-0.045285,0.034931,6.6787e-05,-0.016269,-0.027503,-0.015679,-0.0020854,0.0077876,-0.010628,0.00039747,-0.0012743,-0.00049132,0.01039,-0.017751,0.0033894,-0.00058467,-0.29806,-0.18758,-0.0028403,-0.00066351,-0.0020097,-0.00037688,-0.013952,-0.0028676,1
