b01_pop,1,-0.18513,0.052029,-0.042546,-0.00081306,1.095e-05,0.0012929,-0.002346,0.0030298,-0.0039966,0.0011878,-0.0074558,-0.0011834,-0.00044203,-3.5488e-05,-0.00071116,0.0037782,-0.014415,0.0022827,0.0065907,-0.0090439,0.006981,0.0041743,nan,0.00018933,0.0028789,0.0034571,-0.0039023,nan,nan,-0.0013004,-0.0066389,0.008332,-0.0060617,0.25522,0.12029,-0.056551,0.034051,0.0029646,-0.0041849,-0.0020433,0.0016484,-0.00080569,0.00078395,-0.0037181,-0.0093719,0.0031722,0.0073212,-0.0027077,0.0095358,0.043091,-0.0005722,0.00044143,0.00062433,0.0091109,-0.0026823,-0.0020955
b11_pop,-0.18513,1,0.49873,-0.085952,0.0021951,-0.0030776,0.0017873,-0.0026699,-0.0020421,0.0093643,-0.003901,0.0098436,-0.0010671,0.0093239,0.0055799,-0.0085877,-0.039799,0.024091,0.028189,-0.01016,0.062769,-0.027228,-0.0080121,nan,-0.0013131,-0.019854,-0.023914,0.043122,nan,nan,0.0088654,0.02846,-0.026501,0.011116,-0.15294,-0.49253,-0.18275,0.16084,-0.0023565,-0.013976,0.0013878,-0.0096252,0.0017766,-0.013249,0.0032458,-0.0042175,0.006443,-0.011223,0.0016948,-0.010652,-0.024571,-0.00028899,-0.0016146,0.0016742,-0.0076908,0.0053986,0.0012557
b21_pop,0.052029,0.49873,1,0.019673,0.0010781,-0.0098341,0.0080394,-0.0057357,0.0026095,0.0059312,-0.0079706,0.013311,-0.0078955,0.017395,0.0059572,-0.0068705,-0.010175,0.016559,0.00018738,-0.020707,0.056532,-0.031686,-0.035351,nan,-0.0011844,-0.017942,-0.021575,-0.0098706,nan,nan,0.0080061,0.026008,-0.029422,0.02018,-0.015308,-0.39758,-0.47727,0.1122,0.0094492,-0.032846,-0.00017032,-0.0069403,0.0034911,-0.017805,-0.00018686,-0.015914,0.013618,-0.013637,0.00092948,-0.0060145,0.050914,-0.0011255,-0.0030093,0.0050009,-0.0040778,0.0068079,-0.0011221
a1_pop,-0.042546,-0.085952,0.019673,1,0.007471,-0.0026549,0.0026675,0.0090606,-0.0025532,0.0074467,-0.0096206,0.026277,-0.0042844,0.0056056,-0.0017235,0.0079306,0.0019758,0.010871,0.0046165,-0.0011708,0.032375,-0.0061984,-0.015652,nan,-0.0006757,-0.010218,-0.01231,-0.014738,nan,nan,0.0045207,0.0015015,-0.0032003,0.0039196,0.013476,-0.22744,-0.16072,-0.56442,0.0017521,0.010263,0.0037166,0.005281,-0.0030478,0.0032246,-0.00086925,0.023463,-0.0073999,-0.027361,-0.00022436,0.017379,-0.1127,-0.0010715,-0.0090487,0.01212,-0.012986,0.021531,-0.0019495
b02_pop,-0.00081306,0.0021951,0.0010781,0.007471,1,-0.22092,-1.1267e-07,-0.0042715,0.0022563,-0.0016018,0.0011379,-0.006525,-0.00061418,-0.00044649,0.0033257,-0.0096319,0.025428,0.033523,0.010183,0.0029096,-0.0020626,0.024239,0.0066301,nan,4.6556e-05,0.00074694,0.00085343,-0.0012516,nan,nan,-0.00036866,-0.017447,0.017937,-0.017655,0.0021038,-0.0070642,-0.016119,0.00040147,-0.028556,0.015982,-4.9293e-05,0.00077523,-0.00036772,-0.0037935,-0.0022237,-0.0064945,0.0022843,-0.0037512,0.0001742,-0.0079653,0.0023318,0.0061202,0.0015751,0.00028938,0.00056168,-0.0017411,0.0027893
b12_pop,1.095e-05,-0.0030776,-0.0098341,-0.0026549,-0.22092,1,0.00079144,0.011901,-0.0039639,0.0075587,-0.0017616,0.004488,0.0038364,-0.00089945,-0.0056098,0.00082586,0.070715,-0.085653,0.0025499,0.0044714,-0.051333,0.037102,-0.0010294,nan,0.0010705,0.016206,0.01952,0.017074,nan,nan,-0.0072389,-0.018951,0.021691,-0.015482,-0.00093171,0.010111,0.017378,-0.00049825,-0.0024724,0.00097245,0.00046177,-0.00025921,-0.00056967,0.00025816,0.0022061,0.0078828,-0.0045369,0.00036479,-0.0027851,-0.00037215,-0.0053996,-0.002004,-0.0018507,0.00083401,-0.0049161,0.003917,-0.0033818
b03_pop,0.0012929,0.0017873,0.0080394,0.0026675,-1.1267e-07,0.00079144,1,-0.13936,-0.00031706,-0.00085315,-0.00025086,-0.0005078,-0.0013147,0.0035626,0.001602,-0.0035559,-0.0029727,-0.021629,-0.00045925,-0.00044139,9.0221e-05,0.0016724,0.0051354,nan,-1.9278e-06,-2.4115e-05,-3.0874e-05,0.0023424,nan,nan,1.5991e-06,-0.0018819,0.0023257,-7.9714e-05,0.0011613,-0.0024203,-0.0069224,-0.0007587,0.0006664,0.00078397,-0.0052345,-0.0065152,0.0004621,0.0024799,0.0001783,0.00082887,-0.0010626,-0.0026332,0.00099551,0.0017051,0.0019925,0.00087708,0.010334,-0.0017509,-0.00046763,0.0017595,-0.0025969
b13_pop,-0.002346,-0.0026699,-0.0057357,0.0090606,-0.0042715,0.011901,-0.13936,1,0.00016875,0.0021789,0.0016274,0.0031064,0.0010586,-0.0020461,-0.0017569,0.0072784,-0.051239,0.057529,-0.0010788,-0.0029601,0.035695,-0.016642,0.0067558,nan,-0.00074419,-0.011268,-0.013575,-0.010737,nan,nan,0.0050395,0.013998,-0.016093,0.011205,-0.0003669,-0.0023169,0.011233,-0.011952,0.0019046,-0.0097193,0.017352,0.0040044,-0.00067149,-0.0014288,-0.0020753,-0.0029697,0.0007175,0.00087373,-0.0022125,0.0078192,-0.0038192,-0.0013483,-0.015844,0.0022313,0.0029789,-0.0019617,0.0030945
b04_pop,0.0030298,-0.0020421,0.0026095,-0.0025532,0.0022563,-0.0039639,-0.00031706,0.00016875,1,-0.10308,0.00061571,-0.0005924,-0.00032208,0.00039012,0.00073321,-0.002142,-0.00070441,0.00058853,-0.00021661,-0.00029681,0.00071185,-0.00082595,-0.00021342,nan,-1.4817e-05,-0.0002275,-0.00027242,-0.0010035,nan,nan,0.00010295,0.00023496,-0.00073175,0.00096104,0.0026818,0.0010326,-0.0077871,0.0058402,0.0010057,-0.0020745,-0.0001327,0.0001372,0.0040478,0.0064152,-0.00041574,-0.0006646,-0.00054947,-0.00074622,0.0010307,0.001093,0.0020142,-4.7359e-05,0.00076772,-0.0025314,0.00043962,7.7386e-05,-0.0003799
b14_pop,-0.0039966,0.0093643,0.0059312,0.0074467,-0.0016018,0.0075587,-0.00085315,0.0021789,-0.10308,1,-0.0019879,0.0012419,0.0025539,-0.0077943,-0.0038624,0.0080595,0.0028493,-6.056e-05,0.00049415,0.00067024,-0.00418,0.0025822,-0.00038493,nan,8.7186e-05,0.0013207,0.0015895,0.0022523,nan,nan,-0.00058592,-0.00050798,0.00098972,-0.0019122,-0.0054891,-0.0056758,0.013324,-0.018358,0.00094399,0.011776,0.0021698,0.0035923,-0.0064051,-0.037623,-0.00023017,0.00073911,0.00081138,0.0016847,-0.0038166,-0.0032237,-0.0048383,-0.0011511,-0.0014217,0.01912,-0.0032769,-0.0013669,0.0016757
b05_pop,0.0011878,-0.003901,-0.0079706,-0.0096206,0.0011379,-0.0017616,-0.00025086,0.0016274,0.00061571,-0.0019879,1,-0.14951,-9.0556e-06,-0.0016583,0.0007449,0.0017055,-0.012307,0.0016444,-0.0081602,0.0045843,0.010828,-0.016057,-0.0030426,nan,-0.00022844,-0.0034954,-0.0041765,-0.0003191,nan,nan,0.001589,0.022762,-0.019301,0.014806,0.0023918,0.0057708,0.0022991,0.010281,9.3336e-05,-0.00098163,-0.0008871,-0.00045575,-0.0013537,0.0016542,0.042765,-0.028237,0.0023797,0.0002035,-0.00017998,-0.00021271,0.003667,0.00028524,-0.00043687,0.00013001,-0.041282,0.00022998,0.0027704
b15_pop,-0.0074558,0.0098436,0.013311,0.026277,-0.006525,0.004488,-0.0005078,0.0031064,-0.0005924,0.0012419,-0.14951,1,-0.002728,0.0002367,0.0017539,0.007481,-0.017403,0.0028366,0.021866,-0.031625,0.0086134,-0.026381,-0.0050447,nan,-0.00018372,-0.0028664,-0.0033982,0.00014785,nan,nan,0.0013173,0.054023,-0.035268,0.019046,-0.0077601,-0.020719,-0.008114,-0.028982,0.0030148,-0.005062,0.0029744,0.0021454,0.0013313,-0.001985,-0.020059,0.12651,-0.0024091,8.9943e-05,0.0024045,0.0081638,-0.0051563,0.00061465,-0.00036609,0.00027227,-0.010415,-0.00041037,-0.0037749
b06_pop,-0.0011834,-0.0010671,-0.0078955,-0.0042844,-0.00061418,0.0038364,-0.0013147,0.0010586,-0.00032208,0.0025539,-9.0556e-06,-0.002728,1,-0.1633,0.00062365,-0.0048025,0.010146,-0.0015721,0.012038,-0.0055114,-0.0068786,0.015829,0.0045261,nan,0.00014711,0.0022676,0.0026858,-0.00051586,nan,nan,-0.0010769,-0.018104,0.023831,-0.020097,-0.0018057,0.00040069,0.00093443,0.0049561,-0.002375,-0.00017947,0.0017673,0.00096867,-0.00013025,-0.00049802,-0.0014802,-0.0020604,0.071033,-0.028096,0.0015128,-0.0056668,-0.0017689,0.00026088,-0.00086019,-0.0014836,-0.00042889,-0.035395,-0.0004506
b16_pop,-0.00044203,0.0093239,0.017395,0.0056056,-0.00044649,-0.00089945,0.0035626,-0.0020461,0.00039012,-0.0077943,-0.0016583,0.0002367,-0.1633,1,-0.0028667,-0.009246,0.017906,-0.0068368,-0.0012903,0.01164,-0.010153,0.027141,0.0079033,nan,0.00021796,0.0033739,0.0039901,0.002051,nan,nan,-0.0016183,-0.036601,0.043519,-0.031473,-0.00036625,-0.0076842,-0.0050578,-0.00079863,0.0062088,0.0043526,-0.0013498,-0.00051943,-0.00078899,-0.002081,0.00020042,0.0035739,-0.024434,0.079185,-0.0015145,0.0034297,0.00040841,-0.0014426,0.0021891,0.0028255,-0.0071784,0.0072922,-0.0032215
b07_pop,-3.5488e-05,0.0055799,0.0059572,-0.0017235,0.0033257,-0.0056098,0.001602,-0.0017569,0.00073321,-0.0038624,0.0007449,0.0017539,0.00062365,-0.0028667,1,-0.15902,-0.020524,0.0027546,-0.025563,-0.012515,0.011381,-0.032753,-0.0088259,nan,-0.00024429,-0.0037916,-0.0044621,-0.00056738,nan,nan,0.0018011,0.029107,-0.042111,0.04937,-0.00036053,-0.0052112,-0.0058141,0.0032184,-0.0011708,-0.0029478,0.00024673,0.0004276,0.00033936,-0.0034487,-0.0019915,-0.0026771,0.00067323,-0.0010073,0.11631,-0.048661,0.0028301,0.0010697,0.0012661,0.0012387,0.0042904,-0.0025053,-0.036089
b17_pop,-0.00071116,-0.0085877,-0.0068705,0.0079306,-0.0096319,0.00082586,-0.0035559,0.0072784,-0.002142,0.0080595,0.0017055,0.007481,-0.0048025,-0.009246,-0.15902,1,-0.06615,0.003408,-0.09398,-0.010146,0.045952,-0.097972,-0.020524,nan,-0.00097997,-0.015127,-0.017888,-0.0022188,nan,nan,0.0070944,0.085193,-0.13207,0.16257,0.00057724,0.0051605,0.017162,-0.010645,0.0042472,-0.013451,-0.0012489,0.0029746,0.0014158,0.0048051,0.0029714,0.0027918,-0.0020946,-0.00043292,-0.059685,0.16533,-0.0055595,0.0012931,-0.0034194,-0.0010479,0.0015009,-0.0033411,-0.0086025
p1_pop,0.0037782,-0.039799,-0.010175,0.0019758,0.025428,0.070715,-0.0029727,-0.051239,-0.00070441,0.0028493,-0.012307,-0.017403,0.010146,0.017906,-0.020524,-0.06615,1,-0.19161,0.14236,0.10934,-0.66156,0.64916,-0.34569,nan,0.013817,0.20961,0.25209,0.10508,nan,nan,-0.09389,-0.43822,0.43711,-0.39957,0.0030358,0.012301,0.0054746,-0.063809,-0.011071,0.0204,0.0010461,-0.019962,-0.0016641,0.0017584,0.002483,-0.0040204,-0.0050787,-0.0092663,-0.010471,-0.012615,-0.011775,-0.0078674,0.001793,-0.0015288,-0.021904,0.020335,-0.018319
g1_pop,-0.014415,0.024091,0.016559,0.010871,0.033523,-0.085653,-0.021629,0.057529,0.00058853,-6.056e-05,0.0016444,0.0028366,-0.0015721,-0.0068368,0.0027546,0.003408,-0.19161,1,0.02327,0.014171,0.27621,-0.14376,-0.32177,nan,-0.0057701,-0.087247,-0.1051,-0.12103,nan,nan,0.039056,0.056603,-0.11086,0.025897,-0.015661,0.0042099,-0.016728,-0.0016548,-0.016621,0.039646,-0.0018929,0.039095,-0.00030311,-0.0023263,-0.00049435,-0.00093257,0.0040047,0.00030876,0.0011757,-0.00064863,-0.00073767,0.00045775,-0.0019381,0.0023485,0.0032933,-0.0066374,0.0018374
p2_pop,0.0022827,0.028189,0.00018738,0.0046165,0.010183,0.0025499,-0.00045925,-0.0010788,-0.00021661,0.00049415,-0.0081602,0.021866,0.012038,-0.0012903,-0.025563,-0.09398,0.14236,0.02327,1,-0.32156,-0.052667,0.30602,0.10974,nan,0.0011756,0.018569,0.021231,-0.066478,nan,nan,-0.0096977,-0.19286,0.40308,-0.50623,0.0049729,0.01978,-0.035138,0.047724,-0.0017315,0.035701,-0.0013577,-0.0020978,-0.00066466,0.00016305,-0.00044796,0.0064065,-0.00082704,-0.012001,-0.016492,-0.017994,-0.0038634,-0.0076005,0.001079,-0.0015006,-0.013497,0.018159,-0.016166
g2_pop,0.0065907,-0.01016,-0.020707,-0.0011708,0.0029096,0.0044714,-0.00044139,-0.0029601,-0.00029681,0.00067024,0.0045843,-0.031625,-0.0055114,0.01164,-0.012515,-0.010146,0.10934,0.014171,-0.32156,1,-0.081297,0.10494,-0.038418,nan,0.0016863,0.026125,0.031244,0.14901,nan,nan,-0.010832,-0.25187,0.020743,-0.12874,0.0070873,-0.0056742,0.024237,-0.017871,-0.00059177,0.0098216,0.00053647,-0.0018132,-0.00052063,0.00095544,0.0029375,-0.0055647,-0.0028474,0.0032435,-0.0077762,0.00049183,-0.005226,-0.0023161,0.00011063,-0.00027303,-0.012618,0.0015849,-0.0032613
alpha11_pop,-0.0090439,0.062769,0.056532,0.032375,-0.0020626,-0.051333,9.0221e-05,0.035695,0.00071185,-0.00418,0.010828,0.0086134,-0.0068786,-0.010153,0.011381,0.045952,-0.66156,0.27621,-0.052667,-0.081297,1,-0.38954,0.1903,nan,-0.020864,-0.31566,-0.38029,-0.089522,nan,nan,0.14039,0.30051,-0.29146,0.24033,-0.012848,-0.091594,-0.041297,0.090614,0.0027829,-0.0016656,-0.0071518,0.015407,0.0039761,-0.0059927,-0.0001903,0.0059759,0.0055157,-8.8278e-05,0.0061842,0.016382,0.055026,0.004911,0.00048438,0.0016371,0.0049605,-0.0071249,0.014538
alpha12_pop,0.006981,-0.027228,-0.031686,-0.0061984,0.024239,0.037102,0.0016724,-0.016642,-0.00082595,0.0025822,-0.016057,-0.026381,0.015829,0.027141,-0.032753,-0.097972,0.64916,-0.14376,0.30602,0.10494,-0.38954,1,0.28006,nan,0.0082216,0.12565,0.14997,0.11657,nan,nan,-0.057217,-0.59945,0.65954,-0.60928,0.0085215,0.024718,0.0015258,-0.013397,-0.0027073,0.095626,-0.00058443,-0.013177,-0.0011513,0.00069777,0.00017579,-0.0066158,-0.0065362,-0.013727,-0.018502,-0.013618,-0.0054615,-0.023594,0.00043845,-0.0024433,-0.028664,0.029499,-0.02565
alpha13_pop,0.0041743,-0.0080121,-0.035351,-0.015652,0.0066301,-0.0010294,0.0051354,0.0067558,-0.00021342,-0.00038493,-0.0030426,-0.0050447,0.0045261,0.0079033,-0.0088259,-0.020524,-0.34569,-0.32177,0.10974,-0.038418,0.1903,0.28006,1,nan,-0.0038791,-0.058199,-0.070993,0.035118,nan,nan,0.02532,-0.096668,0.18748,-0.13134,0.0063472,0.030433,0.011725,0.02619,-0.0057458,0.04897,-0.0084991,-0.012593,0.00093561,-0.0012224,-0.0034309,-0.001183,-0.0029602,-0.002789,-0.0069465,-0.0013121,0.0056303,-0.0082877,0.0011959,-0.0013875,-0.0010812,0.0061755,-0.0043539
alpha14_pop,nan,nan,nan,nan,nan,nan,nan,nan,nan,nan,nan,nan,nan,nan,nan,nan,nan,nan,nan,nan,nan,nan,nan,nan,nan,nan,nan,nan,nan,nan,nan,nan,nan,nan,nan,nan,nan,nan,nan,nan,nan,nan,nan,nan,nan,nan,nan,nan,nan,nan,nan,nan,nan,nan,nan,nan,nan
alpha15_pop,0.00018933,-0.0013131,-0.0011844,-0.0006757,4.6556e-05,0.0010705,-1.9278e-06,-0.00074419,-1.4817e-05,8.7186e-05,-0.00022844,-0.00018372,0.00014711,0.00021796,-0.00024429,-0.00097997,0.013817,-0.0057701,0.0011756,0.0016863,-0.020864,0.0082216,-0.0038791,nan,1,0.045241,0.053243,0.0018359,nan,nan,-0.034463,-0.0063617,0.006229,-0.0051465,0.00026938,0.0019162,0.00086013,-0.0018852,-5.9185e-05,4.7511e-05,0.00014834,-0.00032224,-8.3108e-05,0.00012497,3.7212e-06,-0.00012517,-0.00011617,-1.1764e-06,-0.00013343,-0.00034538,-0.0011464,-0.00010476,-9.7705e-06,-3.4695e-05,-0.00010777,0.00015501,-0.00030798
alpha16_pop,0.0028789,-0.019854,-0.017942,-0.010218,0.00074694,0.016206,-2.4115e-05,-0.011268,-0.0002275,0.0013207,-0.0034954,-0.0028664,0.0022676,0.0033739,-0.0037916,-0.015127,0.20961,-0.087247,0.018569,0.026125,-0.31566,0.12565,-0.058199,nan,0.045241,1,0.71713,0.028188,nan,nan,-0.24034,-0.097986,0.095957,-0.079756,0.0040882,0.028987,0.012986,-0.028478,-0.000903,0.00087075,0.0022383,-0.004886,-0.0012592,0.0018881,6.0196e-05,-0.0019057,-0.0017682,-5.3497e-05,-0.0020785,-0.0052724,-0.017317,-0.001615,-0.00014321,-0.00053154,-0.0017205,0.0024224,-0.0047247
alpha17_pop,0.0034571,-0.023914,-0.021575,-0.01231,0.00085343,0.01952,-3.0874e-05,-0.013575,-0.00027242,0.0015895,-0.0041765,-0.0033982,0.0026858,0.0039901,-0.0044621,-0.017888,0.25209,-0.1051,0.021231,0.031244,-0.38029,0.14997,-0.070993,nan,0.053243,0.71713,1,0.033955,nan,nan,-0.3739,-0.1167,0.11373,-0.093991,0.0049092,0.034893,0.015684,-0.034388,-0.0010787,0.00087248,0.0027055,-0.0058761,-0.001515,0.0022774,7.2768e-05,-0.0022869,-0.002119,-2.3441e-05,-0.0024378,-0.0062972,-0.020889,-0.0019113,-0.00017701,-0.00063362,-0.0020062,0.002836,-0.0056181
alpha21_pop,-0.0039023,0.043122,-0.0098706,-0.014738,-0.0012516,0.017074,0.0023424,-0.010737,-0.0010035,0.0022523,-0.0003191,0.00014785,-0.00051586,0.002051,-0.00056738,-0.0022188,0.10508,-0.12103,-0.066478,0.14901,-0.089522,0.11657,0.035118,nan,0.0018359,0.028188,0.033955,1,nan,nan,-0.012092,-0.044472,0.021258,-0.010734,0.0027096,-0.015647,0.017004,-0.047794,0.00070351,0.0036282,0.00092358,-0.0071152,-0.00019009,-0.00082749,0.0017079,-0.0049847,-0.0015774,-0.0018718,0.00028281,0.0021807,-0.017504,-0.0018189,-0.00026983,-0.00031242,-0.0030211,0.00085354,-0.0019389
alpha22_pop,nan,nan,nan,nan,nan,nan,nan,nan,nan,nan,nan,nan,nan,nan,nan,nan,nan,nan,nan,nan,nan,nan,nan,nan,nan,nan,nan,nan,nan,nan,nan,nan,nan,nan,nan,nan,nan,nan,nan,nan,nan,nan,nan,nan,nan,nan,nan,nan,nan,nan,nan,nan,nan,nan,nan,nan,nan
alpha23_pop,nan,nan,nan,nan,nan,nan,nan,nan,nan,nan,nan,nan,nan,nan,nan,nan,nan,nan,nan,nan,nan,nan,nan,nan,nan,nan,nan,nan,nan,nan,nan,nan,nan,nan,nan,nan,nan,nan,nan,nan,nan,nan,nan,nan,nan,nan,nan,nan,nan,nan,nan,nan,nan,nan,nan,nan,nan
alpha24_pop,-0.0013004,0.0088654,0.0080061,0.0045207,-0.00036866,-0.0072389,1.5991e-06,0.0050395,0.00010295,-0.00058592,0.001589,0.0013173,-0.0010769,-0.0016183,0.0018011,0.0070944,-0.09389,0.039056,-0.0096977,-0.010832,0.14039,-0.057217,0.02532,nan,-0.034463,-0.24034,-0.3739,-0.012092,nan,nan,1,0.044765,-0.045516,0.037755,-0.0018385,-0.012892,-0.0057137,0.012563,0.00040363,-0.00052946,-0.00098882,0.0021878,0.00056232,-0.00083744,-2.6307e-05,0.00085157,0.000806,8.8418e-05,0.00099658,0.002405,0.0076501,0.0007469,5.7429e-05,0.00024574,0.00082974,-0.0012069,0.002182
alpha25_pop,-0.0066389,0.02846,0.026008,0.0015015,-0.017447,-0.018951,-0.0018819,0.013998,0.00023496,-0.00050798,0.022762,0.054023,-0.018104,-0.036601,0.029107,0.085193,-0.43822,0.056603,-0.19286,-0.25187,0.30051,-0.59945,-0.096668,nan,-0.0063617,-0.097986,-0.1167,-0.044472,nan,nan,0.044765,1,-0.75833,0.53502,-0.0081347,-0.0276,-0.010179,0.018839,0.0040785,-0.058045,-0.00022327,0.0089145,0.0015915,-0.0020129,-0.0023661,0.0053715,0.0075353,0.011821,0.018232,0.014828,0.0043928,0.013156,-0.0015436,0.003262,0.050041,-0.033105,0.01895
alpha26_pop,0.008332,-0.026501,-0.029422,-0.0032003,0.017937,0.021691,0.0023257,-0.016093,-0.00073175,0.00098972,-0.019301,-0.035268,0.023831,0.043519,-0.042111,-0.13207,0.43711,-0.11086,0.40308,0.020743,-0.29146,0.65954,0.18748,nan,0.006229,0.095957,0.11373,0.021258,nan,nan,-0.045516,-0.75833,1,-0.81917,0.010389,0.028149,-0.00082174,-0.0027185,-0.0035045,0.064065,-0.00063453,-0.0094413,-0.0019155,0.0011337,0.00093617,-0.0052392,-0.0084241,-0.019343,-0.026223,-0.02321,-0.0011448,-0.014061,0.001945,-0.0037226,-0.036939,0.043649,-0.030155
alpha27_pop,-0.0060617,0.011116,0.02018,0.0039196,-0.017655,-0.015482,-7.9714e-05,0.011205,0.00096104,-0.0019122,0.014806,0.019046,-0.020097,-0.031473,0.04937,0.16257,-0.39957,0.025897,-0.50623,-0.12874,0.24033,-0.60928,-0.13134,nan,-0.0051465,-0.079756,-0.093991,-0.010734,nan,nan,0.037755,0.53502,-0.81917,1,-0.008519,-0.021932,0.013972,-0.015534,0.0026694,-0.062769,0.00077173,0.0061547,0.0018616,5.6924e-05,-0.00041507,0.0047502,0.0047777,0.01756,0.030264,0.028789,-0.00054292,0.013516,-0.001755,0.002893,0.024883,-0.035391,0.036824
omega_b01,0.25522,-0.15294,-0.015308,0.013476,0.0021038,-0.00093171,0.0011613,-0.0003669,0.0026818,-0.0054891,0.0023918,-0.0077601,-0.0018057,-0.00036625,-0.00036053,0.00057724,0.0030358,-0.015661,0.0049729,0.0070873,-0.012848,0.0085215,0.0063472,nan,0.00026938,0.0040882,0.0049092,0.0027096,nan,nan,-0.0018385,-0.0081347,0.010389,-0.008519,1,0.081079,-0.039643,0.010591,-0.0011216,-0.001891,-0.001087,0.0034824,-0.0022352,0.0011643,-0.0028286,-0.0056785,-0.00018261,0.0047628,-0.0015334,0.011683,-0.046052,-0.00058428,0.00026362,0.0027617,0.0077663,0.000474,-0.0011794
omega_b11,0.12029,-0.49253,-0.39758,-0.22744,-0.0070642,0.010111,-0.0024203,-0.0023169,0.0010326,-0.0056758,0.0057708,-0.020719,0.00040069,-0.0076842,-0.0052112,0.0051605,0.012301,0.0042099,0.01978,-0.0056742,-0.091594,0.024718,0.030433,nan,0.0019162,0.028987,0.034893,-0.015647,nan,nan,-0.012892,-0.0276,0.028149,-0.021932,0.081079,1,0.27939,-0.05529,0.0053622,0.0063555,-7.902e-06,0.0070193,-0.0021065,0.017026,0.00028202,-0.0042817,-0.0015867,0.01312,-0.00030324,0.0061733,-0.0008438,0.0011287,0.0056517,-0.0079918,0.011633,-0.01228,-0.0033295
omega_b21,-0.056551,-0.18275,-0.47727,-0.16072,-0.016119,0.017378,-0.0069224,0.011233,-0.0077871,0.013324,0.0022991,-0.008114,0.00093443,-0.0050578,-0.0058141,0.017162,0.0054746,-0.016728,-0.035138,0.024237,-0.041297,0.0015258,0.011725,nan,0.00086013,0.012986,0.015684,0.017004,nan,nan,-0.0057137,-0.010179,-0.00082174,0.013972,-0.039643,0.27939,1,-0.14835,5.1075e-05,0.02928,0.0075384,0.0056318,-0.0035643,0.010889,0.013169,0.031537,-0.023773,0.0073819,0.0024315,0.0028566,-0.096956,0.0038341,0.0020214,-0.0047422,-0.0013272,0.011861,0.0093579
omega_a1,0.034051,0.16084,0.1122,-0.56442,0.00040147,-0.00049825,-0.0007587,-0.011952,0.0058402,-0.018358,0.010281,-0.028982,0.0049561,-0.00079863,0.0032184,-0.010645,-0.063809,-0.0016548,0.047724,-0.017871,0.090614,-0.013397,0.02619,nan,-0.0018852,-0.028478,-0.034388,-0.047794,nan,nan,0.012563,0.018839,-0.0027185,-0.015534,0.010591,-0.05529,-0.14835,1,-0.0050594,-0.01253,-0.0068017,-0.013804,0.0062649,-0.010918,-0.0049603,-0.034356,0.013856,0.031869,-0.0042247,-0.014026,0.12248,-0.0022607,0.0073642,-0.0073906,0.0088427,-0.021478,0.0040026
omega_b02,0.0029646,-0.0023565,0.0094492,0.0017521,-0.028556,-0.0024724,0.0006664,0.0019046,0.0010057,0.00094399,9.3336e-05,0.0030148,-0.002375,0.0062088,-0.0011708,0.0042472,-0.011071,-0.016621,-0.0017315,-0.00059177,0.0027829,-0.0027073,-0.0057458,nan,-5.9185e-05,-0.000903,-0.0010787,0.00070351,nan,nan,0.00040363,0.0040785,-0.0035045,0.0026694,-0.0011216,0.0053622,5.1075e-05,-0.0050594,1,-0.037315,-0.0046468,0.0040192,-0.0021806,0.002559,0.0020313,-0.00075704,-0.00071878,-0.0019927,0.00049398,0.0058757,0.0038829,-0.1008,0.0014871,-0.0016301,-0.005568,0.0067527,-0.0006286
omega_b12,-0.0041849,-0.013976,-0.032846,0.010263,0.015982,0.00097245,0.00078397,-0.0097193,-0.0020745,0.011776,-0.00098163,-0.005062,-0.00017947,0.0043526,-0.0029478,-0.013451,0.0204,0.039646,0.035701,0.0098216,-0.0016656,0.095626,0.04897,nan,4.7511e-05,0.00087075,0.00087248,0.0036282,nan,nan,-0.00052946,-0.058045,0.064065,-0.062769,-0.001891,0.0063555,0.02928,-0.01253,-0.037315,1,0.0023493,-0.0017496,-0.0013276,0.00076294,-0.0038869,0.0011198,-0.004672,-0.0062337,-0.001483,-0.011745,-0.0036894,-0.067812,0.0026517,0.00088107,0.0023497,0.0079911,0.00027057
omega_b03,-0.0020433,0.0013878,-0.00017032,0.0037166,-4.9293e-05,0.00046177,-0.0052345,0.017352,-0.0001327,0.0021698,-0.0008871,0.0029744,0.0017673,-0.0013498,0.00024673,-0.0012489,0.0010461,-0.0018929,-0.0013577,0.00053647,-0.0071518,-0.00058443,-0.0084991,nan,0.00014834,0.0022383,0.0027055,0.00092358,nan,nan,-0.00098882,-0.00022327,-0.00063453,0.00077173,-0.001087,-7.902e-06,0.0075384,-0.0068017,-0.0046468,0.0023493,1,-0.028858,0.00026376,0.0013809,-0.00010786,0.0011392,-0.00028828,-0.0021603,-0.00043795,-0.0082157,-0.0039317,0.0015052,-0.078035,0.0016112,-0.00040245,0.0005295,0.0024589
omega_b13,0.0016484,-0.0096252,-0.0069403,0.005281,0.00077523,-0.00025921,-0.0065152,0.0040044,0.0001372,0.0035923,-0.00045575,0.0021454,0.00096867,-0.00051943,0.0004276,0.0029746,-0.019962,0.039095,-0.0020978,-0.0018132,0.015407,-0.013177,-0.012593,nan,-0.00032224,-0.004886,-0.0058761,-0.0071152,nan,nan,0.0021878,0.0089145,-0.0094413,0.0061547,0.0034824,0.0070193,0.0056318,-0.013804,0.0040192,-0.0017496,-0.028858,1,-0.0013886,0.00097048,-0.0024088,0.00033904,0.00033369,0.00092152,-0.0016791,0.0073766,-0.001743,-0.0020206,-0.03476,0.0010735,0.0020372,0.0013365,0.001643
omega_b04,-0.00080569,0.0017766,0.0034911,-0.0030478,-0.00036772,-0.00056967,0.0004621,-0.00067149,0.0040478,-0.0064051,-0.0013537,0.0013313,-0.00013025,-0.00078899,0.00033936,0.0014158,-0.0016641,-0.00030311,-0.00066466,-0.00052063,0.0039761,-0.0011513,0.00093561,nan,-8.3108e-05,-0.0012592,-0.001515,-0.00019009,nan,nan,0.00056232,0.0015915,-0.0019155,0.0018616,-0.0022352,-0.0021065,-0.0035643,0.0062649,-0.0021806,-0.0013276,0.00026376,-0.0013886,1,-0.015659,-0.0008791,0.00013655,0.00020253,0.0013377,0.00011632,0.0018565,0.004093,0.00036883,0.00021902,-0.043987,0.0018154,-0.00095219,0.00011279
omega_b14,0.00078395,-0.013249,-0.017805,0.0032246,-0.0037935,0.00025816,0.0024799,-0.0014288,0.0064152,-0.037623,0.0016542,-0.001985,-0.00049802,-0.002081,-0.0034487,0.0048051,0.0017584,-0.0023263,0.00016305,0.00095544,-0.0059927,0.00069777,-0.0012224,nan,0.00012497,0.0018881,0.0022774,-0.00082749,nan,nan,-0.00083744,-0.0020129,0.0011337,5.6924e-05,0.0011643,0.017026,0.010889,-0.010918,0.002559,0.00076294,0.0013809,0.00097048,-0.015659,1,0.0033609,-0.0077808,-0.0055309,0.0043092,0.0016207,0.0060778,-0.0048794,-0.0013617,-0.00039694,-0.11303,0.0074539,-0.0016086,-0.0047979
omega_b05,-0.0037181,0.0032458,-0.00018686,-0.00086925,-0.0022237,0.0022061,0.0001783,-0.0020753,-0.00041574,-0.00023017,0.042765,-0.020059,-0.0014802,0.00020042,-0.0019915,0.0029714,0.002483,-0.00049435,-0.00044796,0.0029375,-0.0001903,0.00017579,-0.0034309,nan,3.7212e-06,6.0196e-05,7.2768e-05,0.0017079,nan,nan,-2.6307e-05,-0.0023661,0.00093617,-0.00041507,-0.0028286,0.00028202,0.013169,-0.0049603,0.0020313,-0.0038869,-0.00010786,-0.0024088,-0.0008791,0.0033609,1,-0.018615,-0.0031367,-0.0033457,-0.0014001,0.007955,-0.0040717,-0.00023021,-0.00073552,0.00086347,-0.084442,0.0049566,-0.001038
omega_b15,-0.0093719,-0.0042175,-0.015914,0.023463,-0.0064945,0.0078828,0.00082887,-0.0029697,-0.0006646,0.00073911,-0.028237,0.12651,-0.0020604,0.0035739,-0.0026771,0.0027918,-0.0040204,-0.00093257,0.0064065,-0.0055647,0.0059759,-0.0066158,-0.001183,nan,-0.00012517,-0.0019057,-0.0022869,-0.0049847,nan,nan,0.00085157,0.0053715,-0.0052392,0.0047502,-0.0056785,-0.0042817,0.031537,-0.034356,-0.00075704,0.0011198,0.0011392,0.00033904,0.00013655,-0.0077808,-0.018615,1,-0.00062018,-0.0028616,0.0002473,0.012835,-0.0091408,0.00024644,-0.0019673,0.0042212,-0.13068,0.0013715,-0.00032856
omega_b06,0.0031722,0.006443,0.013618,-0.0073999,0.0022843,-0.0045369,-0.0010626,0.0007175,-0.00054947,0.00081138,0.0023797,-0.0024091,0.071033,-0.024434,0.00067323,-0.0020946,-0.0050787,0.0040047,-0.00082704,-0.0028474,0.0055157,-0.0065362,-0.0029602,nan,-0.00011617,-0.0017682,-0.002119,-0.0015774,nan,nan,0.000806,0.0075353,-0.0084241,0.0047777,-0.00018261,-0.0015867,-0.023773,0.013856,-0.00071878,-0.004672,-0.00028828,0.00033369,0.00020253,-0.0055309,-0.0031367,-0.00062018,1,-0.01252,0.0020592,-0.010952,0.0057625,-0.00016718,0.0029514,-0.0011182,-0.0012063,-0.12119,-0.0013929
omega_b16,0.0073212,-0.011223,-0.013637,-0.027361,-0.0037512,0.00036479,-0.0026332,0.00087373,-0.00074622,0.0016847,0.0002035,8.9943e-05,-0.028096,0.079185,-0.0010073,-0.00043292,-0.0092663,0.00030876,-0.012001,0.0032435,-8.8278e-05,-0.013727,-0.002789,nan,-1.1764e-06,-5.3497e-05,-2.3441e-05,-0.0018718,nan,nan,8.8418e-05,0.011821,-0.019343,0.01756,0.0047628,0.01312,0.0073819,0.031869,-0.0019927,-0.0062337,-0.0021603,0.00092152,0.0013377,0.0043092,-0.0033457,-0.0028616,-0.01252,1,0.0021485,-0.0076285,0.0039021,0.0014788,0.00046596,0.00027385,0.0056288,-0.064195,0.0018826
omega_b07,-0.0027077,0.0016948,0.00092948,-0.00022436,0.0001742,-0.0027851,0.00099551,-0.0022125,0.0010307,-0.0038166,-0.00017998,0.0024045,0.0015128,-0.0015145,0.11631,-0.059685,-0.010471,0.0011757,-0.016492,-0.0077762,0.0061842,-0.018502,-0.0069465,nan,-0.00013343,-0.0020785,-0.0024378,0.00028281,nan,nan,0.00099658,0.018232,-0.026223,0.030264,-0.0015334,-0.00030324,0.0024315,-0.0042247,0.00049398,-0.001483,-0.00043795,-0.0016791,0.00011632,0.0016207,-0.0014001,0.0002473,0.0020592,0.0021485,1,-0.0090845,-0.0020983,-0.0003283,0.0012247,0.00017401,0.0040728,-0.0047323,-0.10881
omega_b17,0.0095358,-0.010652,-0.0060145,0.017379,-0.0079653,-0.00037215,0.0017051,0.0078192,0.001093,-0.0032237,-0.00021271,0.0081638,-0.0056668,0.0034297,-0.048661,0.16533,-0.012615,-0.00064863,-0.017994,0.00049183,0.016382,-0.013618,-0.0013121,nan,-0.00034538,-0.0052724,-0.0062972,0.0021807,nan,nan,0.002405,0.014828,-0.02321,0.028789,0.011683,0.0061733,0.0028566,-0.014026,0.0058757,-0.011745,-0.0082157,0.0073766,0.0018565,0.0060778,0.007955,0.012835,-0.010952,-0.0076285,-0.0090845,1,-0.0045961,0.001607,0.0028011,0.0035635,-0.0050403,0.020774,-0.13831
b_1,0.043091,-0.024571,0.050914,-0.1127,0.0023318,-0.0053996,0.0019925,-0.0038192,0.0020142,-0.0048383,0.003667,-0.0051563,-0.0017689,0.00040841,0.0028301,-0.0055595,-0.011775,-0.00073767,-0.0038634,-0.005226,0.055026,-0.0054615,0.0056303,nan,-0.0011464,-0.017317,-0.020889,-0.017504,nan,nan,0.0076501,0.0043928,-0.0011448,-0.00054292,-0.046052,-0.0008438,-0.096956,0.12248,0.0038829,-0.0036894,-0.0039317,-0.001743,0.004093,-0.0048794,-0.0040717,-0.0091408,0.0057625,0.0039021,-0.0020983,-0.0045961,1,-0.0024704,0.0024328,-0.0026902,0.0055692,0.0015644,0.00055047
a_2,-0.0005722,-0.00028899,-0.0011255,-0.0010715,0.0061202,-0.002004,0.00087708,-0.0013483,-4.7359e-05,-0.0011511,0.00028524,0.00061465,0.00026088,-0.0014426,0.0010697,0.0012931,-0.0078674,0.00045775,-0.0076005,-0.0023161,0.004911,-0.023594,-0.0082877,nan,-0.00010476,-0.001615,-0.0019113,-0.0018189,nan,nan,0.0007469,0.013156,-0.014061,0.013516,-0.00058428,0.0011287,0.0038341,-0.0022607,-0.1008,-0.067812,0.0015052,-0.0020206,0.00036883,-0.0013617,-0.00023021,0.00024644,-0.00016718,0.0014788,-0.0003283,0.001607,-0.0024704,1,0.00019448,0.00022058,-0.00057501,-0.0058242,-0.0010587
a_3,0.00044143,-0.0016146,-0.0030093,-0.0090487,0.0015751,-0.0018507,0.010334,-0.015844,0.00076772,-0.0014217,-0.00043687,-0.00036609,-0.00086019,0.0021891,0.0012661,-0.0034194,0.001793,-0.0019381,0.001079,0.00011063,0.00048438,0.00043845,0.0011959,nan,-9.7705e-06,-0.00014321,-0.00017701,-0.00026983,nan,nan,5.7429e-05,-0.0015436,0.001945,-0.001755,0.00026362,0.0056517,0.0020214,0.0073642,0.0014871,0.0026517,-0.078035,-0.03476,0.00021902,-0.00039694,-0.00073552,-0.0019673,0.0029514,0.00046596,0.0012247,0.0028011,0.0024328,0.00019448,1,-0.0020998,0.0042501,-0.0029804,-0.0027734
a_4,0.00062433,0.0016742,0.0050009,0.01212,0.00028938,0.00083401,-0.0017509,0.0022313,-0.0025314,0.01912,0.00013001,0.00027227,-0.0014836,0.0028255,0.0012387,-0.0010479,-0.0015288,0.0023485,-0.0015006,-0.00027303,0.0016371,-0.0024433,-0.0013875,nan,-3.4695e-05,-0.00053154,-0.00063362,-0.00031242,nan,nan,0.00024574,0.003262,-0.0037226,0.002893,0.0027617,-0.0079918,-0.0047422,-0.0073906,-0.0016301,0.00088107,0.0016112,0.0010735,-0.043987,-0.11303,0.00086347,0.0042212,-0.0011182,0.00027385,0.00017401,0.0035635,-0.0026902,0.00022058,-0.0020998,1,-0.0010763,0.00069566,0.00093195
b_5,0.0091109,-0.0076908,-0.0040778,-0.012986,0.00056168,-0.0049161,-0.00046763,0.0029789,0.00043962,-0.0032769,-0.041282,-0.010415,-0.00042889,-0.0071784,0.0042904,0.0015009,-0.021904,0.0032933,-0.013497,-0.012618,0.0049605,-0.028664,-0.0010812,nan,-0.00010777,-0.0017205,-0.0020062,-0.0030211,nan,nan,0.00082974,0.050041,-0.036939,0.024883,0.0077663,0.011633,-0.0013272,0.0088427,-0.005568,0.0023497,-0.00040245,0.0020372,0.0018154,0.0074539,-0.084442,-0.13068,-0.0012063,0.0056288,0.0040728,-0.0050403,0.0055692,-0.00057501,0.0042501,-0.0010763,1,-0.0034228,-0.0014253
b_6,-0.0026823,0.0053986,0.0068079,0.021531,-0.0017411,0.003917,0.0017595,-0.0019617,7.7386e-05,-0.0013669,0.00022998,-0.00041037,-0.035395,0.0072922,-0.0025053,-0.0033411,0.020335,-0.0066374,0.018159,0.0015849,-0.0071249,0.029499,0.0061755,nan,0.00015501,0.0024224,0.002836,0.00085354,nan,nan,-0.0012069,-0.033105,0.043649,-0.035391,0.000474,-0.01228,0.011861,-0.021478,0.0067527,0.0079911,0.0005295,0.0013365,-0.00095219,-0.0016086,0.0049566,0.0013715,-0.12119,-0.064195,-0.0047323,0.020774,0.0015644,-0.0058242,-0.0029804,0.00069566,-0.0034228,1,-0.0018223
b_7,-0.0020955,0.0012557,-0.0011221,-0.0019495,0.0027893,-0.0033818,-0.0025969,0.0030945,-0.0003799,0.0016757,0.0027704,-0.0037749,-0.0004506,-0.0032215,-0.036089,-0.0086025,-0.018319,0.0018374,-0.016166,-0.0032613,0.014538,-0.02565,-0.0043539,nan,-0.00030798,-0.0047247,-0.0056181,-0.0019389,nan,nan,0.002182,0.01895,-0.030155,0.036824,-0.0011794,-0.0033295,0.0093579,0.0040026,-0.0006286,0.00027057,0.0024589,0.001643,0.00011279,-0.0047979,-0.001038,-0.00032856,-0.0013929,0.0018826,-0.10881,-0.13831,0.00055047,-0.0010587,-0.0027734,0.00093195,-0.0014253,-0.0018223,1
