b01_pop,1,-0.11249,0.12195,-0.084621,-0.0071643,0.0099695,-0.00015155,-0.0038213,-0.0012538,0.0098374,-0.0016141,0.0017591,-0.0062578,0.0065018,0.00027419,0.0011962,0.024261,-0.024329,-0.011057,0.0079454,0.014242,0.02218,-0.024951,-9.0723e-05,nan,nan,0.00040723,4.5284e-05,nan,-0.008361,0.012267,nan,-5.3431e-05,6.5523e-05,0.15786,0.085882,-0.034357,-0.011094,-0.0075452,0.010482,0.0051677,0.0046197,-0.0025453,-0.0021165,-6.3764e-05,-0.0026419,0.0030898,0.012772,-0.00232,-0.0029711,-0.021273,0.00248,-0.0030979,-0.0027459,-0.00057913,nan,0.005185
b11_pop,-0.11249,1,0.55433,-0.1314,0.031994,-0.041165,-0.01326,0.040058,0.0019545,0.018935,0.00068098,-0.0035092,0.013143,-0.061368,0.00053548,0.0029422,-0.15648,0.14986,0.059165,-0.059438,-0.083835,-0.11642,0.14874,0.00048096,nan,nan,-0.027793,0.00053553,nan,0.067292,-0.03829,nan,-0.00040948,0.00053733,-0.040021,-0.53393,-0.26794,0.20329,-0.012135,0.018592,0.035556,-0.025066,-0.0014423,0.021241,-0.005094,0.0091429,0.0055326,-0.081919,0.01298,0.041229,0.018176,0.014194,-0.0042815,0.0021355,-0.01061,nan,-0.0045317
b21_pop,0.12195,0.55433,1,-0.035955,0.020813,-0.038251,-0.012595,0.037813,0.0017168,0.035232,-0.0052742,-0.0010358,0.0099092,-0.056344,0.0006328,0.010681,-0.1253,0.1312,0.047269,-0.056819,-0.089548,-0.087761,0.1292,0.00040908,nan,nan,-0.03354,0.00065824,nan,0.064629,-0.01913,nan,-0.00054664,0.00069822,0.034663,-0.39774,-0.55746,0.13847,-0.022689,0.032032,0.051294,-0.028609,-0.0075969,0.01631,-0.011191,-0.002761,0.012002,-0.054755,0.014365,0.048994,0.03677,0.018558,-0.0077949,0.00063759,-0.0056126,nan,0.0052704
a1_pop,-0.084621,-0.1314,-0.035955,1,-0.017585,0.011553,0.010009,-0.032488,0.0093701,0.0024941,-0.0099243,0.0078802,0.016628,-0.0082127,0.0073302,-0.012389,0.10759,-0.10541,-0.043546,0.031945,0.06669,0.095308,-0.096069,-0.00037427,nan,nan,0.0021558,-0.00040737,nan,-0.032114,0.049141,nan,0.00033132,-0.00043272,-0.059292,-0.19199,-0.13463,-0.47188,0.023419,-0.036426,0.0073747,-0.019744,-0.0024031,-0.01196,0.0021473,-0.018307,0.020162,0.016624,0.011845,0.031062,-0.11451,-0.01048,0.0070537,-0.0036337,0.024024,nan,-0.014739
b02_pop,-0.0071643,0.031994,0.020813,-0.017585,1,-0.26577,-0.0033171,0.015074,0.0021708,-0.0080328,0.0020999,-0.00066264,0.0089572,-0.0077196,-0.00053425,0.0059414,-0.066694,0.091648,0.028721,-0.029658,-0.051703,-0.039311,0.07805,0.00030434,nan,nan,-0.021365,0.0001756,nan,0.0341,-0.0102,nan,-0.00015324,0.00017277,-0.0012726,-0.0029736,-0.012925,0.016856,-0.023551,-0.03524,-0.0016594,0.00017631,0.00083754,0.0037867,0.0013145,-0.0040132,0.0042443,-0.0014833,0.0015733,0.0034643,-0.0068385,0.013206,0.0029392,-0.0037506,0.00099715,nan,-0.0030913
b12_pop,0.0099695,-0.041165,-0.038251,0.011553,-0.26577,1,0.0094487,-0.02576,-0.0024898,0.01296,-0.0016141,0.0019282,-0.01313,0.024928,0.0029513,-0.0098372,0.18721,-0.193,-0.070468,0.061398,0.08477,0.13117,-0.17126,-0.00063648,nan,nan,0.030109,-0.00039725,nan,-0.069006,0.04808,nan,0.00029455,-0.00037283,-7.7245e-05,-0.0049659,0.028455,-0.016225,0.013049,0.097754,0.0026334,0.0095478,-0.0023431,0.0030639,-0.00086491,0.0057958,-0.010425,0.0083897,-0.0021539,-0.0073621,0.010301,-0.026137,-0.00684,0.0031241,-0.00075241,nan,0.0045476
b03_pop,-0.00015155,-0.01326,-0.012595,0.010009,-0.0033171,0.0094487,1,-0.16159,-0.00023153,0.0042147,0.00091712,-0.0014122,-0.0030177,0.0084713,0.0013592,-0.0018459,0.049277,-0.061359,-0.019099,0.03711,0.024293,0.038392,-0.046965,-0.0002086,nan,nan,0.0087781,-9.9048e-05,nan,-0.028341,0.016149,nan,6.973e-05,-9.2971e-05,-0.0030036,-0.0045842,0.0075332,0.0036768,0.00060252,0.0076023,-0.0023993,0.0082464,-0.001828,0.0035481,0.0030242,0.0021529,0.00080966,0.0040538,-0.00049088,-0.0018804,-0.0006682,-0.00084045,-0.00088605,-0.0033232,0.0018403,nan,0.0018302
b13_pop,-0.0038213,0.040058,0.037813,-0.032488,0.015074,-0.02576,-0.16159,1,0.00025327,-0.0053393,0.0046654,-0.0072585,0.00015207,0.0045517,-0.0019252,0.001505,-0.20909,0.20523,0.1223,-0.12026,-0.060369,-0.1494,0.18088,0.00066989,nan,nan,-0.032467,0.00043644,nan,0.13985,-0.061285,nan,-0.00022908,0.00037459,0.0014304,0.012857,-0.017439,0.019765,-0.002218,-0.0081927,0.0064385,-0.040728,4.3905e-05,-0.0037057,-0.0013386,-0.0046901,0.0032822,0.0047122,0.0042615,0.00052419,-0.0020182,0.0047561,-0.0035273,-0.00020827,-0.0059247,nan,-0.0010361
b04_pop,-0.0012538,0.0019545,0.0017168,0.0093701,0.0021708,-0.0024898,-0.00023153,0.00025327,1,-0.10311,0.00089537,0.00039603,-0.0024946,0.0025428,0.00094923,0.00048729,-0.0033493,0.0034025,-0.0014925,-0.0064746,-0.0025156,-0.0022514,0.0034867,9.6493e-06,nan,nan,-0.001522,2.1941e-05,nan,0.00174,0.0012012,nan,-2.0668e-05,2.493e-05,-0.0055835,-0.002634,-0.00064557,-0.0061057,0.0020869,0.00081458,-0.0017863,0.0026888,-0.00014815,-0.013628,-0.0011009,0.0024233,-0.0012658,0.0037587,0.0014119,0.0030074,0.0011961,-0.00055371,0.0012771,0.003423,-3.6614e-05,nan,-0.0007019
b14_pop,0.0098374,0.018935,0.035232,0.0024941,-0.0080328,0.01296,0.0042147,-0.0053393,-0.10311,1,0.0011708,-0.0062932,0.0095304,-0.012434,0.0023087,-0.0012685,0.051302,-0.021375,-0.046493,0.0028213,0.010788,0.083783,-0.021286,-0.00019909,nan,nan,-0.044784,-0.00041492,nan,0.0076336,0.13841,nan,0.00031124,-0.00045205,0.022855,-0.029522,-0.029672,0.0021854,-0.0086421,0.0032414,0.0025428,-0.0037759,-0.00086511,0.038449,0.010898,-0.0076268,-0.00081704,-0.003926,-0.002354,-0.0045051,-0.0092068,0.0027102,-0.0043602,-0.00071124,0.00036313,nan,-0.001217
b05_pop,-0.0016141,0.00068098,-0.0052742,-0.0099243,0.0020999,-0.0016141,0.00091712,0.0046654,0.00089537,0.0011708,1,-0.15148,-0.00052459,-0.0006685,-0.00087018,0.0062175,-0.016438,0.015994,0.006265,-0.0051761,-0.013693,-0.013097,0.015587,5.4869e-05,nan,nan,-0.0019259,0.00010015,nan,0.0049712,-0.0056001,nan,-8.7124e-05,0.00010925,0.0036653,0.0046753,0.0066831,0.011933,0.0029641,0.0016289,0.00090327,0.0035441,5.559e-05,-0.0017549,0.030127,0.0070861,0.00059465,0.00090484,-0.00095352,-0.00035941,0.0004083,-0.0018407,-0.00048928,-0.0019895,-0.020528,nan,0.00053982
b15_pop,0.0017591,-0.0035092,-0.0010358,0.0078802,-0.00066264,0.0019282,-0.0014122,-0.0072585,0.00039603,-0.0062932,-0.15148,1,-0.0014463,0.010642,0.0049778,-0.0083357,0.020845,-0.020612,-0.0088978,0.008043,0.015612,0.015458,-0.020954,-6.9925e-05,nan,nan,0.002947,-5.7665e-05,nan,-0.0085004,0.0060228,nan,4.4576e-05,-5.5747e-05,-0.0024242,-0.0069387,-0.0005018,-0.0061075,-0.0015799,-0.0037203,0.002815,-0.0075414,4.9878e-05,0.0039944,-0.01292,-0.015571,-0.0010262,0.00093709,0.0081264,-0.00022294,-0.0032382,0.0018121,0.0018261,0.0038916,0.01352,nan,-0.0040161
b06_pop,-0.0062578,0.013143,0.0099092,0.016628,0.0089572,-0.01313,-0.0030177,0.00015207,-0.0024946,0.0095304,-0.00052459,-0.0014463,1,-0.22886,-0.0025828,0.0038301,-0.011165,0.014241,0.0040506,-0.0066685,-0.0088885,-0.0027463,0.014989,4.0992e-05,nan,nan,-0.006677,5.2566e-06,nan,0.0083647,0.0037198,nan,9.2526e-07,2.214e-06,-0.0047411,-0.0094806,-0.015268,-0.022233,-0.0010635,-0.0007581,0.0022958,0.0026705,0.0022609,0.011051,-0.0050043,-0.0052461,0.035371,-0.12196,-0.0040844,-0.0078897,-0.00078221,0.0018772,0.00057958,-0.0039886,0.0014575,nan,0.010802
b16_pop,0.0065018,-0.061368,-0.056344,-0.0082127,-0.0077196,0.024928,0.0084713,0.0045517,0.0025428,-0.012434,-0.0006685,0.010642,-0.22886,1,0.0058921,-0.015009,0.0017454,-0.0070926,6.8064e-05,0.0042025,0.0016556,-0.0080617,-0.0085316,-9.0172e-06,nan,nan,0.0075835,-3.0891e-05,nan,-0.0061779,-0.011942,nan,1.9867e-05,-3.815e-05,0.00027068,0.05091,0.023754,0.023755,0.0035519,-0.0013986,-0.0069694,-0.0064296,-0.0032221,-0.013317,0.0071353,0.0010234,-0.032323,0.4336,0.008111,-0.011602,-0.0049757,-0.0023879,0.0032237,-0.00023443,-0.0057746,nan,-0.010636
b07_pop,0.00027419,0.00053548,0.0006328,0.0073302,-0.00053425,0.0029513,0.0013592,-0.0019252,0.00094923,0.0023087,-0.00087018,0.0049778,-0.0025828,0.0058921,1,-0.14386,0.009102,-0.012134,-0.0044451,0.0040183,0.0044865,0.007229,-0.01061,-5.1349e-05,nan,nan,0.0058419,0.0003765,nan,-0.0051209,0.0038695,nan,-0.00034977,0.00044459,0.0011061,-0.0060071,-0.0040865,-0.0060156,0.0035747,0.0003169,0.0010939,0.0022228,-0.00067026,0.003233,0.0023831,-0.0049486,-0.0029271,0.009968,0.11175,-0.038454,0.0025482,0.00054189,-0.0010913,0.00025161,-0.0019911,nan,-0.046063
b17_pop,0.0011962,0.0029422,0.010681,-0.012389,0.0059414,-0.0098372,-0.0018459,0.001505,0.00048729,-0.0012685,0.0062175,-0.0083357,0.0038301,-0.015009,-0.14386,1,-0.030856,0.027246,0.011168,-0.0079858,-0.0074475,-0.028813,0.023221,2.6277e-05,nan,nan,0.006451,0.0026687,nan,0.009622,-0.015421,nan,-0.0024265,0.0030999,-0.0010153,0.0052921,-0.0023752,0.010773,-0.014354,-0.011225,-0.00068112,-0.0010877,0.0028733,-0.0048166,-0.0038845,-0.00052161,0.0042397,-0.0082652,-0.064295,0.13491,-0.0027106,0.0032669,0.0031579,-0.0049779,0.0030021,nan,0.0094283
p1_pop,0.024261,-0.15648,-0.1253,0.10759,-0.066694,0.18721,0.049277,-0.20909,-0.0033493,0.051302,-0.016438,0.020845,-0.011165,0.0017454,0.009102,-0.030856,1,-0.83686,-0.39339,0.2991,0.20267,0.78571,-0.8632,-0.0026909,nan,nan,0.063403,-0.0019082,nan,-0.35767,0.33779,nan,0.0011295,-0.0016628,0.013304,-0.1174,0.071575,-0.055685,0.0090261,0.00019688,0.022088,-0.052192,0.0011751,0.014421,0.0069422,0.007599,-0.022238,0.00078542,-0.0010763,0.023385,0.011643,-0.016132,-0.012484,0.0018305,0.0030264,nan,-0.0020561
g1_pop,-0.024329,0.14986,0.1312,-0.10541,0.091648,-0.193,-0.061359,0.20523,0.0034025,-0.021375,0.015994,-0.020612,0.014241,-0.0070926,-0.012134,0.027246,-0.83686,1,0.34461,-0.31886,-0.28969,-0.50753,0.82123,0.0031499,nan,nan,-0.29459,0.001529,nan,0.37712,-0.12007,nan,-0.0011172,0.0013655,-0.014261,0.12027,-0.078213,0.036748,-0.031558,0.029411,-0.031055,0.050727,-0.0018749,-0.0053845,-0.0073177,-0.0083576,0.021996,-0.0025265,-0.003858,-0.023117,-0.013871,0.015184,0.012422,-0.0026103,-0.0019336,nan,0.0039053
p2_pop,-0.011057,0.059165,0.047269,-0.043546,0.028721,-0.070468,-0.019099,0.1223,-0.0014925,-0.046493,0.006265,-0.0088978,0.0040506,6.8064e-05,-0.0044451,0.011168,-0.39339,0.34461,1,-0.16377,-0.038577,-0.30735,0.3625,0.0014202,nan,nan,-0.059814,-0.0023133,nan,0.27759,-0.21119,nan,0.0028088,-0.0031357,-0.0072196,0.045138,-0.025555,0.021617,-0.0064435,0.00039591,-0.010252,0.02214,0.00037743,-0.0079635,-0.0026472,-0.0020257,0.0084066,-0.0015803,5.2318e-05,-0.0078728,-0.00089487,0.0067422,0.0054241,-0.0014589,-0.0017672,nan,0.00088178
g2_pop,0.0079454,-0.059438,-0.056819,0.031945,-0.029658,0.061398,0.03711,-0.12026,-0.0064746,0.0028213,-0.0051761,0.008043,-0.0066685,0.0042025,0.0040183,-0.0079858,0.2991,-0.31886,-0.16377,1,0.1523,0.14285,-0.35419,-0.00073012,nan,nan,0.18379,-0.007495,nan,-0.64071,-0.10848,nan,0.0063736,-0.008555,0.0039144,-0.034285,0.038889,-0.012027,0.010275,-0.012603,-0.0010994,0.012676,-9.9435e-05,0.00058299,0.0037927,0.003953,-0.0075265,0.00035344,0.0017703,0.0065213,0.0072589,-0.0047088,-0.0004195,0.00074442,0.00043194,nan,-0.0013343
alpha11_pop,0.014242,-0.083835,-0.089548,0.06669,-0.051703,0.08477,0.024293,-0.060369,-0.0025156,0.010788,-0.013693,0.015612,-0.0088885,0.0016556,0.0044865,-0.0074475,0.20267,-0.28969,-0.038577,0.1523,1,0.14565,-0.34642,-0.0013864,nan,nan,0.048171,-0.0015483,nan,-0.11005,0.058555,nan,0.0016695,-0.0017831,0.0053554,-0.082533,0.057812,-0.038307,0.017121,-0.013974,0.010477,0.015146,0.0025862,-0.0055193,0.010773,0.010565,-0.0178,-0.0034023,0.0025088,0.025668,0.032473,-0.005922,-0.0059724,0.0030309,-0.002486,nan,-0.0049437
alpha12_pop,0.02218,-0.11642,-0.087761,0.095308,-0.039311,0.13117,0.038392,-0.1494,-0.0022514,0.083783,-0.013097,0.015458,-0.0027463,-0.0080617,0.007229,-0.028813,0.78571,-0.50753,-0.30735,0.14285,0.14565,1,-0.46372,-0.0019196,nan,nan,-0.22806,-0.0025145,nan,-0.11708,0.59482,nan,0.0016122,-0.0025505,0.016077,-0.090076,0.041014,-0.060177,-0.01062,0.049216,0.016016,-0.069447,0.00047053,0.023292,0.0036596,0.0041711,-0.016649,-0.0008944,-0.0035502,0.017855,-0.0043415,-0.017447,-0.0037952,0.0008529,0.0038335,nan,-0.0004218
alpha13_pop,-0.024951,0.14874,0.1292,-0.096069,0.07805,-0.17126,-0.046965,0.18088,0.0034867,-0.021286,0.015587,-0.020954,0.014989,-0.0085316,-0.01061,0.023221,-0.8632,0.82123,0.3625,-0.35419,-0.34642,-0.46372,1,0.002515,nan,nan,-0.26971,0.0012874,nan,0.4523,-0.10647,nan,-0.00076819,0.00092763,-0.01226,0.11198,-0.080348,0.041121,-0.027049,0.027892,-0.025525,0.0034248,-0.0018337,-0.0059621,-0.010077,-0.0094475,0.021429,-0.0024557,-0.0036899,-0.02439,-0.017479,0.012678,0.02133,-0.001327,-0.00040615,nan,0.0043269
alpha14_pop,-9.0723e-05,0.00048096,0.00040908,-0.00037427,0.00030434,-0.00063648,-0.0002086,0.00066989,9.6493e-06,-0.00019909,5.4869e-05,-6.9925e-05,4.0992e-05,-9.0172e-06,-5.1349e-05,2.6277e-05,-0.0026909,0.0031499,0.0014202,-0.00073012,-0.0013864,-0.0019196,0.002515,1,nan,nan,-0.00042803,-0.095647,nan,0.00088602,-0.0013127,nan,0.010762,-0.022901,-5.6234e-05,0.00044199,-0.00022373,0.0001353,-9.2974e-05,6.6743e-05,-0.00010362,0.0001949,-4.4241e-06,-3.8649e-05,-2.7105e-05,-2.6204e-05,7.617e-05,-3.9907e-06,-1.0127e-05,-9.7737e-05,-4.991e-05,5.2398e-05,3.596e-05,-1.0107e-05,-7.0868e-06,nan,5.6435e-07
alpha15_pop,nan,nan,nan,nan,nan,nan,nan,nan,nan,nan,nan,nan,nan,nan,nan,nan,nan,nan,nan,nan,nan,nan,nan,nan,nan,nan,nan,nan,nan,nan,nan,nan,nan,nan,nan,nan,nan,nan,nan,nan,nan,nan,nan,nan,nan,nan,nan,nan,nan,nan,nan,nan,nan,nan,nan,nan,nan
alpha16_pop,nan,nan,nan,nan,nan,nan,nan,nan,nan,nan,nan,nan,nan,nan,nan,nan,nan,nan,nan,nan,nan,nan,nan,nan,nan,nan,nan,nan,nan,nan,nan,nan,nan,nan,nan,nan,nan,nan,nan,nan,nan,nan,nan,nan,nan,nan,nan,nan,nan,nan,nan,nan,nan,nan,nan,nan,nan
alpha17_pop,0.00040723,-0.027793,-0.03354,0.0021558,-0.021365,0.030109,0.0087781,-0.032467,-0.001522,-0.044784,-0.0019259,0.002947,-0.006677,0.0075835,0.0058419,0.006451,0.063403,-0.29459,-0.059814,0.18379,0.048171,-0.22806,-0.26971,-0.00042803,nan,nan,1,-0.00070434,nan,-0.20517,-0.35134,nan,0.00062599,-0.00067972,-0.0010807,-0.0052162,0.03009,0.006413,0.019403,-0.038205,0.0033337,0.023447,0.0011323,-0.0092857,0.0016322,0.0025782,-0.0034656,0.0014542,0.0051232,0.0051589,0.0087395,0.00064365,-0.0069156,-0.00090157,-0.00068701,nan,0.00045588
alpha21_pop,4.5284e-05,0.00053553,0.00065824,-0.00040737,0.0001756,-0.00039725,-9.9048e-05,0.00043644,2.1941e-05,-0.00041492,0.00010015,-5.7665e-05,5.2566e-06,-3.0891e-05,0.0003765,0.0026687,-0.0019082,0.001529,-0.0023133,-0.007495,-0.0015483,-0.0025145,0.0012874,-0.095647,nan,nan,-0.00070434,1,nan,-0.0012077,-0.0025247,nan,-0.75293,0.85679,2.4551e-05,0.00010644,-0.00042589,0.00042775,-6.2584e-06,-0.00016225,-6.4327e-05,0.00035809,4.1095e-05,-9.3057e-06,-6.7196e-05,-5.4919e-05,0.00014603,8.5652e-06,-1.3672e-05,0.00054665,-3.2436e-05,3.2917e-05,4.2736e-05,-7.5578e-05,3.2688e-05,nan,0.00045754
alpha22_pop,nan,nan,nan,nan,nan,nan,nan,nan,nan,nan,nan,nan,nan,nan,nan,nan,nan,nan,nan,nan,nan,nan,nan,nan,nan,nan,nan,nan,nan,nan,nan,nan,nan,nan,nan,nan,nan,nan,nan,nan,nan,nan,nan,nan,nan,nan,nan,nan,nan,nan,nan,nan,nan,nan,nan,nan,nan
alpha23_pop,-0.008361,0.067292,0.064629,-0.032114,0.0341,-0.069006,-0.028341,0.13985,0.00174,0.0076336,0.0049712,-0.0085004,0.0083647,-0.0061779,-0.0051209,0.009622,-0.35767,0.37712,0.27759,-0.64071,-0.11005,-0.11708,0.4523,0.00088602,nan,nan,-0.20517,-0.0012077,nan,1,0.14153,nan,0.002,-0.001946,-0.0038839,0.035513,-0.046394,0.00832,-0.012752,0.02016,0.0025896,-0.032156,-0.00063894,-0.00025678,-0.0040752,-0.0050491,0.0072908,-0.00018556,-0.0033682,-0.00602,-0.0080949,0.0048154,-0.00086633,-0.0006624,-0.00045399,nan,0.0023658
alpha24_pop,0.012267,-0.03829,-0.01913,0.049141,-0.0102,0.04808,0.016149,-0.061285,0.0012012,0.13841,-0.0056001,0.0060228,0.0037198,-0.011942,0.0038695,-0.015421,0.33779,-0.12007,-0.21119,-0.10848,0.058555,0.59482,-0.10647,-0.0013127,nan,nan,-0.35134,-0.0025247,nan,0.14153,1,nan,0.0019278,-0.0027907,0.01151,-0.045331,-0.0044171,-0.034613,-0.014441,0.04328,0.0062867,-0.049815,-0.0037536,0.026789,0.0015034,-0.00028643,-0.0072186,-0.0024425,-0.0032407,0.0069908,-0.007871,-0.0085623,-0.00026741,0.0023025,0.0029932,nan,0.00099363
alpha25_pop,nan,nan,nan,nan,nan,nan,nan,nan,nan,nan,nan,nan,nan,nan,nan,nan,nan,nan,nan,nan,nan,nan,nan,nan,nan,nan,nan,nan,nan,nan,nan,nan,nan,nan,nan,nan,nan,nan,nan,nan,nan,nan,nan,nan,nan,nan,nan,nan,nan,nan,nan,nan,nan,nan,nan,nan,nan
alpha26_pop,-5.3431e-05,-0.00040948,-0.00054664,0.00033132,-0.00015324,0.00029455,6.973e-05,-0.00022908,-2.0668e-05,0.00031124,-8.7124e-05,4.4576e-05,9.2526e-07,1.9867e-05,-0.00034977,-0.0024265,0.0011295,-0.0011172,0.0028088,0.0063736,0.0016695,0.0016122,-0.00076819,0.010762,nan,nan,0.00062599,-0.75293,nan,0.002,0.0019278,nan,1,-0.78488,-3.1404e-05,-8.4012e-05,0.00035932,-0.00035466,2.2212e-05,0.00011141,6.5479e-05,-0.00031644,-3.6346e-05,-1.2149e-05,6.0643e-05,4.9091e-05,-0.00012841,-3.7526e-05,1.5339e-05,-0.00050222,4.2605e-05,-1.956e-05,-4.2264e-05,7.0492e-05,-3.3147e-05,nan,-0.00042087
alpha27_pop,6.5523e-05,0.00053733,0.00069822,-0.00043272,0.00017277,-0.00037283,-9.2971e-05,0.00037459,2.493e-05,-0.00045205,0.00010925,-5.5747e-05,2.214e-06,-3.815e-05,0.00044459,0.0030999,-0.0016628,0.0013655,-0.0031357,-0.008555,-0.0017831,-0.0025505,0.00092763,-0.022901,nan,nan,-0.00067972,0.85679,nan,-0.001946,-0.0027907,nan,-0.78488,1,3.4137e-05,9.9009e-05,-0.00044881,0.00046574,-1.599e-06,-0.0001914,-6.7414e-05,0.0004203,4.8179e-05,-2.7684e-06,-7.4337e-05,-5.9578e-05,0.00015986,1.6924e-06,-1.6604e-05,0.0006469,-3.5213e-05,3.0136e-05,4.0336e-05,-8.7768e-05,3.9558e-05,nan,0.00053375
omega_b01,0.15786,-0.040021,0.034663,-0.059292,-0.0012726,-7.7245e-05,-0.0030036,0.0014304,-0.0055835,0.022855,0.0036653,-0.0024242,-0.0047411,0.00027068,0.0011061,-0.0010153,0.013304,-0.014261,-0.0072196,0.0039144,0.0053554,0.016077,-0.01226,-5.6234e-05,nan,nan,-0.0010807,2.4551e-05,nan,-0.0038839,0.01151,nan,-3.1404e-05,3.4137e-05,1,0.0071369,0.0043004,0.035488,-0.014749,0.0016353,0.00074303,0.0033585,0.0015083,0.010602,0.0044013,-0.0020374,0.0074923,0.0026358,0.0011241,-9.9916e-05,-0.10741,0.0061177,-0.001136,-0.0045981,-0.0013015,nan,-0.0035908
omega_b11,0.085882,-0.53393,-0.39774,-0.19199,-0.0029736,-0.0049659,-0.0045842,0.012857,-0.002634,-0.029522,0.0046753,-0.0069387,-0.0094806,0.05091,-0.0060071,0.0052921,-0.1174,0.12027,0.045138,-0.034285,-0.082533,-0.090076,0.11198,0.00044199,nan,nan,-0.0052162,0.00010644,nan,0.035513,-0.045331,nan,-8.4012e-05,9.9009e-05,0.0071369,1,0.26488,-0.12844,-0.0015274,0.0039829,-0.039591,0.038401,6.7631e-05,-0.023092,0.0033466,-0.0074105,-0.0038711,0.055852,-0.015126,-0.052912,0.007288,-0.0046359,0.0055315,0.00097477,0.0023948,nan,0.013862
omega_b21,-0.034357,-0.26794,-0.55746,-0.13463,-0.012925,0.028455,0.0075332,-0.017439,-0.00064557,-0.029672,0.0066831,-0.0005018,-0.015268,0.023754,-0.0040865,-0.0023752,0.071575,-0.078213,-0.025555,0.038889,0.057812,0.041014,-0.080348,-0.00022373,nan,nan,0.03009,-0.00042589,nan,-0.046394,-0.0044171,nan,0.00035932,-0.00044881,0.0043004,0.26488,1,-0.13576,0.024478,-0.023346,-0.044274,0.036003,0.0072323,-0.022032,0.017848,0.01469,-0.023323,-0.015835,-0.01751,-0.033819,-0.046389,-0.012572,0.0064892,0.0013163,-0.0018165,nan,-0.0036732
omega_a1,-0.011094,0.20329,0.13847,-0.47188,0.016856,-0.016225,0.0036768,0.019765,-0.0061057,0.0021854,0.011933,-0.0061075,-0.022233,0.023755,-0.0060156,0.010773,-0.055685,0.036748,0.021617,-0.012027,-0.038307,-0.060177,0.041121,0.0001353,nan,nan,0.006413,0.00042775,nan,0.00832,-0.034613,nan,-0.00035466,0.00046574,0.035488,-0.12844,-0.13576,1,-0.030022,0.023462,-0.0071137,-0.0061184,0.007695,0.0061045,-0.016009,-0.00069447,-0.0016476,0.02072,0.001915,0.0016383,0.006253,0.01365,-0.0061707,-0.0014599,-0.017867,nan,0.0068386
omega_b02,-0.0075452,-0.012135,-0.022689,0.023419,-0.023551,0.013049,0.00060252,-0.002218,0.0020869,-0.0086421,0.0029641,-0.0015799,-0.0010635,0.0035519,0.0035747,-0.014354,0.0090261,-0.031558,-0.0064435,0.010275,0.017121,-0.01062,-0.027049,-9.2974e-05,nan,nan,0.019403,-6.2584e-06,nan,-0.012752,-0.014441,nan,2.2212e-05,-1.599e-06,-0.014749,-0.0015274,0.024478,-0.030022,1,-0.051765,0.0029163,-0.010022,0.0042807,-0.00354,0.0082079,0.004136,-0.0010995,0.0020834,0.002434,0.0024814,-0.0021818,-0.097503,0.001044,0.0015853,0.0015381,nan,-0.0017986
omega_b12,0.010482,0.018592,0.032032,-0.036426,-0.03524,0.097754,0.0076023,-0.0081927,0.00081458,0.0032414,0.0016289,-0.0037203,-0.0007581,-0.0013986,0.0003169,-0.011225,0.00019688,0.029411,0.00039591,-0.012603,-0.013974,0.049216,0.027892,6.6743e-05,nan,nan,-0.038205,-0.00016225,nan,0.02016,0.04328,nan,0.00011141,-0.0001914,0.0016353,0.0039829,-0.023346,0.023462,-0.051765,1,0.006241,0.0019244,-0.0012828,0.014137,-0.0037364,0.0046106,0.00022966,0.0031825,0.0015354,-0.01551,0.0097441,-0.030694,-0.0013253,-0.0033621,0.0012172,nan,-0.0022171
omega_b03,0.0051677,0.035556,0.051294,0.0073747,-0.0016594,0.0026334,-0.0023993,0.0064385,-0.0017863,0.0025428,0.00090327,0.002815,0.0022958,-0.0069694,0.0010939,-0.00068112,0.022088,-0.031055,-0.010252,-0.0010994,0.010477,0.016016,-0.025525,-0.00010362,nan,nan,0.0033337,-6.4327e-05,nan,0.0025896,0.0062867,nan,6.5479e-05,-6.7414e-05,0.00074303,-0.039591,-0.044274,-0.0071137,0.0029163,0.006241,1,-0.043247,0.00076819,0.0010517,0.0016337,0.0054234,0.0058096,-0.0070151,0.0022491,0.0048483,0.0066043,0.00033581,-0.07626,0.0014584,-0.0024949,nan,-0.0035267
omega_b13,0.0046197,-0.025066,-0.028609,-0.019744,0.00017631,0.0095478,0.0082464,-0.040728,0.0026888,-0.0037759,0.0035441,-0.0075414,0.0026705,-0.0064296,0.0022228,-0.0010877,-0.052192,0.050727,0.02214,0.012676,0.015146,-0.069447,0.0034248,0.0001949,nan,nan,0.023447,0.00035809,nan,-0.032156,-0.049815,nan,-0.00031644,0.0004203,0.0033585,0.038401,0.036003,-0.0061184,-0.010022,0.0019244,-0.043247,1,0.0020552,0.00029353,0.0027534,0.0069321,0.006065,-0.019706,0.0032456,-0.010189,0.0026562,0.0015982,-0.040913,-0.0055019,0.00041977,nan,-2.4337e-05
omega_b04,-0.0025453,-0.0014423,-0.0075969,-0.0024031,0.00083754,-0.0023431,-0.001828,4.3905e-05,-0.00014815,-0.00086511,5.559e-05,4.9878e-05,0.0022609,-0.0032221,-0.00067026,0.0028733,0.0011751,-0.0018749,0.00037743,-9.9435e-05,0.0025862,0.00047053,-0.0018337,-4.4241e-06,nan,nan,0.0011323,4.1095e-05,nan,-0.00063894,-0.0037536,nan,-3.6346e-05,4.8179e-05,0.0015083,6.7631e-05,0.0072323,0.007695,0.0042807,-0.0012828,0.00076819,0.0020552,1,0.022663,0.00093689,-0.0034021,0.0020247,-0.0032654,-0.001084,0.0012765,-0.003548,-0.0014414,0.00023279,-0.044137,0.0019279,nan,0.00023274
omega_b14,-0.0021165,0.021241,0.01631,-0.01196,0.0037867,0.0030639,0.0035481,-0.0037057,-0.013628,0.038449,-0.0017549,0.0039944,0.011051,-0.013317,0.003233,-0.0048166,0.014421,-0.0053845,-0.0079635,0.00058299,-0.0055193,0.023292,-0.0059621,-3.8649e-05,nan,nan,-0.0092857,-9.3057e-06,nan,-0.00025678,0.026789,nan,-1.2149e-05,-2.7684e-06,0.010602,-0.023092,-0.022032,0.0061045,-0.00354,0.014137,0.0010517,0.00029353,0.022663,1,0.0091462,0.0030546,0.0035154,-0.02132,0.006412,-0.00026758,-0.005161,0.0021722,0.0052484,-0.11663,-0.0040363,nan,0.0019401
omega_b05,-6.3764e-05,-0.005094,-0.011191,0.0021473,0.0013145,-0.00086491,0.0030242,-0.0013386,-0.0011009,0.010898,0.030127,-0.01292,-0.0050043,0.0071353,0.0023831,-0.0038845,0.0069422,-0.0073177,-0.0026472,0.0037927,0.010773,0.0036596,-0.010077,-2.7105e-05,nan,nan,0.0016322,-6.7196e-05,nan,-0.0040752,0.0015034,nan,6.0643e-05,-7.4337e-05,0.0044013,0.0033466,0.017848,-0.016009,0.0082079,-0.0037364,0.0016337,0.0027534,0.00093689,0.0091462,1,-0.022162,-7.9614e-05,0.013078,0.0022397,-0.0072546,-0.0052347,-0.0013792,-0.0016435,-0.00083118,-0.10595,nan,-0.0030286
omega_b15,-0.0026419,0.0091429,-0.002761,-0.018307,-0.0040132,0.0057958,0.0021529,-0.0046901,0.0024233,-0.0076268,0.0070861,-0.015571,-0.0052461,0.0010234,-0.0049486,-0.00052161,0.007599,-0.0083576,-0.0020257,0.003953,0.010565,0.0041711,-0.0094475,-2.6204e-05,nan,nan,0.0025782,-5.4919e-05,nan,-0.0050491,-0.00028643,nan,4.9091e-05,-5.9578e-05,-0.0020374,-0.0074105,0.01469,-0.00069447,0.004136,0.0046106,0.0054234,0.0069321,-0.0034021,0.0030546,-0.022162,1,-0.001574,-0.0051128,-0.0045784,-0.00086157,0.0061043,-0.0012307,-0.0042192,0.00074472,-0.079497,nan,0.0023512
omega_b06,0.0030898,0.0055326,0.012002,0.020162,0.0042443,-0.010425,0.00080966,0.0032822,-0.0012658,-0.00081704,0.00059465,-0.0010262,0.035371,-0.032323,-0.0029271,0.0042397,-0.022238,0.021996,0.0084066,-0.0075265,-0.0178,-0.016649,0.021429,7.617e-05,nan,nan,-0.0034656,0.00014603,nan,0.0072908,-0.0072186,nan,-0.00012841,0.00015986,0.0074923,-0.0038711,-0.023323,-0.0016476,-0.0010995,0.00022966,0.0058096,0.006065,0.0020247,0.0035154,-7.9614e-05,-0.001574,1,-0.059529,-0.0031243,-0.005033,-0.0041471,0.0031471,-0.0015343,-0.0012692,-0.0039605,nan,0.0046152
omega_b16,0.012772,-0.081919,-0.054755,0.016624,-0.0014833,0.0083897,0.0040538,0.0047122,0.0037587,-0.003926,0.00090484,0.00093709,-0.12196,0.4336,0.009968,-0.0082652,0.00078542,-0.0025265,-0.0015803,0.00035344,-0.0034023,-0.0008944,-0.0024557,-3.9907e-06,nan,nan,0.0014542,8.5652e-06,nan,-0.00018556,-0.0024425,nan,-3.7526e-05,1.6924e-06,0.0026358,0.055852,-0.015835,0.02072,0.0020834,0.0031825,-0.0070151,-0.019706,-0.0032654,-0.02132,0.013078,-0.0051128,-0.059529,1,0.016112,-0.023913,-0.0048341,0.0033504,0.0044533,-0.0054734,-0.0129,nan,-0.010395
omega_b07,-0.00232,0.01298,0.014365,0.011845,0.0015733,-0.0021539,-0.00049088,0.0042615,0.0014119,-0.002354,-0.00095352,0.0081264,-0.0040844,0.008111,0.11175,-0.064295,-0.0010763,-0.003858,5.2318e-05,0.0017703,0.0025088,-0.0035502,-0.0036899,-1.0127e-05,nan,nan,0.0051232,-1.3672e-05,nan,-0.0033682,-0.0032407,nan,1.5339e-05,-1.6604e-05,0.0011241,-0.015126,-0.01751,0.001915,0.002434,0.0015354,0.0022491,0.0032456,-0.001084,0.006412,0.0022397,-0.0045784,-0.0031243,0.016112,1,-0.030433,0.00012114,0.00040332,-0.0020068,0.0027862,-0.0046248,nan,-0.094194
omega_b17,-0.0029711,0.041229,0.048994,0.031062,0.0034643,-0.0073621,-0.0018804,0.00052419,0.0030074,-0.0045051,-0.00035941,-0.00022294,-0.0078897,-0.011602,-0.038454,0.13491,0.023385,-0.023117,-0.0078728,0.0065213,0.025668,0.017855,-0.02439,-9.7737e-05,nan,nan,0.0051589,0.00054665,nan,-0.00602,0.0069908,nan,-0.00050222,0.0006469,-9.9916e-05,-0.052912,-0.033819,0.0016383,0.0024814,-0.01551,0.0048483,-0.010189,0.0012765,-0.00026758,-0.0072546,-0.00086157,-0.005033,-0.023913,-0.030433,1,-0.0042035,-0.00095921,-0.0027434,-0.00146,0.0061859,nan,-0.093519
b_1,-0.021273,0.018176,0.03677,-0.11451,-0.0068385,0.010301,-0.0006682,-0.0020182,0.0011961,-0.0092068,0.0004083,-0.0032382,-0.00078221,-0.0049757,0.0025482,-0.0027106,0.011643,-0.013871,-0.00089487,0.0072589,0.032473,-0.0043415,-0.017479,-4.991e-05,nan,nan,0.0087395,-3.2436e-05,nan,-0.0080949,-0.007871,nan,4.2605e-05,-3.5213e-05,-0.10741,0.007288,-0.046389,0.006253,-0.0021818,0.0097441,0.0066043,0.0026562,-0.003548,-0.005161,-0.0052347,0.0061043,-0.0041471,-0.0048341,0.00012114,-0.0042035,1,-0.0010756,-0.0033754,0.0047655,-0.0012301,nan,0.001983
a_2,0.00248,0.014194,0.018558,-0.01048,0.013206,-0.026137,-0.00084045,0.0047561,-0.00055371,0.0027102,-0.0018407,0.0018121,0.0018772,-0.0023879,0.00054189,0.0032669,-0.016132,0.015184,0.0067422,-0.0047088,-0.005922,-0.017447,0.012678,5.2398e-05,nan,nan,0.00064365,3.2917e-05,nan,0.0048154,-0.0085623,nan,-1.956e-05,3.0136e-05,0.0061177,-0.0046359,-0.012572,0.01365,-0.097503,-0.030694,0.00033581,0.0015982,-0.0014414,0.0021722,-0.0013792,-0.0012307,0.0031471,0.0033504,0.00040332,-0.00095921,-0.0010756,1,-0.00037117,-0.0016254,-0.0011253,nan,-0.00076846
a_3,-0.0030979,-0.0042815,-0.0077949,0.0070537,0.0029392,-0.00684,-0.00088605,-0.0035273,0.0012771,-0.0043602,-0.00048928,0.0018261,0.00057958,0.0032237,-0.0010913,0.0031579,-0.012484,0.012422,0.0054241,-0.0004195,-0.0059724,-0.0037952,0.02133,3.596e-05,nan,nan,-0.0069156,4.2736e-05,nan,-0.00086633,-0.00026741,nan,-4.2264e-05,4.0336e-05,-0.001136,0.0055315,0.0064892,-0.0061707,0.001044,-0.0013253,-0.07626,-0.040913,0.00023279,0.0052484,-0.0016435,-0.0042192,-0.0015343,0.0044533,-0.0020068,-0.0027434,-0.0033754,-0.00037117,1,-0.0030177,0.0015707,nan,-0.00060702
a_4,-0.0027459,0.0021355,0.00063759,-0.0036337,-0.0037506,0.0031241,-0.0033232,-0.00020827,0.003423,-0.00071124,-0.0019895,0.0038916,-0.0039886,-0.00023443,0.00025161,-0.0049779,0.0018305,-0.0026103,-0.0014589,0.00074442,0.0030309,0.0008529,-0.001327,-1.0107e-05,nan,nan,-0.00090157,-7.5578e-05,nan,-0.0006624,0.0023025,nan,7.0492e-05,-8.7768e-05,-0.0045981,0.00097477,0.0013163,-0.0014599,0.0015853,-0.0033621,0.0014584,-0.0055019,-0.044137,-0.11663,-0.00083118,0.00074472,-0.0012692,-0.0054734,0.0027862,-0.00146,0.0047655,-0.0016254,-0.0030177,1,-0.0017429,nan,-0.00015395
b_5,-0.00057913,-0.01061,-0.0056126,0.024024,0.00099715,-0.00075241,0.0018403,-0.0059247,-3.6614e-05,0.00036313,-0.020528,0.01352,0.0014575,-0.0057746,-0.0019911,0.0030021,0.0030264,-0.0019336,-0.0017672,0.00043194,-0.002486,0.0038335,-0.00040615,-7.0868e-06,nan,nan,-0.00068701,3.2688e-05,nan,-0.00045399,0.0029932,nan,-3.3147e-05,3.9558e-05,-0.0013015,0.0023948,-0.0018165,-0.017867,0.0015381,0.0012172,-0.0024949,0.00041977,0.0019279,-0.0040363,-0.10595,-0.079497,-0.0039605,-0.0129,-0.0046248,0.0061859,-0.0012301,-0.0011253,0.0015707,-0.0017429,1,nan,0.0015437
b_6,nan,nan,nan,nan,nan,nan,nan,nan,nan,nan,nan,nan,nan,nan,nan,nan,nan,nan,nan,nan,nan,nan,nan,nan,nan,nan,nan,nan,nan,nan,nan,nan,nan,nan,nan,nan,nan,nan,nan,nan,nan,nan,nan,nan,nan,nan,nan,nan,nan,nan,nan,nan,nan,nan,nan,nan,nan
b_7,0.005185,-0.0045317,0.0052704,-0.014739,-0.0030913,0.0045476,0.0018302,-0.0010361,-0.0007019,-0.001217,0.00053982,-0.0040161,0.010802,-0.010636,-0.046063,0.0094283,-0.0020561,0.0039053,0.00088178,-0.0013343,-0.0049437,-0.0004218,0.0043269,5.6435e-07,nan,nan,0.00045588,0.00045754,nan,0.0023658,0.00099363,nan,-0.00042087,0.00053375,-0.0035908,0.013862,-0.0036732,0.0068386,-0.0017986,-0.0022171,-0.0035267,-2.4337e-05,0.00023274,0.0019401,-0.0030286,0.0023512,0.0046152,-0.010395,-0.094194,-0.093519,0.001983,-0.00076846,-0.00060702,-0.00015395,0.0015437,nan,1
