b01_pop,0.018977,-0.00026668,0.00020663,0.00046147,-1.4563e-06,5.9343e-08,-8.5365e-06,3.4099e-06,-4.5791e-06,-1.6074e-06,-3.7291e-06,-7.047e-07,-0.0007595,0.00016362,3.3894e-06,-2.9419e-05,2.4456e-05,8.1862e-06,3.7666e-05,0.0034138,-0.00015065,8.8176e-05,-2.8448e-07,4.4645e-07,-2.6761e-06,5.0455e-11,3.8533e-05,-5.0457e-05,-1.0454e-11,2.1523e-07,0.0025825,0.00011019,-7.3207e-05,-0.0011984,-7.4196e-07,-1.1107e-07,-8.516e-06,3.0585e-06,1.8772e-06,6.4561e-06,1.6255e-05,1.0805e-06,-6.9174e-05,-8.6216e-05,2.5319e-05,2.726e-07,-4.8065e-06,-2.8729e-07,-1.6298e-06,9.2645e-07
b11_pop,-0.00026668,0.00025919,0.0001456,-0.00077285,-7.6778e-08,-1.8068e-08,1.0687e-08,-1.9798e-06,-5.1752e-06,1.4671e-06,-1.8746e-06,3.6364e-07,0.00081917,1.466e-06,-6.6476e-06,1.3272e-07,3.1617e-05,3.3558e-06,-8.5982e-06,-0.0033832,0.00011427,-6.3529e-05,-3.6614e-07,1.0741e-07,1.8882e-05,-2.8636e-11,-3.3763e-05,5.4254e-05,-1.6562e-11,7.6653e-08,6.6198e-05,-0.00010617,-7.2343e-05,0.00048032,-1.7069e-07,4.22e-09,-1.2844e-05,-1.962e-06,-1.382e-06,-1.3977e-07,-8.2393e-06,9.5254e-07,0.00080801,0.00011366,-6.6084e-06,-5.3414e-09,3.0326e-06,9.3519e-08,1.4903e-07,-3.5417e-07
b21_pop,0.00020663,0.0001456,0.00022842,7.5985e-06,-2.8962e-07,-4.4674e-08,2.9027e-06,-1.433e-06,-6.4169e-06,1.2509e-06,-5.3476e-06,1.4751e-07,0.00098342,-1.7915e-05,-4.0957e-06,1.449e-06,7.8231e-06,-4.6774e-07,-9.2674e-06,-0.0025698,9.3806e-05,-7.798e-05,-9.0604e-08,2.3745e-07,-1.7085e-06,-1.0609e-11,-2.6029e-05,3.5218e-05,-4.2151e-12,2.2234e-08,5.2706e-05,-7.9153e-05,-0.00011603,0.0002727,-4.5983e-07,-4.2957e-08,-1.1079e-05,-1.4589e-06,-3.2529e-06,1.2176e-06,-6.4709e-06,1.1472e-06,0.00081361,0.00011695,2.3766e-05,2.6172e-08,2.4049e-06,1.076e-07,-1.6771e-07,-4.4252e-07
a1_pop,0.00046147,-0.00077285,7.5985e-06,0.67573,-1.0309e-05,-2.2008e-06,0.00032854,1.6957e-05,-0.00035994,4.277e-05,-0.00021254,-3.6942e-05,0.048612,-0.0058374,-8.3629e-05,0.00012014,0.00043669,-4.9815e-05,0.0018167,-0.020204,0.0023493,-0.0029733,-5.0052e-06,1.3527e-05,-0.00090334,-6.8931e-10,0.00040824,-0.0010827,-2.3731e-10,1.8043e-06,-0.033814,-0.0039902,-0.0043453,-0.093212,-6.7133e-05,-4.1632e-06,-3.979e-05,9.6905e-06,-0.000258,0.00010827,0.00028707,8.7672e-05,0.0025434,0.0030465,0.00449,4.1239e-06,-2.8677e-05,-7.3488e-07,-1.3522e-05,-5.1475e-05
b02_pop,-1.4563e-06,-7.6778e-08,-2.8962e-07,-1.0309e-05,8.3848e-06,-3.4154e-07,-2.152e-07,9.3136e-08,7.4919e-08,5.7736e-09,-4.9674e-08,1.2816e-08,2.6365e-05,-7.39e-06,8.1949e-07,6.205e-06,-1.0412e-06,-2.2707e-07,-9.6258e-07,0.00040692,-1.3189e-05,1.1246e-05,1.2547e-08,-1.1656e-08,-3.0603e-07,-1.4327e-11,2.5369e-06,-3.7073e-06,5.6657e-14,-1.4781e-08,3.4453e-07,-5.1713e-08,8.7067e-08,2.1909e-06,2.9792e-07,-8.1958e-09,-2.7918e-07,-1.0091e-07,7.6654e-08,-5.965e-08,8.0881e-08,4.8241e-08,3.8531e-05,-7.2923e-06,-8.8487e-08,-3.7435e-08,2.7254e-08,-1.6148e-08,-3.6935e-09,2.445e-08
b12_pop,5.9343e-08,-1.8068e-08,-4.4674e-08,-2.2008e-06,-3.4154e-07,2.1719e-07,1.8575e-08,5.3873e-08,2.7391e-08,1.9816e-09,-7.5376e-09,-9.2238e-09,-7.4238e-06,9.9242e-07,3.4771e-07,-1.687e-06,-2.9437e-09,1.6306e-08,-1.4362e-07,9.5271e-05,-5.6532e-07,-4.5151e-06,-6.1378e-11,-1.8939e-09,1.2074e-07,4.1502e-12,-3.3299e-07,6.0759e-07,1.3391e-13,1.6034e-09,1.6803e-07,6.9248e-08,9.4252e-08,-5.2579e-08,-3.4076e-08,5.1055e-09,8.8296e-08,4.532e-08,-3.1287e-08,-3.3421e-09,-4.2114e-08,2.6362e-09,-1.0344e-05,1.9679e-07,-4.0362e-08,-9.9434e-10,-2.3521e-08,2.361e-09,-1.5232e-10,-5.1437e-09
b03_pop,-8.5365e-06,1.0687e-08,2.9027e-06,0.00032854,-2.152e-07,1.8575e-08,0.0035718,-0.00012645,-7.947e-06,2.4766e-06,2.6252e-06,-7.6934e-07,3.3818e-05,0.00017064,-1.6185e-05,-0.00012149,0.00010663,5.3902e-05,4.4614e-05,-0.0052322,0.00069647,-0.00079617,-1.2399e-06,3.201e-07,7.6985e-07,2.0279e-10,-0.0002821,0.00034318,-4.6302e-11,1.0464e-06,-1.6526e-05,-1.2702e-06,-5.5255e-06,-4.1663e-05,-3.5356e-07,1.4156e-07,5.4202e-05,5.8899e-06,-5.2383e-07,-2.2504e-06,3.033e-06,-6.8285e-07,-2.0569e-05,2.6365e-05,4.066e-07,4.0475e-08,1.2361e-06,3.2666e-07,1.9674e-07,-4.1904e-07
b13_pop,3.4099e-06,-1.9798e-06,-1.433e-06,1.6957e-05,9.3136e-08,5.3873e-08,-0.00012645,0.00015548,3.3724e-06,-1.673e-06,-1.2871e-06,-2.6031e-08,-7.1937e-05,-2.3132e-05,-3.0781e-06,5.8104e-05,-3.7584e-06,-2.7866e-05,-6.8268e-06,3.7655e-06,-0.00023396,0.00037594,4.5075e-08,-1.2816e-07,-1.8677e-06,-1.3924e-10,0.00018421,-0.00021202,-2.5249e-12,-2.576e-07,-3.5317e-07,-8.6734e-07,1.0995e-06,-1.1801e-05,9.9701e-08,-5.2065e-08,-1.2571e-06,-2.4915e-06,2.2631e-06,6.1248e-07,-7.2044e-07,2.7882e-08,-9.0512e-06,-5.3537e-06,7.4559e-07,-1.4952e-08,-3.8795e-06,-2.8132e-07,-6.4685e-08,5.1322e-08
b05_pop,-4.5791e-06,-5.1752e-06,-6.4169e-06,-0.00035994,7.4919e-08,2.7391e-08,-7.947e-06,3.3724e-06,0.0029086,-7.2382e-05,-6.0758e-06,9.4723e-07,-8.3371e-05,-6.1316e-05,7.0692e-06,1.4415e-05,-5.8162e-05,-2.5011e-05,-1.0538e-05,0.0026495,-0.00031626,0.00037067,6.7291e-07,1.0135e-07,-2.7248e-06,1.6912e-11,0.00013716,-0.0001926,2.9336e-11,-5.169e-07,1.5629e-05,5.3054e-06,6.089e-06,5.1753e-05,1.7175e-07,-3.7477e-09,3.2801e-06,-3.8823e-07,0.0001318,-1.7026e-06,-1.0529e-06,1.8003e-07,5.8452e-05,-8.489e-06,-2.8047e-06,-6.6075e-09,-2.1438e-06,-3.0805e-06,2.3211e-08,-2.1993e-07
b15_pop,-1.6074e-06,1.4671e-06,1.2509e-06,4.277e-05,5.7736e-09,1.9816e-09,2.4766e-06,-1.673e-06,-7.2382e-05,7.9881e-05,-2.9176e-07,3.8491e-08,-3.0297e-06,5.0026e-06,-3.2228e-06,-8.9207e-06,9.0357e-06,1.5516e-05,8.7343e-06,-0.00088259,0.00014476,-0.00014945,-1.0371e-07,1.6137e-08,2.8398e-06,1.3608e-11,-0.00012743,0.00017902,-4.0882e-12,1.7264e-07,-3.9499e-06,-7.4811e-07,-1.4132e-06,-1.8666e-06,-3.8858e-08,3.5797e-09,4.5644e-07,1.5123e-06,-9.4343e-06,-7.4675e-07,4.4171e-07,1.1713e-08,-3.7955e-05,2.3137e-05,4.5153e-07,-2.3593e-09,1.0142e-06,7.1235e-07,-3.4207e-08,3.8412e-08
b06_pop,-3.7291e-06,-1.8746e-06,-5.3476e-06,-0.00021254,-4.9674e-08,-7.5376e-09,2.6252e-06,-1.2871e-06,-6.0758e-06,-2.9176e-07,0.0020404,-6.6343e-05,7.3812e-05,-1.8775e-06,3.1506e-07,-1.5087e-06,1.6568e-06,3.9137e-07,7.592e-06,0.00048318,8.5071e-06,-2.5908e-05,-1.7911e-08,-5.9078e-08,-1.2258e-06,2.1991e-12,-4.3127e-06,8.7392e-06,-7.566e-13,2.4292e-08,2.4052e-05,3.1627e-06,4.6237e-06,2.4279e-05,9.5936e-08,-2.5899e-10,8.6261e-06,1.5939e-07,2.5283e-06,5.9955e-08,0.00011127,-1.0455e-05,0.00049741,2.8662e-05,-4.6479e-06,1.4317e-08,-1.1881e-06,1.5825e-07,-4.6683e-06,-4.9502e-07
b16_pop,-7.047e-07,3.6364e-07,1.4751e-07,-3.6942e-05,1.2816e-08,-9.2238e-09,-7.6934e-07,-2.6031e-08,9.4723e-07,3.8491e-08,-6.6343e-05,7.12e-05,0.00013541,-2.493e-05,9.7482e-08,6.1126e-07,-7.0063e-07,-5.54e-08,-2.1703e-06,4.2003e-06,-6.1761e-06,9.5937e-06,8.2399e-09,2.0303e-08,5.8724e-07,-8.6957e-13,1.516e-06,-2.6155e-06,3.1795e-13,-1.0029e-08,5.8292e-07,6.3616e-08,3.6366e-07,8.4076e-06,-4.0383e-08,1.5919e-09,-1.9601e-06,-4.1129e-07,-5.6503e-07,4.4643e-08,-1.4952e-05,3.7837e-06,2.4948e-06,-3.9643e-05,-5.0461e-09,-7.7876e-09,4.4633e-07,-3.9012e-08,5.65e-07,1.3148e-07
b07_pop,-0.0007595,0.00081917,0.00098342,0.048612,2.6365e-05,-7.4238e-06,3.3818e-05,-7.1937e-05,-8.3371e-05,-3.0297e-06,7.3812e-05,0.00013541,45.21,-0.61758,-0.00039382,-0.0013977,0.0030185,0.00054076,0.0015223,-0.077795,0.0095376,-0.0094463,-3.4975e-05,0.00020425,-0.00042453,7.2612e-10,-0.0031226,0.0038071,-1.4679e-09,6.1025e-05,-0.0074538,-0.0010437,-0.001369,-0.00014353,-3.6792e-05,-1.1898e-06,-4.1314e-05,-1.7276e-05,-0.00029907,4.4657e-05,-0.00015303,0.00010804,3.7814,-0.13151,0.0013175,4.8094e-06,3.4765e-05,-1.0322e-05,-7.3526e-06,-0.0017605
b17_pop,0.00016362,1.466e-06,-1.7915e-05,-0.0058374,-7.39e-06,9.9242e-07,0.00017064,-2.3132e-05,-6.1316e-05,5.0026e-06,-1.8775e-06,-2.493e-05,-0.61758,0.2923,-0.00010597,-0.000403,0.00063455,-0.00010452,0.00038766,-0.038502,0.0031059,-0.0035516,-7.3683e-06,2.2981e-05,-0.00017495,4.2088e-10,-0.00090148,0.0012672,-2.991e-10,3.9355e-05,0.0014182,5.3885e-05,0.00016695,0.00042456,1.1941e-05,-2.5117e-06,0.00012722,-2.0667e-05,7.0403e-05,-9.6675e-06,1.4528e-05,-2.1958e-05,-0.18213,0.041708,-0.00021821,-7.8686e-07,-5.5595e-06,3.0906e-06,-1.214e-07,2.5973e-05
p1_pop,3.3894e-06,-6.6476e-06,-4.0957e-06,-8.3629e-05,8.1949e-07,3.4771e-07,-1.6185e-05,-3.0781e-06,7.0692e-06,-3.2228e-06,3.1506e-07,9.7482e-08,-0.00039382,-0.00010597,9.497e-05,-1.7242e-05,-9.4767e-05,-1.3645e-05,-0.00013639,0.032345,-0.0015989,0.00063013,1.0924e-06,-1.4658e-06,2.3173e-05,1.2742e-10,0.00017278,-0.00024347,5.0936e-11,-1.0583e-06,1.3588e-05,-1.0191e-06,3.0104e-06,-2.5038e-07,4.1444e-07,-9.1692e-08,1.764e-07,-2.4354e-06,2.5687e-06,4.503e-07,-7.8709e-07,8.1312e-08,-0.00018485,-5.8602e-05,-2.8425e-07,-1.3374e-07,-4.5614e-06,-3.8665e-07,6.4915e-08,-1.2653e-07
g1_pop,-2.9419e-05,1.3272e-07,1.449e-06,0.00012014,6.205e-06,-1.687e-06,-0.00012149,5.8104e-05,1.4415e-05,-8.9207e-06,-1.5087e-06,6.1126e-07,-0.0013977,-0.000403,-1.7242e-05,0.0011492,-0.00011522,-6.8233e-05,5.9432e-05,0.026635,-0.0016503,0.0023468,1.3848e-06,-1.5391e-05,-9.4362e-05,-2.7224e-09,0.00060101,-0.00082298,-2.9726e-11,-1.691e-06,-6.0833e-05,9.2839e-06,-3.1656e-06,-4.8952e-05,-1.1707e-06,7.2006e-07,-7.226e-05,2.9727e-05,5.9654e-06,3.2128e-06,-1.4377e-06,2.5778e-07,6.1825e-05,-0.00020077,5.2109e-06,-1.2875e-07,-9.2333e-06,-1.3847e-06,-8.3402e-08,-9.8378e-07
p2_pop,2.4456e-05,3.1617e-05,7.8231e-06,0.00043669,-1.0412e-06,-2.9437e-09,0.00010663,-3.7584e-06,-5.8162e-05,9.0357e-06,1.6568e-06,-7.0063e-07,0.0030185,0.00063455,-9.4767e-05,-0.00011522,0.0017304,0.00028985,0.00019864,-0.033214,0.0030857,-0.0030924,-2.0034e-05,8.5339e-08,5.7887e-05,-1.2698e-09,-0.0015061,0.001665,-8.9631e-10,6.2414e-06,2.2927e-05,-8.9957e-07,-9.5335e-06,2.943e-05,-8.9456e-07,-4.4204e-08,1.3788e-05,1.703e-05,-2.1209e-05,-5.5528e-06,4.1524e-06,-5.7935e-07,0.0019984,0.00034778,-4.3626e-06,1.8194e-07,1.4806e-05,2.6866e-06,-1.4454e-07,-1.0686e-06
g2_pop,8.1862e-06,3.3558e-06,-4.6774e-07,-4.9815e-05,-2.2707e-07,1.6306e-08,5.3902e-05,-2.7866e-05,-2.5011e-05,1.5516e-05,3.9137e-07,-5.54e-08,0.00054076,-0.00010452,-1.3645e-05,-6.8233e-05,0.00028985,0.00032191,1.3609e-05,-0.0046713,0.00075807,-0.00083263,-3.3526e-06,4.9645e-07,7.6213e-05,-9.3082e-11,-0.0010766,0.00098074,-1.4667e-10,-2.5669e-07,3.0651e-05,-3.0166e-06,1.5898e-06,-1.0491e-05,-2.6169e-07,5.9293e-10,-9.7056e-07,5.9173e-06,-7.8542e-06,-2.291e-06,1.6308e-06,-7.7332e-08,0.00020234,2.1285e-05,-4.9022e-06,3.7464e-08,7.8885e-06,1.138e-06,-2.9625e-09,-2.1395e-07
alpha11_pop,3.7666e-05,-8.5982e-06,-9.2674e-06,0.0018167,-9.6258e-07,-1.4362e-07,4.4614e-05,-6.8268e-06,-1.0538e-05,8.7343e-06,7.592e-06,-2.1703e-06,0.0015223,0.00038766,-0.00013639,5.9432e-05,0.00019864,1.3609e-05,0.0012975,-0.012682,0.0028249,-0.0020494,-2.2569e-06,-9.2343e-07,-0.00029811,-3.2611e-10,-0.00041316,0.00054343,-1.0856e-10,5.0924e-06,-0.00029761,-1.4086e-05,-8.9999e-06,-5.1187e-05,2.2802e-07,4.8733e-08,1.2237e-05,2.1839e-06,-1.638e-06,5.9719e-07,6.597e-06,-5.1563e-07,0.0010804,0.00024696,4.4898e-05,5.7934e-08,6.999e-06,5.0371e-07,-5.9137e-07,-3.3751e-07
alpha12_pop,0.0034138,-0.0033832,-0.0025698,-0.020204,0.00040692,9.5271e-05,-0.0052322,3.7655e-06,0.0026495,-0.00088259,0.00048318,4.2003e-06,-0.077795,-0.038502,0.032345,0.026635,-0.033214,-0.0046713,-0.012682,19.091,-0.48149,0.17737,0.00038841,-0.00026859,-0.0051157,-3.5824e-08,0.052698,-0.077891,1.527e-08,-0.00034606,0.00050679,-2.3963e-05,0.0018999,0.0040609,0.00040131,2.7605e-05,0.00011664,-0.00039441,0.00096034,8.3779e-05,-0.00021941,-4.1686e-05,-0.047208,-0.020013,0.0005525,-0.00010749,-0.0015241,-0.00012874,1.6243e-05,-6.4561e-05
alpha13_pop,-0.00015065,0.00011427,9.3806e-05,0.0023493,-1.3189e-05,-5.6532e-07,0.00069647,-0.00023396,-0.00031626,0.00014476,8.5071e-06,-6.1761e-06,0.0095376,0.0031059,-0.0015989,-0.0016503,0.0030857,0.00075807,0.0028249,-0.48149,0.051266,-0.044396,-3.5647e-05,8.0535e-06,-0.0006278,1.2803e-09,-0.00872,0.012021,-1.4864e-09,3.918e-05,-0.00037744,-1.3078e-05,-5.2131e-05,-0.00030147,-1.1815e-05,5.4906e-07,0.00019536,-7.7855e-05,-0.00011897,-4.5274e-05,3.5933e-05,-6.3929e-06,0.0066089,0.0021546,1.4015e-05,2.3023e-06,0.0001788,2.2689e-05,-1.2336e-06,2.8997e-07
alpha15_pop,8.8176e-05,-6.3529e-05,-7.798e-05,-0.0029733,1.1246e-05,-4.5151e-06,-0.00079617,0.00037594,0.00037067,-0.00014945,-2.5908e-05,9.5937e-06,-0.0094463,-0.0035516,0.00063013,0.0023468,-0.0030924,-0.00083263,-0.0020494,0.17737,-0.044396,0.064092,3.572e-05,-1.054e-05,0.00064958,-2.9807e-09,0.0097832,-0.01361,1.436e-09,-4.2247e-05,0.00031956,4.8941e-05,3.5734e-05,0.00044131,6.244e-06,1.1397e-06,-0.0004874,0.00012158,0.00012738,6.3927e-05,-5.1608e-05,1.1095e-05,-0.0069037,-0.0026263,-1.8927e-05,-1.2113e-06,-0.00014566,-2.8706e-05,8.8693e-07,7.8513e-07
alpha16_pop,-2.8448e-07,-3.6614e-07,-9.0604e-08,-5.0052e-06,1.2547e-08,-6.1378e-11,-1.2399e-06,4.5075e-08,6.7291e-07,-1.0371e-07,-1.7911e-08,8.2399e-09,-3.4975e-05,-7.3683e-06,1.0924e-06,1.3848e-06,-2.0034e-05,-3.3526e-06,-2.2569e-06,0.00038841,-3.5647e-05,3.572e-05,5.668e-07,-1.9742e-09,-6.7975e-07,1.3376e-11,1.7395e-05,-1.9215e-05,8.4405e-12,-7.2219e-08,-2.7542e-07,1.0359e-08,1.1009e-07,-3.4808e-07,1.0285e-08,5.6519e-10,-1.6386e-07,-1.9505e-07,2.4531e-07,6.4124e-08,-4.8585e-08,6.7948e-09,-2.3095e-05,-4.0269e-06,5.1794e-08,-2.1265e-09,-1.7127e-07,-3.1036e-08,1.6824e-09,1.2285e-08
alpha17_pop,4.4645e-07,1.0741e-07,2.3745e-07,1.3527e-05,-1.1656e-08,-1.8939e-09,3.201e-07,-1.2816e-07,1.0135e-07,1.6137e-08,-5.9078e-08,2.0303e-08,0.00020425,2.2981e-05,-1.4658e-06,-1.5391e-05,8.5339e-08,4.9645e-07,-9.2343e-07,-0.00026859,8.0535e-06,-1.054e-05,-1.9742e-09,2.3451e-06,1.6271e-06,3.778e-11,-1.1606e-06,2.1744e-06,1.1616e-12,-7.737e-08,-1.0479e-06,-1.7561e-07,-2.993e-07,-2.8804e-06,1.7899e-08,3.7815e-09,5.3012e-07,-1.3658e-07,8.7706e-08,-1.1554e-08,-1.5962e-09,-1.1393e-08,-2.7882e-05,5.3795e-06,1.7112e-07,-3.6655e-09,-4.0348e-10,-6.974e-11,4.8167e-10,1.3973e-07
alpha21_pop,-2.6761e-06,1.8882e-05,-1.7085e-06,-0.00090334,-3.0603e-07,1.2074e-07,7.6985e-07,-1.8677e-06,-2.7248e-06,2.8398e-06,-1.2258e-06,5.8724e-07,-0.00042453,-0.00017495,2.3173e-05,-9.4362e-05,5.7887e-05,7.6213e-05,-0.00029811,-0.0051157,-0.0006278,0.00064958,-6.7975e-07,1.6271e-06,0.00062455,1.8216e-10,-0.00022239,0.00042283,-2.3176e-11,-2.4123e-06,0.00018686,3.3714e-06,1.3116e-06,-1.2074e-05,-1.1546e-07,-7.2977e-08,2.5515e-06,3.4236e-06,-6.6848e-06,-2.3827e-06,-2.0831e-06,7.833e-08,-0.00043016,-6.4467e-05,-2.4647e-05,2.6345e-08,-1.902e-07,5.4775e-07,2.0373e-07,1.3385e-07
alpha22_pop,5.0455e-11,-2.8636e-11,-1.0609e-11,-6.8931e-10,-1.4327e-11,4.1502e-12,2.0279e-10,-1.3924e-10,1.6912e-11,1.3608e-11,2.1991e-12,-8.6957e-13,7.2612e-10,4.2088e-10,1.2742e-10,-2.7224e-09,-1.2698e-09,-9.3082e-11,-3.2611e-10,-3.5824e-08,1.2803e-09,-2.9807e-09,1.3376e-11,3.778e-11,1.8216e-10,4.334e-14,-1.1536e-10,5.1317e-10,2.0121e-15,-1.4597e-12,1.2955e-10,-2.2008e-11,1.6314e-11,9.3991e-11,3.6807e-12,-1.7313e-12,1.6521e-10,-8.8468e-11,4.4754e-12,-2.8597e-12,-2.1891e-13,-1.096e-13,-1.9484e-09,1.8053e-10,-8.9412e-12,1.5393e-13,9.3577e-12,9.7259e-13,3.3558e-13,3.3802e-12
alpha23_pop,3.8533e-05,-3.3763e-05,-2.6029e-05,0.00040824,2.5369e-06,-3.3299e-07,-0.0002821,0.00018421,0.00013716,-0.00012743,-4.3127e-06,1.516e-06,-0.0031226,-0.00090148,0.00017278,0.00060101,-0.0015061,-0.0010766,-0.00041316,0.052698,-0.00872,0.0097832,1.7395e-05,-1.1606e-06,-0.00022239,-1.1536e-10,0.00835,-0.0097747,7.4388e-10,-1.3252e-05,-0.0001032,7.2367e-06,5.3553e-08,5.6459e-05,2.1268e-06,1.2268e-07,-5.2609e-05,-5.2674e-05,6.9943e-05,3.1223e-05,-1.5399e-05,1.6572e-06,-0.0025077,-0.00080063,2.8493e-05,-3.3817e-07,-6.2127e-05,-1.2719e-05,2.3909e-07,9.3458e-07
alpha25_pop,-5.0457e-05,5.4254e-05,3.5218e-05,-0.0010827,-3.7073e-06,6.0759e-07,0.00034318,-0.00021202,-0.0001926,0.00017902,8.7392e-06,-2.6155e-06,0.0038071,0.0012672,-0.00024347,-0.00082298,0.001665,0.00098074,0.00054343,-0.077891,0.012021,-0.01361,-1.9215e-05,2.1744e-06,0.00042283,5.1317e-10,-0.0097747,0.014675,-8.111e-10,1.7557e-05,0.00021992,8.4068e-07,7.732e-06,-3.0127e-05,-2.6351e-06,-2.3263e-07,0.00011371,6.79e-05,-0.00012284,-5.3396e-05,1.96e-05,-3.4844e-06,0.0031117,0.0011659,-5.498e-05,4.5099e-07,6.9954e-05,2.0067e-05,-2.0466e-07,-1.036e-06
alpha26_pop,-1.0454e-11,-1.6562e-11,-4.2151e-12,-2.3731e-10,5.6657e-14,1.3391e-13,-4.6302e-11,-2.5249e-12,2.9336e-11,-4.0882e-12,-7.566e-13,3.1795e-13,-1.4679e-09,-2.991e-10,5.0936e-11,-2.9726e-11,-8.9631e-10,-1.4667e-10,-1.0856e-10,1.527e-08,-1.4864e-09,1.436e-09,8.4405e-12,1.1616e-12,-2.3176e-11,2.0121e-15,7.4388e-10,-8.111e-10,1.1916e-15,-3.1223e-12,-7.3195e-12,-2.5684e-13,5.2319e-12,-1.1492e-11,5.6053e-13,-3.3473e-14,-1.5524e-12,-1.1272e-11,1.0663e-11,2.6695e-12,-2.0596e-12,2.8321e-13,-1.0491e-09,-1.6607e-10,1.8937e-12,-8.5028e-14,-7.0377e-12,-1.3027e-12,8.1966e-14,6.3669e-13
alpha27_pop,2.1523e-07,7.6653e-08,2.2234e-08,1.8043e-06,-1.4781e-08,1.6034e-09,1.0464e-06,-2.576e-07,-5.169e-07,1.7264e-07,2.4292e-08,-1.0029e-08,6.1025e-05,3.9355e-05,-1.0583e-06,-1.691e-06,6.2414e-06,-2.5669e-07,5.0924e-06,-0.00034606,3.918e-05,-4.2247e-05,-7.2219e-08,-7.737e-08,-2.4123e-06,-1.4597e-12,-1.3252e-05,1.7557e-05,-3.1223e-12,4.0197e-07,-3.1752e-07,1.7236e-08,3.8886e-08,7.0055e-07,-3.2557e-09,-1.5493e-09,3.094e-07,2.5391e-08,-1.2597e-07,-6.0786e-08,5.5472e-08,-7.5126e-10,5.5891e-05,1.1819e-05,1.2358e-08,1.6581e-09,1.5063e-07,2.8852e-08,-1.9997e-09,5.8638e-10
omega_b01,0.0025825,6.6198e-05,5.2706e-05,-0.033814,3.4453e-07,1.6803e-07,-1.6526e-05,-3.5317e-07,1.5629e-05,-3.9499e-06,2.4052e-05,5.8292e-07,-0.0074538,0.0014182,1.3588e-05,-6.0833e-05,2.2927e-05,3.0651e-05,-0.00029761,0.00050679,-0.00037744,0.00031956,-2.7542e-07,-1.0479e-06,0.00018686,1.2955e-10,-0.0001032,0.00021992,-7.3195e-12,-3.1752e-07,0.015675,0.00023719,0.00035546,0.0037294,2.4475e-06,3.8012e-07,-2.0874e-05,6.8518e-06,8.8106e-06,-3.896e-06,-2.5112e-05,-5.3649e-06,-0.0028452,0.00010279,-0.00071799,-8.6543e-08,1.4277e-06,-2.378e-07,1.0341e-06,5.7003e-06
omega_b11,0.00011019,-0.00010617,-7.9153e-05,-0.0039902,-5.1713e-08,6.9248e-08,-1.2702e-06,-8.6734e-07,5.3054e-06,-7.4811e-07,3.1627e-06,6.3616e-08,-0.0010437,5.3885e-05,-1.0191e-06,9.2839e-06,-8.9957e-07,-3.0166e-06,-1.4086e-05,-2.3963e-05,-1.3078e-05,4.8941e-05,1.0359e-08,-1.7561e-07,3.3714e-06,-2.2008e-11,7.2367e-06,8.4068e-07,-2.5684e-13,1.7236e-08,0.00023719,0.00015626,8.3919e-05,0.00018165,4.8596e-07,5.0588e-08,4.9572e-06,1.9278e-06,1.7979e-06,-5.2036e-07,2.493e-06,-1.4041e-06,-0.00070222,-6.8354e-05,-4.4047e-05,-2.6102e-08,-9.8208e-07,-2.0919e-08,1.1309e-07,5.9001e-07
omega_b21,-7.3207e-05,-7.2343e-05,-0.00011603,-0.0043453,8.7067e-08,9.4252e-08,-5.5255e-06,1.0995e-06,6.089e-06,-1.4132e-06,4.6237e-06,3.6366e-07,-0.001369,0.00016695,3.0104e-06,-3.1656e-06,-9.5335e-06,1.5898e-06,-8.9999e-06,0.0018999,-5.2131e-05,3.5734e-05,1.1009e-07,-2.993e-07,1.3116e-06,1.6314e-11,5.3553e-08,7.732e-06,5.2319e-12,3.8886e-08,0.00035546,8.3919e-05,0.00017446,0.00030843,8.6974e-07,8.0197e-08,5.3713e-06,1.7384e-06,4.1115e-06,-2.2038e-06,2.7546e-06,-1.6141e-06,-0.00078619,-3.7735e-05,-8.2914e-05,-6.6934e-08,-8.0314e-07,-3.4343e-08,3.6191e-07,7.0548e-07
omega_a1,-0.0011984,0.00048032,0.0002727,-0.093212,2.1909e-06,-5.2579e-08,-4.1663e-05,-1.1801e-05,5.1753e-05,-1.8666e-06,2.4279e-05,8.4076e-06,-0.00014353,0.00042456,-2.5038e-07,-4.8952e-05,2.943e-05,-1.0491e-05,-5.1187e-05,0.0040609,-0.00030147,0.00044131,-3.4808e-07,-2.8804e-06,-1.2074e-05,9.3991e-11,5.6459e-05,-3.0127e-05,-1.1492e-11,7.0055e-07,0.0037294,0.00018165,0.00030843,0.0248,1.2454e-05,4.1988e-07,3.1256e-06,-1.8587e-05,4.4033e-05,-1.8183e-05,-7.1114e-05,-1.696e-05,0.0072475,0.00021924,-0.00054939,-8.2503e-07,9.3074e-06,2.929e-07,1.8649e-06,3.6025e-06
omega_b02,-7.4196e-07,-1.7069e-07,-4.5983e-07,-6.7133e-05,2.9792e-07,-3.4076e-08,-3.5356e-07,9.9701e-08,1.7175e-07,-3.8858e-08,9.5936e-08,-4.0383e-08,-3.6792e-05,1.1941e-05,4.1444e-07,-1.1707e-06,-8.9456e-07,-2.6169e-07,2.2802e-07,0.00040131,-1.1815e-05,6.244e-06,1.0285e-08,1.7899e-08,-1.1546e-07,3.6807e-12,2.1268e-06,-2.6351e-06,5.6053e-13,-3.2557e-09,2.4475e-06,4.8596e-07,8.6974e-07,1.2454e-05,5.8288e-06,-2.2024e-08,5.6431e-07,-2.9905e-08,-1.5173e-07,-3.623e-08,-2.0971e-07,-6.3532e-08,-1.607e-06,-1.9853e-06,-6.8586e-07,-1.9807e-07,-1.1258e-07,2.9694e-09,7.9414e-09,1.8961e-08
omega_b12,-1.1107e-07,4.22e-09,-4.2957e-08,-4.1632e-06,-8.1958e-09,5.1055e-09,1.4156e-07,-5.2065e-08,-3.7477e-09,3.5797e-09,-2.5899e-10,1.5919e-09,-1.1898e-06,-2.5117e-06,-9.1692e-08,7.2006e-07,-4.4204e-08,5.9293e-10,4.8733e-08,2.7605e-05,5.4906e-07,1.1397e-06,5.6519e-10,3.7815e-09,-7.2977e-08,-1.7313e-12,1.2268e-07,-2.3263e-07,-3.3473e-14,-1.5493e-09,3.8012e-07,5.0588e-08,8.0197e-08,4.1988e-07,-2.2024e-08,1.3097e-07,-4.2945e-08,1.2659e-08,-1.3454e-08,6.0851e-09,-5.371e-08,-3.0057e-09,-3.5875e-06,-2.6338e-07,-6.7183e-08,-1.269e-08,6.6476e-09,-3.2063e-09,-2.4398e-09,1.9249e-09
omega_b03,-8.516e-06,-1.2844e-05,-1.1079e-05,-3.979e-05,-2.7918e-07,8.8296e-08,5.4202e-05,-1.2571e-06,3.2801e-06,4.5644e-07,8.6261e-06,-1.9601e-06,-4.1314e-05,0.00012722,1.764e-07,-7.226e-05,1.3788e-05,-9.7056e-07,1.2237e-05,0.00011664,0.00019536,-0.0004874,-1.6386e-07,5.3012e-07,2.5515e-06,1.6521e-10,-5.2609e-05,0.00011371,-1.5524e-12,3.094e-07,-2.0874e-05,4.9572e-06,5.3713e-06,3.1256e-06,5.6431e-07,-4.2945e-08,0.0023386,-2.221e-05,2.4061e-06,-1.6848e-06,7.1482e-06,-2.4136e-07,-0.00017724,6.9583e-05,3.347e-06,-7.113e-08,-5.8243e-05,4.5248e-07,-9.9327e-08,8.6735e-08
omega_b13,3.0585e-06,-1.962e-06,-1.4589e-06,9.6905e-06,-1.0091e-07,4.532e-08,5.8899e-06,-2.4915e-06,-3.8823e-07,1.5123e-06,1.5939e-07,-4.1129e-07,-1.7276e-05,-2.0667e-05,-2.4354e-06,2.9727e-05,1.703e-05,5.9173e-06,2.1839e-06,-0.00039441,-7.7855e-05,0.00012158,-1.9505e-07,-1.3658e-07,3.4236e-06,-8.8468e-11,-5.2674e-05,6.79e-05,-1.1272e-11,2.5391e-08,6.8518e-06,1.9278e-06,1.7384e-06,-1.8587e-05,-2.9905e-08,1.2659e-08,-2.221e-05,9.2652e-05,-1.3276e-06,-1.492e-07,1.1109e-06,5.146e-08,-9.6989e-05,-4.6539e-06,-1.2745e-06,2.648e-09,-4.2414e-06,2.1091e-08,-1.2153e-07,-1.4688e-07
omega_b05,1.8772e-06,-1.382e-06,-3.2529e-06,-0.000258,7.6654e-08,-3.1287e-08,-5.2383e-07,2.2631e-06,0.0001318,-9.4343e-06,2.5283e-06,-5.6503e-07,-0.00029907,7.0403e-05,2.5687e-06,5.9654e-06,-2.1209e-05,-7.8542e-06,-1.638e-06,0.00096034,-0.00011897,0.00012738,2.4531e-07,8.7706e-08,-6.6848e-06,4.4754e-12,6.9943e-05,-0.00012284,1.0663e-11,-1.2597e-07,8.8106e-06,1.7979e-06,4.1115e-06,4.4033e-05,-1.5173e-07,-1.3454e-08,2.4061e-06,-1.3276e-06,0.0017642,3.1917e-06,3.3483e-06,-4.223e-07,-0.00038671,0.00011619,-1.3536e-06,1.2716e-08,-7.9835e-07,-8.9182e-06,-4.5783e-07,5.0654e-07
omega_b15,6.4561e-06,-1.3977e-07,1.2176e-06,0.00010827,-5.965e-08,-3.3421e-09,-2.2504e-06,6.1248e-07,-1.7026e-06,-7.4675e-07,5.9955e-08,4.4643e-08,4.4657e-05,-9.6675e-06,4.503e-07,3.2128e-06,-5.5528e-06,-2.291e-06,5.9719e-07,8.3779e-05,-4.5274e-05,6.3927e-05,6.4124e-08,-1.1554e-08,-2.3827e-06,-2.8597e-12,3.1223e-05,-5.3396e-05,2.6695e-12,-6.0786e-08,-3.896e-06,-5.2036e-07,-2.2038e-06,-1.8183e-05,-3.623e-08,6.0851e-09,-1.6848e-06,-1.492e-07,3.1917e-06,5.2849e-05,2.8491e-08,8.433e-08,1.8801e-05,-5.3347e-05,1.6445e-06,-5.6841e-09,-1.225e-07,-1.9572e-06,-3.0608e-08,8.1954e-08
omega_b06,1.6255e-05,-8.2393e-06,-6.4709e-06,0.00028707,8.0881e-08,-4.2114e-08,3.033e-06,-7.2044e-07,-1.0529e-06,4.4171e-07,0.00011127,-1.4952e-05,-0.00015303,1.4528e-05,-7.8709e-07,-1.4377e-06,4.1524e-06,1.6308e-06,6.597e-06,-0.00021941,3.5933e-05,-5.1608e-05,-4.8585e-08,-1.5962e-09,-2.0831e-06,-2.1891e-13,-1.5399e-05,1.96e-05,-2.0596e-12,5.5472e-08,-2.5112e-05,2.493e-06,2.7546e-06,-7.1114e-05,-2.0971e-07,-5.371e-08,7.1482e-06,1.1109e-06,3.3483e-06,2.8491e-08,0.0012981,-1.038e-05,-2.1407e-05,-6.205e-06,3.5187e-06,3.4522e-08,-1.1118e-06,2.4374e-08,-1.538e-05,-1.4003e-07
omega_b16,1.0805e-06,9.5254e-07,1.1472e-06,8.7672e-05,4.8241e-08,2.6362e-09,-6.8285e-07,2.7882e-08,1.8003e-07,1.1713e-08,-1.0455e-05,3.7837e-06,0.00010804,-2.1958e-05,8.1312e-08,2.5778e-07,-5.7935e-07,-7.7332e-08,-5.1563e-07,-4.1686e-05,-6.3929e-06,1.1095e-05,6.7948e-09,-1.1393e-08,7.833e-08,-1.096e-13,1.6572e-06,-3.4844e-06,2.8321e-13,-7.5126e-10,-5.3649e-06,-1.4041e-06,-1.6141e-06,-1.696e-05,-6.3532e-08,-3.0057e-09,-2.4136e-07,5.146e-08,-4.223e-07,8.433e-08,-1.038e-05,4.7664e-05,4.1583e-05,-3.2339e-05,1.5363e-06,1.8312e-09,4.74e-08,-5.131e-08,-1.5955e-06,2.0159e-08
omega_b07,-6.9174e-05,0.00080801,0.00081361,0.0025434,3.8531e-05,-1.0344e-05,-2.0569e-05,-9.0512e-06,5.8452e-05,-3.7955e-05,0.00049741,2.4948e-06,3.7814,-0.18213,-0.00018485,6.1825e-05,0.0019984,0.00020234,0.0010804,-0.047208,0.0066089,-0.0069037,-2.3095e-05,-2.7882e-05,-0.00043016,-1.9484e-09,-0.0025077,0.0031117,-1.0491e-09,5.5891e-05,-0.0028452,-0.00070222,-0.00078619,0.0072475,-1.607e-06,-3.5875e-06,-0.00017724,-9.6989e-05,-0.00038671,1.8801e-05,-2.1407e-05,4.1583e-05,25.128,-0.096642,0.00057648,3.7143e-06,1.7351e-05,8.0244e-06,-4.245e-06,-0.002388
omega_b17,-8.6216e-05,0.00011366,0.00011695,0.0030465,-7.2923e-06,1.9679e-07,2.6365e-05,-5.3537e-06,-8.489e-06,2.3137e-05,2.8662e-05,-3.9643e-05,-0.13151,0.041708,-5.8602e-05,-0.00020077,0.00034778,2.1285e-05,0.00024696,-0.020013,0.0021546,-0.0026263,-4.0269e-06,5.3795e-06,-6.4467e-05,1.8053e-10,-0.00080063,0.0011659,-1.6607e-10,1.1819e-05,0.00010279,-6.8354e-05,-3.7735e-05,0.00021924,-1.9853e-06,-2.6338e-07,6.9583e-05,-4.6539e-06,0.00011619,-5.3347e-05,-6.205e-06,-3.2339e-05,-0.096642,0.21687,-5.4568e-05,-8.1854e-07,5.062e-07,-1.88e-06,-5.2266e-06,-0.00023908
b_1,2.5319e-05,-6.6084e-06,2.3766e-05,0.00449,-8.8487e-08,-4.0362e-08,4.066e-07,7.4559e-07,-2.8047e-06,4.5153e-07,-4.6479e-06,-5.0461e-09,0.0013175,-0.00021821,-2.8425e-07,5.2109e-06,-4.3626e-06,-4.9022e-06,4.4898e-05,0.0005525,1.4015e-05,-1.8927e-05,5.1794e-08,1.7112e-07,-2.4647e-05,-8.9412e-12,2.8493e-05,-5.498e-05,1.8937e-12,1.2358e-08,-0.00071799,-4.4047e-05,-8.2914e-05,-0.00054939,-6.8586e-07,-6.7183e-08,3.347e-06,-1.2745e-06,-1.3536e-06,1.6445e-06,3.5187e-06,1.5363e-06,0.00057648,-5.4568e-05,0.00015882,6.2698e-08,-1.1038e-06,1.5376e-09,-3.9437e-07,-6.2595e-07
a_2,2.726e-07,-5.3414e-09,2.6172e-08,4.1239e-06,-3.7435e-08,-9.9434e-10,4.0475e-08,-1.4952e-08,-6.6075e-09,-2.3593e-09,1.4317e-08,-7.7876e-09,4.8094e-06,-7.8686e-07,-1.3374e-07,-1.2875e-07,1.8194e-07,3.7464e-08,5.7934e-08,-0.00010749,2.3023e-06,-1.2113e-06,-2.1265e-09,-3.6655e-09,2.6345e-08,1.5393e-13,-3.3817e-07,4.5099e-07,-8.5028e-14,1.6581e-09,-8.6543e-08,-2.6102e-08,-6.6934e-08,-8.2503e-07,-1.9807e-07,-1.269e-08,-7.113e-08,2.648e-09,1.2716e-08,-5.6841e-09,3.4522e-08,1.8312e-09,3.7143e-06,-8.1854e-07,6.2698e-08,6.2088e-07,1.0206e-08,8.5805e-10,1.341e-09,-2.5853e-09
a_3,-4.8065e-06,3.0326e-06,2.4049e-06,-2.8677e-05,2.7254e-08,-2.3521e-08,1.2361e-06,-3.8795e-06,-2.1438e-06,1.0142e-06,-1.1881e-06,4.4633e-07,3.4765e-05,-5.5595e-06,-4.5614e-06,-9.2333e-06,1.4806e-05,7.8885e-06,6.999e-06,-0.0015241,0.0001788,-0.00014566,-1.7127e-07,-4.0348e-10,-1.902e-07,9.3577e-12,-6.2127e-05,6.9954e-05,-7.0377e-12,1.5063e-07,1.4277e-06,-9.8208e-07,-8.0314e-07,9.3074e-06,-1.1258e-07,6.6476e-09,-5.8243e-05,-4.2414e-06,-7.9835e-07,-1.225e-07,-1.1118e-06,4.74e-08,1.7351e-05,5.062e-07,-1.1038e-06,1.0206e-08,0.0001846,5.3615e-08,4.4706e-08,1.3547e-07
b_5,-2.8729e-07,9.3519e-08,1.076e-07,-7.3488e-07,-1.6148e-08,2.361e-09,3.2666e-07,-2.8132e-07,-3.0805e-06,7.1235e-07,1.5825e-07,-3.9012e-08,-1.0322e-05,3.0906e-06,-3.8665e-07,-1.3847e-06,2.6866e-06,1.138e-06,5.0371e-07,-0.00012874,2.2689e-05,-2.8706e-05,-3.1036e-08,-6.974e-11,5.4775e-07,9.7259e-13,-1.2719e-05,2.0067e-05,-1.3027e-12,2.8852e-08,-2.378e-07,-2.0919e-08,-3.4343e-08,2.929e-07,2.9694e-09,-3.2063e-09,4.5248e-07,2.1091e-08,-8.9182e-06,-1.9572e-06,2.4374e-08,-5.131e-08,8.0244e-06,-1.88e-06,1.5376e-09,8.5805e-10,5.3615e-08,3.8847e-06,7.2399e-09,-7.1823e-09
b_6,-1.6298e-06,1.4903e-07,-1.6771e-07,-1.3522e-05,-3.6935e-09,-1.5232e-10,1.9674e-07,-6.4685e-08,2.3211e-08,-3.4207e-08,-4.6683e-06,5.65e-07,-7.3526e-06,-1.214e-07,6.4915e-08,-8.3402e-08,-1.4454e-07,-2.9625e-09,-5.9137e-07,1.6243e-05,-1.2336e-06,8.8693e-07,1.6824e-09,4.8167e-10,2.0373e-07,3.3558e-13,2.3909e-07,-2.0466e-07,8.1966e-14,-1.9997e-09,1.0341e-06,1.1309e-07,3.6191e-07,1.8649e-06,7.9414e-09,-2.4398e-09,-9.9327e-08,-1.2153e-07,-4.5783e-07,-3.0608e-08,-1.538e-05,-1.5955e-06,-4.245e-06,-5.2266e-06,-3.9437e-07,1.341e-09,4.4706e-08,7.2399e-09,7.5744e-06,5.6441e-08
b_7,9.2645e-07,-3.5417e-07,-4.4252e-07,-5.1475e-05,2.445e-08,-5.1437e-09,-4.1904e-07,5.1322e-08,-2.1993e-07,3.8412e-08,-4.9502e-07,1.3148e-07,-0.0017605,2.5973e-05,-1.2653e-07,-9.8378e-07,-1.0686e-06,-2.1395e-07,-3.3751e-07,-6.4561e-05,2.8997e-07,7.8513e-07,1.2285e-08,1.3973e-07,1.3385e-07,3.3802e-12,9.3458e-07,-1.036e-06,6.3669e-13,5.8638e-10,5.7003e-06,5.9001e-07,7.0548e-07,3.6025e-06,1.8961e-08,1.9249e-09,8.6735e-08,-1.4688e-07,5.0654e-07,8.1954e-08,-1.4003e-07,2.0159e-08,-0.002388,-0.00023908,-6.2595e-07,-2.5853e-09,1.3547e-07,-7.1823e-09,5.6441e-08,2.7449e-05
