b01_pop,0.020161,-0.00021247,0.00019206,-0.0054816,-8.0197e-07,5.1497e-08,6.4096e-06,-1.8525e-06,5.5808e-06,7.043e-07,1.5175e-05,-2.4208e-06,-8.5913e-06,-1.3847e-06,0.00056539,0.00020546,-1.5717e-06,-2.2891e-05,3.3696e-06,1.805e-07,1.5968e-05,0.00028311,-2.1275e-05,3.6367e-09,1.1081e-09,nan,1.8562e-10,nan,0.00014801,3.2251e-06,-2.6092e-10,-1.2799e-09,nan,-3.5582e-08,0.0026911,9.5565e-05,-4.5702e-05,-0.00015447,1.5053e-07,-2.9026e-07,-2.7832e-05,6.8562e-07,3.2491e-06,-5.5917e-07,-9.6085e-06,-8.9088e-07,-1.3077e-05,2.7656e-06,0.00053847,-2.0888e-05,-2.5391e-05,2.4284e-07,4.8753e-06,2.1853e-06,5.9468e-07,1.6621e-06,1.0973e-06
b11_pop,-0.00021247,0.00018802,0.00011495,-0.00039547,3.1133e-07,-8.0316e-08,7.0852e-06,2.7843e-08,3.494e-06,-1.5419e-06,-2.6702e-06,2.7679e-06,2.0719e-06,-1.4471e-06,0.00028691,9.7588e-05,-2.562e-06,4.2386e-06,4.1608e-07,-5.7996e-07,-1.5252e-06,-0.00043133,6.5249e-06,6.2015e-09,1.8486e-09,nan,4.038e-11,nan,-6.9492e-05,1.4722e-06,4.8992e-10,-7.6903e-09,nan,1.1107e-08,-5.7727e-05,-7.708e-05,-4.7839e-05,0.0003758,7.8291e-08,-1.734e-08,3.5142e-06,1.0475e-06,-2.723e-07,3.3599e-06,-4.3373e-06,4.3035e-07,-3.1237e-06,6.2868e-07,-0.00068554,-1.816e-05,5.4986e-07,4.7552e-08,-2.7527e-07,-4.8428e-06,-3.6356e-07,-9.4764e-08,6.3292e-07
b21_pop,0.00019206,0.00011495,0.00017008,-0.00022786,2.0043e-07,-7.265e-08,9.8401e-06,3.144e-07,6.1348e-06,-1.2467e-06,-1.158e-06,2.9224e-06,2.2934e-06,-1.8262e-06,0.00021005,0.00015883,-3.1431e-07,3.2641e-06,5.3421e-07,-6.72e-07,-6.2542e-06,-0.00027641,-6.0356e-06,-8.9562e-09,-3.004e-09,nan,1.1094e-10,nan,-2.7438e-05,2.2095e-06,9.5862e-10,1.663e-08,nan,2.128e-08,6.3419e-05,-5.8116e-05,-7.3965e-05,0.00025552,2.5384e-07,-5.966e-08,2.6596e-06,1.6278e-06,1.9095e-07,2.9336e-06,-6.9799e-06,1.0941e-07,-4.48e-06,1.1908e-06,-0.00076033,-2.355e-05,1.6917e-06,8.061e-08,3.0074e-07,-5.1455e-06,-3.4706e-07,1.4599e-07,9.9058e-07
a1_pop,-0.0054816,-0.00039547,-0.00022786,0.49301,-1.8165e-05,3.997e-06,0.00020637,1.3905e-05,6.5509e-05,2.5945e-05,-0.00034693,6.8021e-05,0.00021154,1.2599e-05,0.01889,-0.0009106,-6.6407e-05,-4.3783e-05,2.4204e-05,3.2741e-05,0.00021058,-0.014206,0.00014591,-3.3369e-08,-1.4376e-08,nan,-6.6208e-09,nan,0.0036547,-4.5544e-05,-3.0973e-08,3.7089e-07,nan,-5.3564e-07,0.00076358,-0.0021536,-0.00099403,-0.052877,3.2282e-05,2.2765e-06,0.00031542,1.2353e-05,2.3779e-05,-4.4657e-05,-0.00043799,1.9302e-05,0.00027132,-4.4025e-05,0.023274,-0.0059586,-0.0006193,-2.4855e-06,4.869e-06,0.00014987,1.75e-05,-4.6365e-06,8.6503e-06
b02_pop,-8.0197e-07,3.1133e-07,2.0043e-07,-1.8165e-05,8.3653e-06,-3.1967e-07,3.338e-07,-2.1049e-07,-5.5108e-08,4.4881e-09,-3.1172e-07,4.6236e-08,2.7819e-08,-8.5546e-08,-3.9372e-05,9.3472e-06,5.744e-07,2.3433e-06,-8.5588e-07,-1.4244e-06,-7.8379e-07,0.00010566,-1.4043e-06,9.6787e-09,2.4197e-09,nan,5.1564e-11,nan,-7.5919e-05,-1.4222e-07,1.2694e-09,-1.8821e-08,nan,9.157e-10,-4.7221e-07,3.225e-10,7.7025e-08,8.0075e-07,6.8412e-08,-2.9913e-08,2.4697e-07,-1.0281e-07,-1.184e-07,8.0437e-08,9.8046e-08,8.3628e-08,3.9632e-07,-9.3921e-09,2.8531e-06,7.5852e-06,-6.8332e-09,-1.3396e-08,-5.1904e-08,-1.1853e-07,-6.8973e-09,-1.1059e-08,1.81e-08
b12_pop,5.1497e-08,-8.0316e-08,-7.265e-08,3.997e-06,-3.1967e-07,2.2456e-07,-1.4404e-07,1.8962e-07,1.1199e-09,-1.1153e-08,3.4881e-08,-2.7292e-09,-1.5126e-08,4.4211e-09,8.3543e-06,-7.5623e-07,2.8667e-07,-5.8018e-07,-7.5975e-07,4.0309e-07,-1.1028e-07,2.3232e-05,-1.1767e-06,-1.0811e-08,-3.2318e-09,nan,-2.6675e-11,nan,4.5654e-05,-3.1001e-07,-1.9912e-10,1.8354e-08,nan,6.0877e-09,-1.2357e-08,4.5808e-08,3.0998e-08,-8.496e-07,-9.9631e-09,1.101e-08,-8.382e-08,7.3432e-08,6.2497e-08,-8.7503e-09,-2.1489e-08,-1.5973e-08,-8.0197e-08,-1.6076e-09,-9.3899e-07,-5.9939e-07,-3.6665e-09,-6.0045e-10,-8.4664e-09,2.0346e-08,1.8426e-09,2.5907e-09,-2.731e-09
b03_pop,6.4096e-06,7.0852e-06,9.8401e-06,0.00020637,3.338e-07,-1.4404e-07,0.0038457,-0.00010753,-7.8161e-06,9.1442e-07,-1.1157e-06,9.849e-07,-3.0512e-06,9.8766e-07,-7.6079e-05,-5.5897e-05,-6.2041e-06,-4.1206e-05,7.9125e-06,1.2194e-05,9.4908e-06,0.00012774,5.3954e-05,1.05e-07,3.8063e-08,nan,-1.3513e-09,nan,1.743e-05,-1.0557e-05,-1.5593e-08,-1.5795e-07,nan,-1.4561e-07,4.6802e-06,-5.1087e-06,-6.6186e-06,3.8139e-06,1.1073e-07,3.2544e-08,2.7878e-05,5.9459e-06,-3.656e-06,1.0462e-06,-2.2568e-06,-5.3701e-07,5.1962e-06,9.1003e-07,-7.3334e-05,-3.6135e-05,-3.8077e-07,1.5154e-08,-7.3191e-08,-8.6887e-07,2.9095e-07,-3.2611e-07,-2.7165e-07
b13_pop,-1.8525e-06,2.7843e-08,3.144e-07,1.3905e-05,-2.1049e-07,1.8962e-07,-0.00010753,0.0001499,1.3959e-06,-3.7927e-07,1.0191e-07,-1.7741e-07,4.8364e-07,-1.4453e-07,1.1051e-05,-9.9143e-06,-8.3545e-06,1.578e-05,1.0506e-05,-4.1475e-06,3.8256e-06,-0.00078807,2.4901e-05,9.2009e-08,2.747e-08,nan,3.5936e-10,nan,-0.00027867,4.6012e-06,2.4646e-09,-1.5028e-07,nan,-7.2621e-08,1.0721e-07,-3.5255e-07,-6.8375e-08,-8.1798e-07,-3.0172e-08,-3.7136e-08,7.9937e-07,-2.7274e-06,-1.5007e-07,-1.1176e-08,6.2977e-07,-3.1485e-07,-1.3838e-06,-1.0875e-07,0.00012388,7.8406e-06,1.5051e-07,-7.6884e-09,-6.0725e-07,1.4293e-07,-5.3663e-08,4.8655e-08,-2.3667e-08
b04_pop,5.5808e-06,3.494e-06,6.1348e-06,6.5509e-05,-5.5108e-08,1.1199e-09,-7.8161e-06,1.3959e-06,0.01027,-8.95e-05,1.2885e-06,5.6076e-07,-1.305e-06,8.9522e-07,0.00032826,-1.1758e-05,-1.0877e-06,5.2726e-07,2.3295e-07,-7.3131e-08,2.035e-06,-0.00016498,1.085e-05,2.0978e-08,5.7532e-09,nan,-2.549e-11,nan,-9.0419e-06,1.5216e-07,-5.8503e-10,-1.5133e-08,nan,-6.9158e-09,3.2498e-06,-3.8061e-06,-9.4289e-06,4.056e-05,-6.4009e-08,2.9547e-08,-6.5813e-06,1.4541e-06,-2.8395e-05,1.4654e-06,-4.1662e-07,1.0091e-06,2.8945e-06,-1.2591e-06,0.00013421,-3.7508e-05,6.0972e-07,9.3272e-09,5.0744e-07,-1.6852e-06,-1.4608e-07,5.69e-09,2.9013e-07
b14_pop,7.043e-07,-1.5419e-06,-1.2467e-06,2.5945e-05,4.4881e-09,-1.1153e-08,9.1442e-07,-3.7927e-07,-8.95e-05,5.5381e-05,-1.3142e-06,1.4585e-07,3.2411e-07,-5.0608e-08,6.362e-05,-2.0975e-05,3.4091e-07,6.69e-08,-3.8155e-08,2.7819e-08,-8.4216e-07,2.0519e-05,-4.0978e-06,2.3115e-09,3.6544e-10,nan,4.5961e-12,nan,5.6677e-06,4.5681e-08,3.5908e-10,-1.9743e-10,nan,-8.4381e-10,4.4408e-07,1.2161e-06,1.2085e-06,-1.3213e-05,3.3325e-08,-1.2448e-08,1.9022e-06,-2.2681e-07,-5.456e-06,-3.3163e-07,3.4001e-07,-2.5414e-07,-7.9056e-07,3.4504e-07,5.3612e-06,7.9729e-06,-1.359e-07,-2.3453e-09,-7.5135e-08,1.9631e-06,2.3015e-08,-1.6294e-08,-1.272e-08
b05_pop,1.5175e-05,-2.6702e-06,-1.158e-06,-0.00034693,-3.1172e-07,3.4881e-08,-1.1157e-06,1.0191e-07,1.2885e-06,-1.3142e-06,0.0033624,-7.0617e-05,-2.4119e-08,7.8197e-07,-4.6656e-05,8.3881e-06,3.8441e-07,-5.4089e-07,-2.4088e-08,2.3461e-07,7.2349e-07,0.00017412,-3.0292e-06,9.5335e-09,3.5941e-09,nan,2.2431e-11,nan,8.5212e-06,1.3812e-07,-4.9317e-10,-1.538e-08,nan,-8.4409e-09,7.7601e-06,1.7439e-06,-1.0057e-06,6.7435e-05,9.9902e-10,-2.9377e-08,6.2087e-07,-7.3669e-08,2.7795e-07,-1.4847e-06,0.00012129,-9.7471e-06,1.2222e-06,-2.5685e-07,-0.00030141,-2.1574e-05,4.8368e-08,-1.3625e-08,-2.8538e-07,1.1384e-06,-1.264e-06,-1.1718e-07,-8.1042e-08
b15_pop,-2.4208e-06,2.7679e-06,2.9224e-06,6.8021e-05,4.6236e-08,-2.7292e-09,9.849e-07,-1.7741e-07,5.6076e-07,1.4585e-07,-7.0617e-05,7.4972e-05,6.2963e-07,-1.6685e-07,0.00011973,-2.1322e-05,-8.8229e-08,1.108e-07,-2.7729e-07,-1.0433e-07,4.022e-08,-2.9623e-05,1.2027e-06,-8.3999e-09,-2.6516e-09,nan,1.002e-11,nan,-9.207e-06,2.0055e-07,3.0517e-10,1.479e-08,nan,1.232e-08,-3.9679e-07,-1.7598e-06,-1.9415e-06,4.0465e-07,-8.7163e-08,-2.1898e-09,-9.1641e-07,1.0956e-08,9.3566e-09,1.484e-08,-8.7845e-06,3.2381e-06,4.7019e-07,1.161e-07,5.1195e-05,-7.3142e-07,7.2603e-08,-2.3492e-09,1.6603e-07,1.8229e-07,-1.0933e-07,3.2062e-08,-4.9327e-09
b06_pop,-8.5913e-06,2.0719e-06,2.2934e-06,0.00021154,2.7819e-08,-1.5126e-08,-3.0512e-06,4.8364e-07,-1.305e-06,3.2411e-07,-2.4119e-08,6.2963e-07,0.0020517,-5.9953e-05,-0.00028091,9.9387e-06,-6.2584e-07,-3.8539e-08,-2.648e-07,-2.7373e-07,9.8748e-07,-0.00011934,5.6123e-06,-1.1759e-08,-3.7905e-09,nan,1.2836e-10,nan,4.9204e-05,1.8772e-06,6.3404e-10,2.0333e-08,nan,8.2787e-09,-9.5515e-06,-3.4746e-06,-4.7003e-06,-2.3159e-06,4.7079e-07,1.0855e-08,-3.5242e-06,3.0408e-08,1.1475e-06,-9.1283e-07,-2.5525e-06,1.9264e-07,0.00011203,-1.0164e-05,-4.3305e-05,1.7195e-06,-2.389e-07,-4.6917e-08,-2.7676e-07,-5.2543e-07,4.373e-08,-3.8068e-06,-3.4923e-07
b16_pop,-1.3847e-06,-1.4471e-06,-1.8262e-06,1.2599e-05,-8.5546e-08,4.4211e-09,9.8766e-07,-1.4453e-07,8.9522e-07,-5.0608e-08,7.8197e-07,-1.6685e-07,-5.9953e-05,5.8803e-05,5.5541e-05,-1.433e-05,1.5231e-07,-2.3119e-08,5.8147e-08,-3.1581e-08,-1.2125e-07,2.807e-05,-1.5473e-06,2.0659e-09,6.4122e-10,nan,9.5102e-12,nan,-1.2969e-05,7.634e-08,-3.0368e-12,-4.0428e-09,nan,-1.0468e-09,1.2984e-06,7.1542e-07,1.7739e-06,-5.9564e-06,-1.3131e-07,-4.5929e-09,-1.2625e-07,-8.7225e-08,1.2258e-07,-2.2872e-08,4.8218e-08,1.2923e-08,-9.5256e-06,2.8598e-06,5.8274e-05,-6.5337e-06,-6.8711e-08,9.036e-09,1.0236e-07,3.3078e-08,-1.0531e-08,9.4026e-08,1.7217e-08
b07_pop,0.00056539,0.00028691,0.00021005,0.01889,-3.9372e-05,8.3543e-06,-7.6079e-05,1.1051e-05,0.00032826,6.362e-05,-4.6656e-05,0.00011973,-0.00028091,5.5541e-05,40.874,-0.58619,4.7925e-05,-9.2046e-05,0.00070585,0.00059585,-0.0001356,-0.0034737,-0.00067047,-6.1517e-06,-1.655e-06,nan,1.3469e-08,nan,0.013948,0.00015895,-4.7669e-07,1.1041e-05,nan,5.8576e-06,0.0007913,-0.00027403,0.00012464,-0.0018472,4.7197e-05,-4.5332e-06,2.1148e-05,3.3769e-05,0.0002736,-1.4286e-05,0.00032555,6.1518e-05,-0.00048331,0.00017934,2.8122,-0.088554,-2.5252e-05,2.363e-06,-3.1757e-05,-3.7356e-05,1.561e-06,4.6749e-06,-0.0011236
b17_pop,0.00020546,9.7588e-05,0.00015883,-0.0009106,9.3472e-06,-7.5623e-07,-5.5897e-05,-9.9143e-06,-1.1758e-05,-2.0975e-05,8.3881e-06,-2.1322e-05,9.9387e-06,-1.433e-05,-0.58619,0.31693,8.5651e-05,-3.7067e-05,-0.00015192,-0.00034494,3.2109e-05,0.013082,-0.00062967,-2.1347e-05,-6.8886e-06,nan,5.2185e-08,nan,0.003456,0.00045797,8.7237e-07,3.5203e-05,nan,2.9411e-05,-8.9613e-05,-7.3701e-05,-0.0001288,0.00071327,8.0423e-07,-2.8415e-07,3.8881e-05,-1.8321e-05,-2.0456e-05,-3.5331e-06,-5.354e-05,-1.1606e-05,6.0797e-06,-2.2765e-05,-0.19041,0.024,1.7133e-06,-4.6322e-07,1.0444e-05,3.3902e-06,-1.1761e-06,-1.5056e-06,4.642e-05
p1_pop,-1.5717e-06,-2.562e-06,-3.1431e-07,-6.6407e-05,5.744e-07,2.8667e-07,-6.2041e-06,-8.3545e-06,-1.0877e-06,3.4091e-07,3.8441e-07,-8.8229e-08,-6.2584e-07,1.5231e-07,4.7925e-05,8.5651e-05,0.00013563,-7.2173e-05,-3.1471e-05,-6.8919e-06,-0.00012655,0.011684,-0.00093957,-1.1648e-06,-3.7224e-07,nan,2.2719e-09,nan,0.00095788,7.411e-06,3.3936e-08,1.8507e-06,nan,1.3419e-06,-7.7784e-06,3.254e-07,1.3425e-06,-1.2797e-05,-2.7417e-07,-1.2206e-07,2.1814e-06,-2.3225e-06,2.7121e-07,-2.2672e-07,-3.6513e-07,-1.0809e-07,-4.7877e-07,-5.6038e-08,3.7911e-05,2.2247e-05,3.387e-07,-2.1634e-08,-2.3408e-06,1.7082e-07,5.3267e-08,5.999e-08,3.9737e-08
g1_pop,-2.2891e-05,4.2386e-06,3.2641e-06,-4.3783e-05,2.3433e-06,-5.8018e-07,-4.1206e-05,1.578e-05,5.2726e-07,6.69e-08,-5.4089e-07,1.108e-07,-3.8539e-08,-2.3119e-08,-9.2046e-05,-3.7067e-05,-7.2173e-05,0.00042317,-1.1416e-05,1.582e-05,1.9535e-05,-0.010087,6.5899e-05,1.6457e-07,6.2571e-08,nan,-6.9179e-09,nan,0.00045094,-6.0937e-05,-2.3861e-08,-2.148e-07,nan,-2.7888e-07,-1.0386e-05,2.7838e-06,-2.42e-06,-1.5788e-05,-8.2831e-07,2.4081e-07,-2.1193e-05,1.0624e-05,-1.2293e-07,-2.5226e-07,-1.5798e-06,-1.4928e-08,1.1497e-06,2.7203e-08,-1.5468e-05,-1.2493e-05,-4.0654e-07,1.5617e-08,-7.9712e-07,-2.4947e-08,9.5739e-09,3.2197e-08,4.3676e-08
p2_pop,3.3696e-06,4.1608e-07,5.3421e-07,2.4204e-05,-8.5588e-07,-7.5975e-07,7.9125e-06,1.0506e-05,2.3295e-07,-3.8155e-08,-2.4088e-08,-2.7729e-07,-2.648e-07,5.8147e-08,0.00070585,-0.00015192,-3.1471e-05,-1.1416e-05,0.00061459,4.9775e-05,1.6019e-05,-0.0031993,0.00026848,3.996e-06,1.2842e-06,nan,-5.9753e-09,nan,-0.0060583,-3.1979e-05,-1.4691e-07,-6.6087e-06,nan,-4.9772e-06,4.5321e-06,-4.1245e-07,-1.2966e-06,7.9305e-06,-8.2533e-08,4.4058e-08,1.3729e-07,2.3499e-06,2.6285e-07,6.2866e-08,-7.5735e-08,-1.0882e-08,8.4937e-08,6.9844e-08,0.00034621,-4.8777e-05,-1.1536e-08,1.9683e-08,1.4025e-06,-2.1073e-07,-1.7338e-08,-5.2251e-08,-4.8454e-07
g2_pop,1.805e-07,-5.7996e-07,-6.72e-07,3.2741e-05,-1.4244e-06,4.0309e-07,1.2194e-05,-4.1475e-06,-7.3131e-08,2.7819e-08,2.3461e-07,-1.0433e-07,-2.7373e-07,-3.1581e-08,0.00059585,-0.00034494,-6.8919e-06,1.582e-05,4.9775e-05,0.00018503,5.6442e-06,-0.0015831,2.907e-05,1.5831e-06,5.8159e-07,nan,-2.3376e-08,nan,0.0031492,-0.00022741,-2.4145e-07,-2.4047e-06,nan,-2.8419e-06,1.2554e-06,4.7797e-07,-7.9384e-08,-6.0184e-06,-7.4886e-08,1.6093e-08,-2.3097e-06,1.9704e-06,8.991e-07,1.3354e-08,-3.3092e-07,-5.8281e-10,-1.0285e-07,2.7441e-08,0.00021296,-7.3797e-05,-3.2563e-08,2.6771e-08,6.6559e-07,-3.8366e-08,2.0005e-08,-6.3138e-09,-2.1634e-07
alpha11_pop,1.5968e-05,-1.5252e-06,-6.2542e-06,0.00021058,-7.8379e-07,-1.1028e-07,9.4908e-06,3.8256e-06,2.035e-06,-8.4216e-07,7.2349e-07,4.022e-08,9.8748e-07,-1.2125e-07,-0.0001356,3.2109e-05,-0.00012655,1.9535e-05,1.6019e-05,5.6442e-06,0.00056149,-0.012825,0.00083559,5.5805e-07,1.7089e-07,nan,-6.6581e-09,nan,-0.0019339,-5.9653e-05,-1.9828e-08,-8.3437e-07,nan,-2.7151e-07,2.2559e-05,-5.994e-06,1.7151e-06,3.9627e-05,2.8618e-07,6.9066e-08,-2.0399e-06,9.5505e-07,-1.1936e-06,3.2005e-07,1.9563e-06,1.5741e-07,-2.5732e-07,5.0248e-07,-0.00012749,4.1667e-05,1.1501e-06,4.6699e-08,3.0673e-06,-1.6918e-07,-4.4798e-08,-8.5035e-08,-3.0999e-07
alpha12_pop,0.00028311,-0.00043133,-0.00027641,-0.014206,0.00010566,2.3232e-05,0.00012774,-0.00078807,-0.00016498,2.0519e-05,0.00017412,-2.9623e-05,-0.00011934,2.807e-05,-0.0034737,0.013082,0.011684,-0.010087,-0.0031993,-0.0015831,-0.012825,4.1105,-0.024789,-0.00012741,-4.0245e-05,nan,6.3613e-07,nan,-0.051431,0.0011025,4.5069e-06,0.00018341,nan,0.00016256,-0.00022457,0.00015337,0.00032891,-0.00051488,-2.3606e-05,3.5499e-06,0.00023408,-0.00065565,-3.0173e-06,-6.6271e-05,-0.00027426,-8.3137e-06,-6.7539e-05,-1.9176e-05,-0.0044322,0.0027336,-1.5063e-06,-2.9028e-05,-3.8691e-05,5.5581e-05,1.2916e-05,1.5795e-05,1.8903e-05
alpha13_pop,-2.1275e-05,6.5249e-06,-6.0356e-06,0.00014591,-1.4043e-06,-1.1767e-06,5.3954e-05,2.4901e-05,1.085e-05,-4.0978e-06,-3.0292e-06,1.2027e-06,5.6123e-06,-1.5473e-06,-0.00067047,-0.00062967,-0.00093957,6.5899e-05,0.00026848,2.907e-05,0.00083559,-0.024789,0.010865,9.9568e-06,3.1427e-06,nan,-5.2967e-09,nan,-0.011316,1.329e-06,-2.5136e-07,-1.6373e-05,nan,-1.1385e-05,2.3395e-05,1.0914e-06,-3.6027e-06,0.0001192,1.897e-07,9.1476e-07,-7.0612e-05,-1.8835e-05,-1.5078e-07,1.5949e-06,1.7724e-06,1.8015e-06,3.5938e-06,-4.2064e-07,-0.00060159,-0.00018302,6.4885e-07,-1.7361e-07,3.8716e-05,-6.071e-07,-5.7204e-07,-4.0933e-07,7.3559e-09
alpha14_pop,3.6367e-09,6.2015e-09,-8.9562e-09,-3.3369e-08,9.6787e-09,-1.0811e-08,1.05e-07,9.2009e-08,2.0978e-08,2.3115e-09,9.5335e-09,-8.3999e-09,-1.1759e-08,2.0659e-09,-6.1517e-06,-2.1347e-05,-1.1648e-06,1.6457e-07,3.996e-06,1.5831e-06,5.5805e-07,-0.00012741,9.9568e-06,1.8648e-06,4.8917e-07,nan,-6.6603e-10,nan,-0.00031185,-3.5069e-06,-3.4834e-08,-9.481e-07,nan,-3.1001e-07,1.214e-07,6.0342e-09,-1.3181e-08,2.3056e-07,-1.0388e-08,-8.5071e-10,-5.937e-08,3.8595e-08,7.7986e-08,1.0332e-09,-2.3193e-08,1.1944e-09,1.5322e-08,1.0829e-09,-4.3579e-06,-5.4013e-06,-1.4529e-09,-1.9664e-09,4.4669e-08,-1.3194e-08,4.4074e-10,-2.0913e-09,-6.0634e-09
alpha15_pop,1.1081e-09,1.8486e-09,-3.004e-09,-1.4376e-08,2.4197e-09,-3.2318e-09,3.8063e-08,2.747e-08,5.7532e-09,3.6544e-10,3.5941e-09,-2.6516e-09,-3.7905e-09,6.4122e-10,-1.655e-06,-6.8886e-06,-3.7224e-07,6.2571e-08,1.2842e-06,5.8159e-07,1.7089e-07,-4.0245e-05,3.1427e-06,4.8917e-07,2.5715e-07,nan,-8.3136e-11,nan,-9.6578e-05,-1.1955e-06,-2.6948e-08,-2.995e-07,nan,-9.9067e-08,3.8745e-08,2.2898e-09,-4.1713e-09,7.2029e-08,-3.3178e-09,-2.5354e-10,-1.9492e-08,1.3115e-08,2.4742e-08,4.0308e-10,-7.8458e-09,5.1947e-10,4.8084e-09,3.3392e-10,-1.2774e-06,-1.7383e-06,-4.9059e-10,-6.0812e-10,1.4271e-08,-4.2144e-09,1.4668e-10,-6.583e-10,-1.9963e-09
alpha16_pop,nan,nan,nan,nan,nan,nan,nan,nan,nan,nan,nan,nan,nan,nan,nan,nan,nan,nan,nan,nan,nan,nan,nan,nan,nan,nan,nan,nan,nan,nan,nan,nan,nan,nan,nan,nan,nan,nan,nan,nan,nan,nan,nan,nan,nan,nan,nan,nan,nan,nan,nan,nan,nan,nan,nan,nan,nan
alpha17_pop,1.8562e-10,4.038e-11,1.1094e-10,-6.6208e-09,5.1564e-11,-2.6675e-11,-1.3513e-09,3.5936e-10,-2.549e-11,4.5961e-12,2.2431e-11,1.002e-11,1.2836e-10,9.5102e-12,1.3469e-08,5.2185e-08,2.2719e-09,-6.9179e-09,-5.9753e-09,-2.3376e-08,-6.6581e-09,6.3613e-07,-5.2967e-09,-6.6603e-10,-8.3136e-11,nan,2.606e-10,nan,3.5761e-07,8.3189e-08,3.0532e-11,6.9041e-10,nan,5.1468e-10,-1.7988e-10,-2.8926e-11,7.8566e-11,2.8621e-10,3.9713e-11,3.8756e-12,6.3015e-10,-8.5173e-10,-2.0701e-10,-7.0178e-13,6.7227e-11,-8.0661e-12,-3.4628e-11,3.6903e-12,-1.1632e-08,8.9245e-09,-3.3906e-12,-2.0468e-13,-2.98e-10,5.0108e-11,-4.9577e-12,4.2128e-12,5.5151e-11
alpha21_pop,nan,nan,nan,nan,nan,nan,nan,nan,nan,nan,nan,nan,nan,nan,nan,nan,nan,nan,nan,nan,nan,nan,nan,nan,nan,nan,nan,nan,nan,nan,nan,nan,nan,nan,nan,nan,nan,nan,nan,nan,nan,nan,nan,nan,nan,nan,nan,nan,nan,nan,nan,nan,nan,nan,nan,nan,nan
alpha22_pop,0.00014801,-6.9492e-05,-2.7438e-05,0.0036547,-7.5919e-05,4.5654e-05,1.743e-05,-0.00027867,-9.0419e-06,5.6677e-06,8.5212e-06,-9.207e-06,4.9204e-05,-1.2969e-05,0.013948,0.003456,0.00095788,0.00045094,-0.0060583,0.0031492,-0.0019339,-0.051431,-0.011316,-0.00031185,-9.6578e-05,nan,3.5761e-07,nan,1.2814,0.0029661,3.6432e-06,0.0005264,nan,0.00016857,-6.18e-05,5.8307e-05,-1.8374e-05,-0.0013068,5.4068e-05,8.5143e-06,4.399e-05,2.9419e-05,-8.2343e-05,1.1415e-05,3.0815e-05,1.8497e-06,-2.1463e-05,6.41e-06,0.0026936,0.0023774,-1.693e-06,9.8811e-06,-8.302e-05,1.816e-05,-5.8409e-07,2.7424e-06,2.0189e-06
alpha23_pop,3.2251e-06,1.4722e-06,2.2095e-06,-4.5544e-05,-1.4222e-07,-3.1001e-07,-1.0557e-05,4.6012e-06,1.5216e-07,4.5681e-08,1.3812e-07,2.0055e-07,1.8772e-06,7.634e-08,0.00015895,0.00045797,7.411e-06,-6.0937e-05,-3.1979e-05,-0.00022741,-5.9653e-05,0.0011025,1.329e-06,-3.5069e-06,-1.1955e-06,nan,8.3189e-08,nan,0.0029661,0.0010186,3.7275e-07,5.4612e-06,nan,4.6201e-06,-4.2481e-08,-8.2293e-07,3.6675e-08,5.405e-06,4.6198e-07,2.5809e-08,7.6738e-06,-9.7836e-06,-2.0188e-06,1.4539e-07,1.323e-06,-8.0924e-08,-2.6327e-07,1.0523e-07,-0.00010057,6.629e-05,-6.705e-08,3.5941e-08,-3.4204e-06,2.604e-07,-6.4721e-08,3.7104e-09,4.573e-07
alpha24_pop,-2.6092e-10,4.8992e-10,9.5862e-10,-3.0973e-08,1.2694e-09,-1.9912e-10,-1.5593e-08,2.4646e-09,-5.8503e-10,3.5908e-10,-4.9317e-10,3.0517e-10,6.3404e-10,-3.0368e-12,-4.7669e-07,8.7237e-07,3.3936e-08,-2.3861e-08,-1.4691e-07,-2.4145e-07,-1.9828e-08,4.5069e-06,-2.5136e-07,-3.4834e-08,-2.6948e-08,nan,3.0532e-11,nan,3.6432e-06,3.7275e-07,3.5392e-08,2.3906e-08,nan,1.0282e-08,-4.1642e-09,-7.0203e-10,4.1187e-10,5.9329e-10,3.1997e-10,-1.5082e-12,4.1644e-09,-3.4997e-09,-3.9338e-09,-2.7242e-11,1.011e-09,-4.9875e-11,-2.3456e-10,-4.5384e-11,-1.3201e-07,2.042e-07,6.4414e-11,1.8754e-11,-1.878e-09,4.9022e-10,-3.3331e-11,5.1591e-11,3.8736e-10
alpha25_pop,-1.2799e-09,-7.6903e-09,1.663e-08,3.7089e-07,-1.8821e-08,1.8354e-08,-1.5795e-07,-1.5028e-07,-1.5133e-08,-1.9743e-10,-1.538e-08,1.479e-08,2.0333e-08,-4.0428e-09,1.1041e-05,3.5203e-05,1.8507e-06,-2.148e-07,-6.6087e-06,-2.4047e-06,-8.3437e-07,0.00018341,-1.6373e-05,-9.481e-07,-2.995e-07,nan,6.9041e-10,nan,0.0005264,5.4612e-06,2.3906e-08,1.5873e-06,nan,5.1453e-07,-1.9415e-07,-1.2298e-08,1.8517e-08,-4.1329e-07,1.816e-08,1.5323e-09,9.6415e-08,-5.6186e-08,-1.1028e-07,-3.21e-09,3.716e-08,-1.2435e-09,-2.579e-08,-1.3041e-09,7.6176e-06,8.9302e-06,2.3717e-09,3.3733e-09,-7.4497e-08,2.109e-08,-7.6503e-10,3.454e-09,9.803e-09
alpha26_pop,nan,nan,nan,nan,nan,nan,nan,nan,nan,nan,nan,nan,nan,nan,nan,nan,nan,nan,nan,nan,nan,nan,nan,nan,nan,nan,nan,nan,nan,nan,nan,nan,nan,nan,nan,nan,nan,nan,nan,nan,nan,nan,nan,nan,nan,nan,nan,nan,nan,nan,nan,nan,nan,nan,nan,nan,nan
alpha27_pop,-3.5582e-08,1.1107e-08,2.128e-08,-5.3564e-07,9.157e-10,6.0877e-09,-1.4561e-07,-7.2621e-08,-6.9158e-09,-8.4381e-10,-8.4409e-09,1.232e-08,8.2787e-09,-1.0468e-09,5.8576e-06,2.9411e-05,1.3419e-06,-2.7888e-07,-4.9772e-06,-2.8419e-06,-2.7151e-07,0.00016256,-1.1385e-05,-3.1001e-07,-9.9067e-08,nan,5.1468e-10,nan,0.00016857,4.6201e-06,1.0282e-08,5.1453e-07,nan,4.0672e-07,-1.5316e-07,-2.4363e-08,2.0385e-08,-5.3183e-08,3.8988e-09,-6.2502e-10,7.7411e-08,-6.2188e-08,-7.2183e-08,-5.6389e-09,1.584e-08,-9.6558e-10,-1.7481e-08,-2.4182e-09,5.6124e-06,7.133e-06,2.4027e-09,6.7785e-10,-4.8088e-08,1.3738e-08,-4.6001e-10,2.3699e-09,8.4403e-09
omega_b01,0.0026911,-5.7727e-05,6.3419e-05,0.00076358,-4.7221e-07,-1.2357e-08,4.6802e-06,1.0721e-07,3.2498e-06,4.4408e-07,7.7601e-06,-3.9679e-07,-9.5515e-06,1.2984e-06,0.0007913,-8.9613e-05,-7.7784e-06,-1.0386e-05,4.5321e-06,1.2554e-06,2.2559e-05,-0.00022457,2.3395e-05,1.214e-07,3.8745e-08,nan,-1.7988e-10,nan,-6.18e-05,-4.2481e-08,-4.1642e-09,-1.9415e-07,nan,-1.5316e-07,0.011539,6.795e-07,-2.0778e-05,-0.00025328,1.4612e-07,-4.3608e-08,-1.1761e-05,2.0859e-07,-1.4405e-06,7.919e-07,-1.2714e-05,7.3536e-07,-9.66e-06,5.8482e-07,0.0011891,-0.00016431,-7.1242e-05,5.0468e-08,1.3889e-06,1.3615e-06,9.1975e-07,1.0249e-06,-2.9175e-07
omega_b11,9.5565e-05,-7.708e-05,-5.8116e-05,-0.0021536,3.225e-10,4.5808e-08,-5.1087e-06,-3.5255e-07,-3.8061e-06,1.2161e-06,1.7439e-06,-1.7598e-06,-3.4746e-06,7.1542e-07,-0.00027403,-7.3701e-05,3.254e-07,2.7838e-06,-4.1245e-07,4.7797e-07,-5.994e-06,0.00015337,1.0914e-06,6.0342e-09,2.2898e-09,nan,-2.8926e-11,nan,5.8307e-05,-8.2293e-07,-7.0203e-10,-1.2298e-08,nan,-2.4363e-08,6.795e-07,9.7428e-05,3.4515e-05,-9.2949e-05,-3.1068e-07,3.6679e-09,-4.5557e-06,-4.0122e-07,6.8896e-07,-2.0556e-06,3.7767e-06,-4.3373e-07,-4.8858e-07,-4.0929e-07,0.00028739,5.591e-05,2.4305e-07,-1.4044e-08,1.5065e-07,1.7327e-06,9.2321e-08,1.2356e-07,-5.0453e-07
omega_b21,-4.5702e-05,-4.7839e-05,-7.3965e-05,-0.00099403,7.7025e-08,3.0998e-08,-6.6186e-06,-6.8375e-08,-9.4289e-06,1.2085e-06,-1.0057e-06,-1.9415e-06,-4.7003e-06,1.7739e-06,0.00012464,-0.0001288,1.3425e-06,-2.42e-06,-1.2966e-06,-7.9384e-08,1.7151e-06,0.00032891,-3.6027e-06,-1.3181e-08,-4.1713e-09,nan,7.8566e-11,nan,-1.8374e-05,3.6675e-08,4.1187e-10,1.8517e-08,nan,2.0385e-08,-2.0778e-05,3.4515e-05,9.5766e-05,-0.00016127,-5.3811e-07,-6.4855e-09,-7.6935e-07,-1.2526e-06,-7.6272e-07,-9.1854e-07,2.4454e-06,-2.5061e-07,-1.9835e-06,-6.4853e-07,0.00065597,4.7102e-05,-2.6249e-06,-3.1264e-08,-4.9129e-07,2.9978e-06,1.5466e-07,-1.8864e-07,-7.2136e-07
omega_a1,-0.00015447,0.0003758,0.00025552,-0.052877,8.0075e-07,-8.496e-07,3.8139e-06,-8.1798e-07,4.056e-05,-1.3213e-05,6.7435e-05,4.0465e-07,-2.3159e-06,-5.9564e-06,-0.0018472,0.00071327,-1.2797e-05,-1.5788e-05,7.9305e-06,-6.0184e-06,3.9627e-05,-0.00051488,0.0001192,2.3056e-07,7.2029e-08,nan,2.8621e-10,nan,-0.0013068,5.405e-06,5.9329e-10,-4.1329e-07,nan,-5.3183e-08,-0.00025328,-9.2949e-05,-0.00016127,0.016305,-2.538e-06,-1.6143e-07,-2.373e-05,-3.6554e-06,-1.9486e-05,1.9186e-05,7.2969e-05,5.418e-06,-1.7084e-05,7.7711e-06,-0.0077719,0.00079872,5.5685e-05,3.0832e-07,-1.299e-07,-3.8017e-05,-4.2688e-06,1.0784e-07,1.7653e-06
omega_b02,1.5053e-07,7.8291e-08,2.5384e-07,3.2282e-05,6.8412e-08,-9.9631e-09,1.1073e-07,-3.0172e-08,-6.4009e-08,3.3325e-08,9.9902e-10,-8.7163e-08,4.7079e-07,-1.3131e-07,4.7197e-05,8.0423e-07,-2.7417e-07,-8.2831e-07,-8.2533e-08,-7.4886e-08,2.8618e-07,-2.3606e-05,1.897e-07,-1.0388e-08,-3.3178e-09,nan,3.9713e-11,nan,5.4068e-05,4.6198e-07,3.1997e-10,1.816e-08,nan,3.8988e-09,1.4612e-07,-3.1068e-07,-5.3811e-07,-2.538e-06,6.1628e-06,-4.4988e-08,-2.9166e-07,-6.9299e-08,-1.4981e-07,1.0697e-07,1.4004e-07,5.9708e-08,-1.3453e-07,2.6772e-08,2.2353e-05,-6.0961e-06,-3.0733e-08,-1.8295e-07,6.1525e-08,-1.1013e-07,3.9244e-09,1.4185e-09,3.3781e-08
omega_b12,-2.9026e-07,-1.734e-08,-5.966e-08,2.2765e-06,-2.9913e-08,1.101e-08,3.2544e-08,-3.7136e-08,2.9547e-08,-1.2448e-08,-2.9377e-08,-2.1898e-09,1.0855e-08,-4.5929e-09,-4.5332e-06,-2.8415e-07,-1.2206e-07,2.4081e-07,4.4058e-08,1.6093e-08,6.9066e-08,3.5499e-06,9.1476e-07,-8.5071e-10,-2.5354e-10,nan,3.8756e-12,nan,8.5143e-06,2.5809e-08,-1.5082e-12,1.5323e-09,nan,-6.2502e-10,-4.3608e-08,3.6679e-09,-6.4855e-09,-1.6143e-07,-4.4988e-08,1.4712e-07,-5.1385e-08,1.5165e-08,-5.5235e-08,-6.2849e-09,-4.427e-08,-9.4476e-09,4.6303e-09,1.2348e-08,-6.1336e-06,-6.0834e-07,-1.1208e-08,-1.4882e-08,-6.8732e-09,2.5415e-08,-1.73e-09,-3.2223e-10,-5.2216e-10
omega_b03,-2.7832e-05,3.5142e-06,2.6596e-06,0.00031542,2.4697e-07,-8.382e-08,2.7878e-05,7.9937e-07,-6.5813e-06,1.9022e-06,6.2087e-07,-9.1641e-07,-3.5242e-06,-1.2625e-07,2.1148e-05,3.8881e-05,2.1814e-06,-2.1193e-05,1.3729e-07,-2.3097e-06,-2.0399e-06,0.00023408,-7.0612e-05,-5.937e-08,-1.9492e-08,nan,6.3015e-10,nan,4.399e-05,7.6738e-06,4.1644e-09,9.6415e-08,nan,7.7411e-08,-1.1761e-05,-4.5557e-06,-7.6935e-07,-2.373e-05,-2.9166e-07,-5.1385e-08,0.0023711,-8.9254e-06,-2.5249e-06,4.7897e-07,-2.1628e-06,-8.1795e-07,-1.4705e-06,-6.6511e-07,-5.1425e-05,2.1132e-06,-2.0488e-07,4.7096e-08,-5.1623e-05,8.1329e-07,2.4671e-07,1.1125e-07,3.2072e-07
omega_b13,6.8562e-07,1.0475e-06,1.6278e-06,1.2353e-05,-1.0281e-07,7.3432e-08,5.9459e-06,-2.7274e-06,1.4541e-06,-2.2681e-07,-7.3669e-08,1.0956e-08,3.0408e-08,-8.7225e-08,3.3769e-05,-1.8321e-05,-2.3225e-06,1.0624e-05,2.3499e-06,1.9704e-06,9.5505e-07,-0.00065565,-1.8835e-05,3.8595e-08,1.3115e-08,nan,-8.5173e-10,nan,2.9419e-05,-9.7836e-06,-3.4997e-09,-5.6186e-08,nan,-6.2188e-08,2.0859e-07,-4.0122e-07,-1.2526e-06,-3.6554e-06,-6.9299e-08,1.5165e-08,-8.9254e-06,8.4536e-05,-4.2875e-07,1.8116e-07,-1.0854e-06,-1.1082e-07,1.0755e-06,3.1223e-07,-8.4259e-06,-1.1369e-05,1.6253e-08,3.7984e-09,-4.2338e-06,1.4599e-08,-1.4254e-09,-6.9676e-08,7.2193e-08
omega_b04,3.2491e-06,-2.723e-07,1.9095e-07,2.3779e-05,-1.184e-07,6.2497e-08,-3.656e-06,-1.5007e-07,-2.8395e-05,-5.456e-06,2.7795e-07,9.3566e-09,1.1475e-06,1.2258e-07,0.0002736,-2.0456e-05,2.7121e-07,-1.2293e-07,2.6285e-07,8.991e-07,-1.1936e-06,-3.0173e-06,-1.5078e-07,7.7986e-08,2.4742e-08,nan,-2.0701e-10,nan,-8.2343e-05,-2.0188e-06,-3.9338e-09,-1.1028e-07,nan,-7.2183e-08,-1.4405e-06,6.8896e-07,-7.6272e-07,-1.9486e-05,-1.4981e-07,-5.5235e-08,-2.5249e-06,-4.2875e-07,0.0055411,-1.0059e-05,4.5937e-07,-7.6373e-07,7.4529e-07,-8.2891e-07,0.00011724,4.445e-05,1.2658e-07,1.6145e-08,1.1249e-06,-5.1552e-05,4.7892e-08,2.0119e-08,-3.9596e-07
omega_b14,-5.5917e-07,3.3599e-06,2.9336e-06,-4.4657e-05,8.0437e-08,-8.7503e-09,1.0462e-06,-1.1176e-08,1.4654e-06,-3.3163e-07,-1.4847e-06,1.484e-08,-9.1283e-07,-2.2872e-08,-1.4286e-05,-3.5331e-06,-2.2672e-07,-2.5226e-07,6.2866e-08,1.3354e-08,3.2005e-07,-6.6271e-05,1.5949e-06,1.0332e-09,4.0308e-10,nan,-7.0178e-13,nan,1.1415e-05,1.4539e-07,-2.7242e-11,-3.21e-09,nan,-5.6389e-09,7.919e-07,-2.0556e-06,-9.1854e-07,1.9186e-05,1.0697e-07,-6.2849e-09,4.7897e-07,1.8116e-07,-1.0059e-05,3.8052e-05,-1.3947e-06,2.3911e-07,2.9606e-07,-2.7472e-07,0.00010049,3.0341e-05,3.3358e-08,8.2325e-09,-2.3455e-08,-1.0709e-05,-4.6202e-09,1.3651e-08,1.1753e-08
omega_b05,-9.6085e-06,-4.3373e-06,-6.9799e-06,-0.00043799,9.8046e-08,-2.1489e-08,-2.2568e-06,6.2977e-07,-4.1662e-07,3.4001e-07,0.00012129,-8.7845e-06,-2.5525e-06,4.8218e-08,0.00032555,-5.354e-05,-3.6513e-07,-1.5798e-06,-7.5735e-08,-3.3092e-07,1.9563e-06,-0.00027426,1.7724e-06,-2.3193e-08,-7.8458e-09,nan,6.7227e-11,nan,3.0815e-05,1.323e-06,1.011e-09,3.716e-08,nan,1.584e-08,-1.2714e-05,3.7767e-06,2.4454e-06,7.2969e-05,1.4004e-07,-4.427e-08,-2.1628e-06,-1.0854e-06,4.5937e-07,-1.3947e-06,0.0019384,-2.4838e-06,2.1564e-07,1.9804e-07,7.9529e-05,-5.2141e-05,6.6181e-07,4.4707e-09,-2.5833e-07,1.5941e-06,-7.3143e-06,6.5921e-08,-1.2896e-07
omega_b15,-8.9088e-07,4.3035e-07,1.0941e-07,1.9302e-05,8.3628e-08,-1.5973e-08,-5.3701e-07,-3.1485e-07,1.0091e-06,-2.5414e-07,-9.7471e-06,3.2381e-06,1.9264e-07,1.2923e-08,6.1518e-05,-1.1606e-05,-1.0809e-07,-1.4928e-08,-1.0882e-08,-5.8281e-10,1.5741e-07,-8.3137e-06,1.8015e-06,1.1944e-09,5.1947e-10,nan,-8.0661e-12,nan,1.8497e-06,-8.0924e-08,-4.9875e-11,-1.2435e-09,nan,-9.6558e-10,7.3536e-07,-4.3373e-07,-2.5061e-07,5.418e-06,5.9708e-08,-9.4476e-09,-8.1795e-07,-1.1082e-07,-7.6373e-07,2.3911e-07,-2.4838e-06,4.5928e-05,9.8657e-07,4.2332e-08,3.3921e-05,7.3446e-06,-8.505e-08,3.6695e-09,4.9606e-08,2.1115e-07,-1.0668e-06,-2.7084e-08,-9.5409e-08
omega_b06,-1.3077e-05,-3.1237e-06,-4.48e-06,0.00027132,3.9632e-07,-8.0197e-08,5.1962e-06,-1.3838e-06,2.8945e-06,-7.9056e-07,1.2222e-06,4.7019e-07,0.00011203,-9.5256e-06,-0.00048331,6.0797e-06,-4.7877e-07,1.1497e-06,8.4937e-08,-1.0285e-07,-2.5732e-07,-6.7539e-05,3.5938e-06,1.5322e-08,4.8084e-09,nan,-3.4628e-11,nan,-2.1463e-05,-2.6327e-07,-2.3456e-10,-2.579e-08,nan,-1.7481e-08,-9.66e-06,-4.8858e-07,-1.9835e-06,-1.7084e-05,-1.3453e-07,4.6303e-09,-1.4705e-06,1.0755e-06,7.4529e-07,2.9606e-07,2.1564e-07,9.8657e-07,0.0013242,-1.3929e-05,-0.0001615,4.5223e-05,8.7374e-10,5.1634e-09,-3.627e-07,-5.3002e-07,-1.1576e-07,-1.2608e-05,-3.3267e-07
omega_b16,2.7656e-06,6.2868e-07,1.1908e-06,-4.4025e-05,-9.3921e-09,-1.6076e-09,9.1003e-07,-1.0875e-07,-1.2591e-06,3.4504e-07,-2.5685e-07,1.161e-07,-1.0164e-05,2.8598e-06,0.00017934,-2.2765e-05,-5.6038e-08,2.7203e-08,6.9844e-08,2.7441e-08,5.0248e-07,-1.9176e-05,-4.2064e-07,1.0829e-09,3.3392e-10,nan,3.6903e-12,nan,6.41e-06,1.0523e-07,-4.5384e-11,-1.3041e-09,nan,-2.4182e-09,5.8482e-07,-4.0929e-07,-6.4853e-07,7.7711e-06,2.6772e-08,1.2348e-08,-6.6511e-07,3.1223e-07,-8.2891e-07,-2.7472e-07,1.9804e-07,4.2332e-08,-1.3929e-05,3.6993e-05,0.0001054,-3.5665e-06,1.3086e-07,-5.8849e-09,2.1568e-08,2.3087e-07,-1.009e-08,-1.3357e-06,-1.6209e-08
omega_b07,0.00053847,-0.00068554,-0.00076033,0.023274,2.8531e-06,-9.3899e-07,-7.3334e-05,0.00012388,0.00013421,5.3612e-06,-0.00030141,5.1195e-05,-4.3305e-05,5.8274e-05,2.8122,-0.19041,3.7911e-05,-1.5468e-05,0.00034621,0.00021296,-0.00012749,-0.0044322,-0.00060159,-4.3579e-06,-1.2774e-06,nan,-1.1632e-08,nan,0.0026936,-0.00010057,-1.3201e-07,7.6176e-06,nan,5.6124e-06,0.0011891,0.00028739,0.00065597,-0.0077719,2.2353e-05,-6.1336e-06,-5.1425e-05,-8.4259e-06,0.00011724,0.00010049,7.9529e-05,3.3921e-05,-0.0001615,0.0001054,23.293,-0.085962,-7.3168e-05,-9.9737e-07,-3.2537e-05,-9.5782e-06,-9.6926e-06,-5.9533e-06,-0.0019764
omega_b17,-2.0888e-05,-1.816e-05,-2.355e-05,-0.0059586,7.5852e-06,-5.9939e-07,-3.6135e-05,7.8406e-06,-3.7508e-05,7.9729e-06,-2.1574e-05,-7.3142e-07,1.7195e-06,-6.5337e-06,-0.088554,0.024,2.2247e-05,-1.2493e-05,-4.8777e-05,-7.3797e-05,4.1667e-05,0.0027336,-0.00018302,-5.4013e-06,-1.7383e-06,nan,8.9245e-09,nan,0.0023774,6.629e-05,2.042e-07,8.9302e-06,nan,7.133e-06,-0.00016431,5.591e-05,4.7102e-05,0.00079872,-6.0961e-06,-6.0834e-07,2.1132e-06,-1.1369e-05,4.445e-05,3.0341e-05,-5.2141e-05,7.3446e-06,4.5223e-05,-3.5665e-06,-0.085962,0.21785,-7.7835e-06,3.8534e-08,4.8575e-06,-3.2249e-06,-8.5759e-07,-3.941e-06,-0.0002247
b_1,-2.5391e-05,5.4986e-07,1.6917e-06,-0.0006193,-6.8332e-09,-3.6665e-09,-3.8077e-07,1.5051e-07,6.0972e-07,-1.359e-07,4.8368e-08,7.2603e-08,-2.389e-07,-6.8711e-08,-2.5252e-05,1.7133e-06,3.387e-07,-4.0654e-07,-1.1536e-08,-3.2563e-08,1.1501e-06,-1.5063e-06,6.4885e-07,-1.4529e-09,-4.9059e-10,nan,-3.3906e-12,nan,-1.693e-06,-6.705e-08,6.4414e-11,2.3717e-09,nan,2.4027e-09,-7.1242e-05,2.4305e-07,-2.6249e-06,5.5685e-05,-3.0733e-08,-1.1208e-08,-2.0488e-07,1.6253e-08,1.2658e-07,3.3358e-08,6.6181e-07,-8.505e-08,8.7374e-10,1.3086e-07,-7.3168e-05,-7.7835e-06,3.679e-05,9.014e-09,1.0763e-07,-1.2759e-07,-5.7481e-08,4.7716e-09,9.5418e-08
a_2,2.4284e-07,4.7552e-08,8.061e-08,-2.4855e-06,-1.3396e-08,-6.0045e-10,1.5154e-08,-7.6884e-09,9.3272e-09,-2.3453e-09,-1.3625e-08,-2.3492e-09,-4.6917e-08,9.036e-09,2.363e-06,-4.6322e-07,-2.1634e-08,1.5617e-08,1.9683e-08,2.6771e-08,4.6699e-08,-2.9028e-05,-1.7361e-07,-1.9664e-09,-6.0812e-10,nan,-2.0468e-13,nan,9.8811e-06,3.5941e-08,1.8754e-11,3.3733e-09,nan,6.7785e-10,5.0468e-08,-1.4044e-08,-3.1264e-08,3.0832e-07,-1.8295e-07,-1.4882e-08,4.7096e-08,3.7984e-09,1.6145e-08,8.2325e-09,4.4707e-09,3.6695e-09,5.1634e-09,-5.8849e-09,-9.9737e-07,3.8534e-08,9.014e-09,5.678e-07,-4.3971e-10,-7.1178e-09,9.6939e-10,2.6229e-10,-5.6479e-10
a_3,4.8753e-06,-2.7527e-07,3.0074e-07,4.869e-06,-5.1904e-08,-8.4664e-09,-7.3191e-08,-6.0725e-07,5.0744e-07,-7.5135e-08,-2.8538e-07,1.6603e-07,-2.7676e-07,1.0236e-07,-3.1757e-05,1.0444e-05,-2.3408e-06,-7.9712e-07,1.4025e-06,6.6559e-07,3.0673e-06,-3.8691e-05,3.8716e-05,4.4669e-08,1.4271e-08,nan,-2.98e-10,nan,-8.302e-05,-3.4204e-06,-1.878e-09,-7.4497e-08,nan,-4.8088e-08,1.3889e-06,1.5065e-07,-4.9129e-07,-1.299e-07,6.1525e-08,-6.8732e-09,-5.1623e-05,-4.2338e-06,1.1249e-06,-2.3455e-08,-2.5833e-07,4.9606e-08,-3.627e-07,2.1568e-08,-3.2537e-05,4.8575e-06,1.0763e-07,-4.3971e-10,0.00017188,-3.638e-08,-3.8851e-08,9.9974e-09,-7.3934e-08
a_4,2.1853e-06,-4.8428e-06,-5.1455e-06,0.00014987,-1.1853e-07,2.0346e-08,-8.6887e-07,1.4293e-07,-1.6852e-06,1.9631e-06,1.1384e-06,1.8229e-07,-5.2543e-07,3.3078e-08,-3.7356e-05,3.3902e-06,1.7082e-07,-2.4947e-08,-2.1073e-07,-3.8366e-08,-1.6918e-07,5.5581e-05,-6.071e-07,-1.3194e-08,-4.2144e-09,nan,5.0108e-11,nan,1.816e-05,2.604e-07,4.9022e-10,2.109e-08,nan,1.3738e-08,1.3615e-06,1.7327e-06,2.9978e-06,-3.8017e-05,-1.1013e-07,2.5415e-08,8.1329e-07,1.4599e-08,-5.1552e-05,-1.0709e-05,1.5941e-06,2.1115e-07,-5.3002e-07,2.3087e-07,-9.5782e-06,-3.2249e-06,-1.2759e-07,-7.1178e-09,-3.638e-08,0.00028525,1.7766e-08,-8.4681e-08,-6.2876e-08
b_5,5.9468e-07,-3.6356e-07,-3.4706e-07,1.75e-05,-6.8973e-09,1.8426e-09,2.9095e-07,-5.3663e-08,-1.4608e-07,2.3015e-08,-1.264e-06,-1.0933e-07,4.373e-08,-1.0531e-08,1.561e-06,-1.1761e-06,5.3267e-08,9.5739e-09,-1.7338e-08,2.0005e-08,-4.4798e-08,1.2916e-05,-5.7204e-07,4.4074e-10,1.4668e-10,nan,-4.9577e-12,nan,-5.8409e-07,-6.4721e-08,-3.3331e-11,-7.6503e-10,nan,-4.6001e-10,9.1975e-07,9.2321e-08,1.5466e-07,-4.2688e-06,3.9244e-09,-1.73e-09,2.4671e-07,-1.4254e-09,4.7892e-08,-4.6202e-09,-7.3143e-06,-1.0668e-06,-1.1576e-07,-1.009e-08,-9.6926e-06,-8.5759e-07,-5.7481e-08,9.6939e-10,-3.8851e-08,1.7766e-08,3.7152e-06,7.478e-09,7.9597e-09
b_6,1.6621e-06,-9.4764e-08,1.4599e-07,-4.6365e-06,-1.1059e-08,2.5907e-09,-3.2611e-07,4.8655e-08,5.69e-09,-1.6294e-08,-1.1718e-07,3.2062e-08,-3.8068e-06,9.4026e-08,4.6749e-06,-1.5056e-06,5.999e-08,3.2197e-08,-5.2251e-08,-6.3138e-09,-8.5035e-08,1.5795e-05,-4.0933e-07,-2.0913e-09,-6.583e-10,nan,4.2128e-12,nan,2.7424e-06,3.7104e-09,5.1591e-11,3.454e-09,nan,2.3699e-09,1.0249e-06,1.2356e-07,-1.8864e-07,1.0784e-07,1.4185e-09,-3.2223e-10,1.1125e-07,-6.9676e-08,2.0119e-08,1.3651e-08,6.5921e-08,-2.7084e-08,-1.2608e-05,-1.3357e-06,-5.9533e-06,-3.941e-06,4.7716e-09,2.6229e-10,9.9974e-09,-8.4681e-08,7.478e-09,6.7794e-06,1.3604e-08
b_7,1.0973e-06,6.3292e-07,9.9058e-07,8.6503e-06,1.81e-08,-2.731e-09,-2.7165e-07,-2.3667e-08,2.9013e-07,-1.272e-08,-8.1042e-08,-4.9327e-09,-3.4923e-07,1.7217e-08,-0.0011236,4.642e-05,3.9737e-08,4.3676e-08,-4.8454e-07,-2.1634e-07,-3.0999e-07,1.8903e-05,7.3559e-09,-6.0634e-09,-1.9963e-09,nan,5.5151e-11,nan,2.0189e-06,4.573e-07,3.8736e-10,9.803e-09,nan,8.4403e-09,-2.9175e-07,-5.0453e-07,-7.2136e-07,1.7653e-06,3.3781e-08,-5.2216e-10,3.2072e-07,7.2193e-08,-3.9596e-07,1.1753e-08,-1.2896e-07,-9.5409e-08,-3.3267e-07,-1.6209e-08,-0.0019764,-0.0002247,9.5418e-08,-5.6479e-10,-7.3934e-08,-6.2876e-08,7.9597e-09,1.3604e-08,2.0349e-05
