b01_pop,1,-0.20103,-0.0021014,-0.16653,0.00092005,0.00078036,-0.0020393,0.0015473,-0.00035117,0.0034627,0.0012064,-0.0024818,0.020688,-0.015339,-0.0096103,0.0017966,-0.041302,0.015868,-0.018606,-0.015044,0.012805,0.013798,-0.0049749,-0.0020039,0.012423,-0.012695,0.17574,0.18839,0.0928,0.039784,-0.0011752,-0.0056483,-0.001093,0.00024671,4.8426e-05,-0.0040574,0.0008318,0.00051002,-0.0020985,-0.00022588,0.0010462,-7.0452e-05,nan
b11_pop,-0.20103,1,0.76251,0.4154,-0.0085662,0.0089096,0.0050197,0.0053142,-0.0073322,-0.0036811,-0.0049104,0.01142,-0.056952,0.025939,0.043461,-0.00060441,0.14047,-0.0274,0.044883,0.026035,-0.029806,0.0042021,0.013081,0.015928,-0.022862,0.020807,-0.021637,-0.82344,-0.7507,0.07641,-0.0016843,0.010553,0.0098476,-0.019982,-0.0073164,0.010166,0.0017281,0.013602,-0.003492,0.0034211,-0.013026,0.011267,nan
b21_pop,-0.0021014,0.76251,1,0.23419,-0.0097944,0.010344,0.0040028,0.013421,-0.0086549,0.00020698,-0.003001,0.0096348,-0.035427,0.021611,0.029792,-0.012833,0.10791,-0.015732,0.02736,0.015995,-0.016006,-0.022673,0.0081859,0.012573,-0.025883,0.025848,0.046937,-0.65409,-0.79444,0.19263,0.0013171,8.4495e-05,0.01013,-0.021859,-0.0071806,0.0081303,0.0022362,0.013887,0.045664,0.0037051,-0.014697,0.011192,nan
a1_pop,-0.16653,0.4154,0.23419,1,-0.0070277,0.00040292,0.010635,-0.0031858,-0.0030956,-0.0015807,-0.0088718,0.0084694,-0.050333,0.008393,0.032285,0.011545,0.1334,-0.038313,0.03544,0.036502,-0.035721,-0.0097646,0.017852,0.0062197,-0.017437,0.015855,-0.019623,-0.6108,-0.4955,-0.60058,-0.0045195,0.035697,0.0037293,-0.014109,-0.0020663,-0.0080661,0.0071269,0.023645,-0.11846,-0.001501,-0.0032924,0.010636,nan
b02_pop,0.00092005,-0.0085662,-0.0097944,-0.0070277,1,-0.22654,0.0018173,-0.0024586,-0.00066614,-0.0020378,0.00017262,-0.00027799,0.010768,0.040766,-0.0045994,-0.033695,-0.0031633,0.013755,-0.0031789,-0.014249,0.013998,-0.0023576,-0.0043734,0.0099809,-0.0073145,0.0088224,-0.0018044,0.0092601,0.012022,-0.00077853,0.027429,-0.013839,-0.00090591,-0.0014138,0.00020974,-0.0023884,-0.0019382,-0.00027314,0.0016337,-0.0040768,0.0013117,-0.00096586,nan
b12_pop,0.00078036,0.0089096,0.010344,0.00040292,-0.22654,1,-0.0053215,0.022146,-0.00034891,-0.0091575,0.0011852,-0.0021373,0.11454,-0.10163,-0.10109,0.057498,-0.091481,0.089633,-0.075487,-0.080799,0.054215,0.045873,0.052163,-0.022169,0.078138,-0.077341,0.0023703,-0.0020854,-0.012406,0.0017086,0.010937,0.0012149,0.0020809,0.0062478,-7.362e-05,0.0082407,0.0044184,0.00069579,-0.0037141,-0.0046628,-0.0030482,-0.0001792,nan
b03_pop,-0.0020393,0.0050197,0.0040028,0.010635,0.0018173,-0.0053215,1,-0.14925,-7.7758e-06,0.00041908,-0.00095968,0.0028925,0.001811,-0.036329,-0.0046654,0.021256,-0.0032213,-0.0068559,-0.0057936,0.0082263,-0.0090309,0.0039066,0.0086737,-0.0050491,0.011058,-0.011991,-0.00083081,-0.0046688,-0.0060602,-0.0098893,1.8089e-05,0.0026969,-0.020975,0.0036457,-0.00071583,0.0021637,0.00057321,-0.0025451,-0.0026068,6.5463e-06,0.0072356,0.00069421,nan
b13_pop,0.0015473,0.0053142,0.013421,-0.0031858,-0.0024586,0.022146,-0.14925,1,-0.00058205,-0.0039492,0.0014552,-0.00057185,-0.049563,0.093653,0.054088,-0.051851,0.037181,0.015001,0.040049,-0.021579,0.020144,-0.011724,-0.029301,0.035275,-0.045271,0.045457,0.0008511,-0.011149,-0.010333,0.010587,0.0024271,-0.010564,0.005898,-0.018847,-0.0010127,-0.0022699,-0.00019335,-7.6156e-05,0.0037745,-0.00089772,0.002916,0.0009022,nan
b04_pop,-0.00035117,-0.0073322,-0.0086549,-0.0030956,-0.00066614,-0.00034891,-7.7758e-06,-0.00058205,1,-0.10433,5.3751e-05,0.0006354,-0.0070485,-0.0028704,0.0031806,0.0023069,0.0040309,-0.010835,0.0042734,0.011734,-0.0087607,-0.0023969,0.0035388,-0.0015956,-0.0017444,0.0015597,-0.00066077,0.0068446,0.0075565,-0.00081115,-0.00012879,0.00035458,-0.0012045,0.00068977,0.0010686,-0.009624,0.0002234,-0.00024165,-0.0015763,0.00036293,3.3384e-05,0.0023064,nan
b14_pop,0.0034627,-0.0036811,0.00020698,-0.0015807,-0.0020378,-0.0091575,0.00041908,-0.0039492,-0.10433,1,-0.0026991,-0.0084499,-0.078463,0.017005,0.038806,0.013988,0.063817,-0.1025,0.054517,0.10638,-0.080364,-0.032121,0.030366,-0.0062628,-0.033283,0.032644,0.001479,0.004034,0.0025536,-0.00064847,0.0027536,0.0019147,-0.0033755,-0.0021782,-0.0010612,0.032288,-0.0079192,0.0030806,0.0010643,0.0040155,0.0043246,-0.01083,nan
b07_pop,0.0012064,-0.0049104,-0.003001,-0.0088718,0.00017262,0.0011852,-0.00095968,0.0014552,5.3751e-05,-0.0026991,1,-0.17779,0.010444,0.000986,-0.004776,-0.0025854,-0.010813,0.012997,-0.0063358,-0.013189,0.017604,0.0020608,-0.0038158,0.0020788,0.0028072,-0.0025509,-0.00031149,0.0051562,0.0038555,0.0088059,-0.00024289,-0.00059999,0.0020782,6.2663e-05,0.00011457,-5.4742e-05,0.082933,-0.01641,0.0019195,-0.00033381,-0.00056474,-0.00039741,nan
b17_pop,-0.0024818,0.01142,0.0096348,0.0084694,-0.00027799,-0.0021373,0.0028925,-0.00057185,0.0006354,-0.0084499,-0.17779,1,0.021228,-0.012595,-0.010163,-0.0064283,-0.015736,0.027972,-0.015722,-0.029172,0.04107,0.007184,-0.013999,0.0038134,0.0101,-0.010044,0.00065237,-0.010019,-0.0088306,-0.0032045,-0.0065325,-0.0026517,-0.0049849,8.3674e-05,0.0005793,0.004969,-0.044067,0.012188,-0.0043304,-0.00055004,-0.00063575,-0.0018926,nan
p1_pop,0.020688,-0.056952,-0.035427,-0.050333,0.010768,0.11454,0.001811,-0.049563,-0.0070485,-0.078463,0.010444,0.021228,1,-0.38929,-0.34117,-0.068394,-0.8111,0.75326,-0.82492,-0.66508,0.4831,0.33616,-0.20824,0.023189,0.38921,-0.38845,0.011892,0.044163,0.04239,-0.0077787,-0.012199,-0.031011,0.027768,-0.048397,0.0060447,0.02657,0.021327,0.004358,-0.014865,-0.036092,-0.018897,-0.013245,nan
g1_pop,-0.015339,0.025939,0.021611,0.008393,0.040766,-0.10163,-0.036329,0.093653,-0.0028704,0.017005,0.000986,-0.012595,-0.38929,1,0.19597,-0.078457,0.41071,-0.077905,0.29378,0.049369,-0.11776,-0.18574,-0.031534,0.060542,-0.36534,0.38884,-0.013443,-0.0026803,-0.020141,0.0056216,-0.020765,0.037759,-0.026537,0.057851,0.00016845,-0.0026432,-0.0056895,-0.0020984,0.014172,0.0038312,0.0069294,0.00040385,nan
p2_pop,-0.0096103,0.043461,0.029792,0.032285,-0.0045994,-0.10109,-0.0046654,0.054088,0.0031806,0.038806,-0.004776,-0.010163,-0.34117,0.19597,1,-0.088297,0.31629,-0.34619,0.26797,0.3513,-0.27996,-0.22813,-0.019804,0.16792,-0.48377,0.44947,-0.0036096,-0.02052,-0.033532,0.0049544,0.0040062,0.018089,-0.013301,0.025328,-0.0035462,-0.014303,-0.012424,-0.0023156,-0.0022146,0.0162,0.0082599,0.0072573,nan
g2_pop,0.0017966,-0.00060441,-0.012833,0.011545,-0.033695,0.057498,0.021256,-0.051851,0.0023069,0.013988,-0.0025854,-0.0064283,-0.068394,-0.078457,-0.088297,1,0.041682,-0.13984,0.050622,0.13917,-0.14374,0.074058,0.27458,-0.55262,0.067316,-0.069342,0.0032495,-0.016358,0.0057933,-0.007879,0.0023066,-0.0017511,-0.00045884,0.0008292,-0.0013305,-0.0049262,-0.005085,-0.0023511,-0.0064589,0.010486,0.0062346,0.0032967,nan
alpha11_pop,-0.041302,0.14047,0.10791,0.1334,-0.0031633,-0.091481,-0.0032213,0.037181,0.0040309,0.063817,-0.010813,-0.015736,-0.8111,0.41071,0.31629,0.041682,1,-0.62602,0.67065,0.55509,-0.47985,-0.31637,0.17356,-0.0057257,-0.36503,0.36701,-0.017376,-0.15593,-0.13343,-0.0044578,0.0050536,0.030119,-0.023767,0.039298,-0.0060942,-0.022331,-0.021012,-0.0031743,0.054911,0.030572,0.017994,0.011389,nan
alpha12_pop,0.015868,-0.0274,-0.015732,-0.038313,0.013755,0.089633,-0.0068559,0.015001,-0.010835,-0.1025,0.012997,0.027972,0.75326,-0.077905,-0.34619,-0.13984,-0.62602,1,-0.4885,-0.95059,0.7055,0.29979,-0.30857,0.06287,0.28587,-0.27847,0.014116,0.02372,0.01854,0.0072413,-0.030094,-0.0085905,0.014543,-0.031986,0.0082956,0.03958,0.030229,0.0081671,-0.010583,-0.047849,-0.011161,-0.019021,nan
alpha13_pop,-0.018606,0.044883,0.02736,0.03544,-0.0031789,-0.075487,-0.0057936,0.040049,0.0042734,0.054517,-0.0063358,-0.015722,-0.82492,0.29378,0.26797,0.050622,0.67065,-0.4885,1,0.46025,-0.36439,-0.26657,0.1438,-0.035252,-0.33495,0.32984,-0.010788,-0.033245,-0.032854,0.010891,0.0068505,0.029108,-0.038385,0.02326,-0.0044664,-0.017177,-0.015214,-0.0011053,0.013023,0.022103,0.02702,0.0096349,nan
alpha14_pop,-0.015044,0.026035,0.015995,0.036502,-0.014249,-0.080799,0.0082263,-0.021579,0.011734,0.10638,-0.013189,-0.029172,-0.66508,0.049369,0.3513,0.13917,0.55509,-0.95059,0.46025,1,-0.74535,-0.27764,0.28621,-0.070509,-0.2718,0.26272,-0.013817,-0.023356,-0.01901,-0.0065179,0.042215,0.0095625,-0.012224,0.024594,-0.009768,-0.041801,-0.031764,-0.0088821,0.0081386,0.040364,0.011244,0.020859,nan
alpha17_pop,0.012805,-0.029806,-0.016006,-0.035721,0.013998,0.054215,-0.0090309,0.020144,-0.0087607,-0.080364,0.017604,0.04107,0.4831,-0.11776,-0.27996,-0.14374,-0.47985,0.7055,-0.36439,-0.74535,1,0.1522,-0.25392,0.10775,0.2113,-0.20275,0.0099999,0.02918,0.022406,0.0028901,-0.03222,-0.0085689,0.0092391,-0.017005,0.0074026,0.031164,0.041581,0.0090306,-0.0071377,-0.031115,-0.010432,-0.016292,nan
alpha21_pop,0.013798,0.0042021,-0.022673,-0.0097646,-0.0023576,0.045873,0.0039066,-0.011724,-0.0023969,-0.032121,0.0020608,0.007184,0.33616,-0.18574,-0.22813,0.074058,-0.31637,0.29979,-0.26657,-0.27764,0.1522,1,-0.040376,0.078944,0.48962,-0.52462,0.011975,0.0097712,0.0040356,-0.024832,-0.0022199,-0.0038675,0.010926,-0.0209,0.0021226,0.011519,0.0068138,0.0026342,-0.040257,-0.0142,-0.0070369,-0.0049824,nan
alpha22_pop,-0.0049749,0.013081,0.0081859,0.017852,-0.0043734,0.052163,0.0086737,-0.029301,0.0035388,0.030366,-0.0038158,-0.013999,-0.20824,-0.031534,-0.019804,0.27458,0.17356,-0.30857,0.1438,0.28621,-0.25392,-0.040376,1,0.06021,-0.016374,0.016058,-0.0021829,-0.018807,-0.01016,-0.0046415,0.01209,0.027479,-0.0053498,0.0095204,-0.0024906,-0.01215,-0.0109,-0.0035206,0.00038427,0.028296,-0.0010222,0.0064882,nan
alpha23_pop,-0.0020039,0.015928,0.012573,0.0062197,0.0099809,-0.022169,-0.0050491,0.035275,-0.0015956,-0.0062628,0.0020788,0.0038134,0.023189,0.060542,0.16792,-0.55262,-0.0057257,0.06287,-0.035252,-0.070509,0.10775,0.078944,0.06021,1,-0.039252,0.030109,-0.0015578,-0.0041199,-0.013976,-0.00088048,-0.0031246,0.010306,-0.0020423,-0.0040141,0.00068364,0.0006892,0.0035925,0.0019946,0.0021854,-0.0015038,-0.014644,-0.0013308,nan
alpha24_pop,0.012423,-0.022862,-0.025883,-0.017437,-0.0073145,0.078138,0.011058,-0.045271,-0.0017444,-0.033283,0.0028072,0.0101,0.38921,-0.36534,-0.48377,0.067316,-0.36503,0.28587,-0.33495,-0.2718,0.2113,0.48962,-0.016374,-0.039252,1,-0.92867,0.0091118,0.013794,0.020299,-0.014875,0.0013207,-0.017737,0.017086,-0.029933,0.0023643,0.011344,0.0094444,0.0026147,-0.017913,-0.01335,-0.008944,-0.0051771,nan
alpha27_pop,-0.012695,0.020807,0.025848,0.015855,0.0088224,-0.077341,-0.011991,0.045457,0.0015597,0.032644,-0.0025509,-0.010044,-0.38845,0.38884,0.44947,-0.069342,0.36701,-0.27847,0.32984,0.26272,-0.20275,-0.52462,0.016058,0.030109,-0.92867,1,-0.0096895,-0.01285,-0.019084,0.016075,-0.0021135,0.017733,-0.017195,0.030993,-0.0022286,-0.011042,-0.0091025,-0.0026995,0.020056,0.01302,0.0087035,0.0049268,nan
omega_b01,0.17574,-0.021637,0.046937,-0.019623,-0.0018044,0.0023703,-0.00083081,0.0008511,-0.00066077,0.001479,-0.00031149,0.00065237,0.011892,-0.013443,-0.0036096,0.0032495,-0.017376,0.014116,-0.010788,-0.013817,0.0099999,0.011975,-0.0021829,-0.0015578,0.0091118,-0.0096895,1,-0.0038812,-0.018789,0.010072,-0.0041561,-0.00020316,0.00086423,-0.0029006,-0.00096669,0.0023024,0.0030076,0.0065071,-0.13953,-0.00068935,-0.00044414,0.00074748,nan
omega_b11,0.18839,-0.82344,-0.65409,-0.6108,0.0092601,-0.0020854,-0.0046688,-0.011149,0.0068446,0.004034,0.0051562,-0.010019,0.044163,-0.0026803,-0.02052,-0.016358,-0.15593,0.02372,-0.033245,-0.023356,0.02918,0.0097712,-0.018807,-0.0041199,0.013794,-0.01285,-0.0038812,1,0.7635,0.054053,0.0054913,-0.019451,-0.010212,0.021941,0.0071854,-0.0064556,-0.0042747,-0.02099,0.012255,-0.0026509,0.010941,-0.01202,nan
omega_b21,0.0928,-0.7507,-0.79444,-0.4955,0.012022,-0.012406,-0.0060602,-0.010333,0.0075565,0.0025536,0.0038555,-0.0088306,0.04239,-0.020141,-0.033532,0.0057933,-0.13343,0.01854,-0.032854,-0.01901,0.022406,0.0040356,-0.01016,-0.013976,0.020299,-0.019084,-0.018789,0.7635,1,-0.015479,-0.00050414,-0.012183,-0.011568,0.024453,0.0072285,-0.011679,-0.0063787,-0.023494,-0.0059063,-0.0019231,0.015246,-0.01114,nan
omega_a1,0.039784,0.07641,0.19263,-0.60058,-0.00077853,0.0017086,-0.0098893,0.010587,-0.00081115,-0.00064847,0.0088059,-0.0032045,-0.0077787,0.0056216,0.0049544,-0.007879,-0.0044578,0.0072413,0.010891,-0.0065179,0.0028901,-0.024832,-0.0046415,-0.00088048,-0.014875,0.016075,0.010072,0.054053,-0.015479,1,-0.0036137,-0.026494,0.0012634,0.0034784,-0.0044075,0.017691,-0.0036617,-0.00704,0.088239,0.0058484,-0.0051535,-0.0026528,nan
omega_b02,-0.0011752,-0.0016843,0.0013171,-0.0045195,0.027429,0.010937,1.8089e-05,0.0024271,-0.00012879,0.0027536,-0.00024289,-0.0065325,-0.012199,-0.020765,0.0040062,0.0023066,0.0050536,-0.030094,0.0068505,0.042215,-0.03222,-0.0022199,0.01209,-0.0031246,0.0013207,-0.0021135,-0.0041561,0.0054913,-0.00050414,-0.0036137,1,-0.070665,0.00080913,0.00041972,-0.0027037,-0.0081342,-0.0009107,-0.00017608,0.002031,-0.081903,0.00064111,0.0021821,nan
omega_b12,-0.0056483,0.010553,8.4495e-05,0.035697,-0.013839,0.0012149,0.0026969,-0.010564,0.00035458,0.0019147,-0.00059999,-0.0026517,-0.031011,0.037759,0.018089,-0.0017511,0.030119,-0.0085905,0.029108,0.0095625,-0.0085689,-0.0038675,0.027479,0.010306,-0.017737,0.017733,-0.00020316,-0.019451,-0.012183,-0.026494,-0.070665,1,0.00026492,4.4961e-05,0.00063992,0.007102,0.0018519,-0.0062037,-0.0034214,-0.029398,-0.0017229,-0.0010458,nan
omega_b03,-0.001093,0.0098476,0.01013,0.0037293,-0.00090591,0.0020809,-0.020975,0.005898,-0.0012045,-0.0033755,0.0020782,-0.0049849,0.027768,-0.026537,-0.013301,-0.00045884,-0.023767,0.014543,-0.038385,-0.012224,0.0092391,0.010926,-0.0053498,-0.0020423,0.017086,-0.017195,0.00086423,-0.010212,-0.011568,0.0012634,0.00080913,0.00026492,1,-0.03679,-0.00015795,0.0012085,0.0031818,-0.0032995,0.0013421,-0.0010654,-0.080709,-1.3012e-05,nan
omega_b13,0.00024671,-0.019982,-0.021859,-0.014109,-0.0014138,0.0062478,0.0036457,-0.018847,0.00068977,-0.0021782,6.2663e-05,8.3674e-05,-0.048397,0.057851,0.025328,0.0008292,0.039298,-0.031986,0.02326,0.024594,-0.017005,-0.0209,0.0095204,-0.0040141,-0.029933,0.030993,-0.0029006,0.021941,0.024453,0.0034784,0.00041972,4.4961e-05,-0.03679,1,0.0006594,-0.0065128,-0.0011016,-0.0003518,0.0024795,0.0015288,-0.015822,-0.00044019,nan
omega_b04,4.8426e-05,-0.0073164,-0.0071806,-0.0020663,0.00020974,-7.362e-05,-0.00071583,-0.0010127,0.0010686,-0.0010612,0.00011457,0.0005793,0.0060447,0.00016845,-0.0035462,-0.0013305,-0.0060942,0.0082956,-0.0044664,-0.009768,0.0074026,0.0021226,-0.0024906,0.00068364,0.0023643,-0.0022286,-0.00096669,0.0071854,0.0072285,-0.0044075,-0.0027037,0.00063992,-0.00015795,0.0006594,1,-0.0022094,0.00082155,0.00035101,-0.0012815,0.00029484,0.0003555,-0.035368,nan
omega_b14,-0.0040574,0.010166,0.0081303,-0.0080661,-0.0023884,0.0082407,0.0021637,-0.0022699,-0.009624,0.032288,-5.4742e-05,0.004969,0.02657,-0.0026432,-0.014303,-0.0049262,-0.022331,0.03958,-0.017177,-0.041801,0.031164,0.011519,-0.01215,0.0006892,0.011344,-0.011042,0.0023024,-0.0064556,-0.011679,0.017691,-0.0081342,0.007102,0.0012085,-0.0065128,-0.0022094,1,-0.0015962,-0.0015905,-0.0031261,-0.0014989,-9.3013e-05,-0.1184,nan
omega_b07,0.0008318,0.0017281,0.0022362,0.0071269,-0.0019382,0.0044184,0.00057321,-0.00019335,0.0002234,-0.0079192,0.082933,-0.044067,0.021327,-0.0056895,-0.012424,-0.005085,-0.021012,0.030229,-0.015214,-0.031764,0.041581,0.0068138,-0.0109,0.0035925,0.0094444,-0.0091025,0.0030076,-0.0042747,-0.0063787,-0.0036617,-0.0009107,0.0018519,0.0031818,-0.0011016,0.00082155,-0.0015962,1,0.017074,-0.0049163,-0.0025609,-0.00057572,-0.0012577,nan
omega_b17,0.00051002,0.013602,0.013887,0.023645,-0.00027314,0.00069579,-0.0025451,-7.6156e-05,-0.00024165,0.0030806,-0.01641,0.012188,0.004358,-0.0020984,-0.0023156,-0.0023511,-0.0031743,0.0081671,-0.0011053,-0.0088821,0.0090306,0.0026342,-0.0035206,0.0019946,0.0026147,-0.0026995,0.0065071,-0.02099,-0.023494,-0.00704,-0.00017608,-0.0062037,-0.0032995,-0.0003518,0.00035101,-0.0015905,0.017074,1,-0.0064056,-0.0016748,-7.5589e-05,-0.0032973,nan
b_1,-0.0020985,-0.003492,0.045664,-0.11846,0.0016337,-0.0037141,-0.0026068,0.0037745,-0.0015763,0.0010643,0.0019195,-0.0043304,-0.014865,0.014172,-0.0022146,-0.0064589,0.054911,-0.010583,0.013023,0.0081386,-0.0071377,-0.040257,0.00038427,0.0021854,-0.017913,0.020056,-0.13953,0.012255,-0.0059063,0.088239,0.002031,-0.0034214,0.0013421,0.0024795,-0.0012815,-0.0031261,-0.0049163,-0.0064056,1,0.0025503,0.0014975,-0.00033361,nan
a_2,-0.00022588,0.0034211,0.0037051,-0.001501,-0.0040768,-0.0046628,6.5463e-06,-0.00089772,0.00036293,0.0040155,-0.00033381,-0.00055004,-0.036092,0.0038312,0.0162,0.010486,0.030572,-0.047849,0.022103,0.040364,-0.031115,-0.0142,0.028296,-0.0015038,-0.01335,0.01302,-0.00068935,-0.0026509,-0.0019231,0.0058484,-0.081903,-0.029398,-0.0010654,0.0015288,0.00029484,-0.0014989,-0.0025609,-0.0016748,0.0025503,1,0.00065249,9.0681e-05,nan
a_3,0.0010462,-0.013026,-0.014697,-0.0032924,0.0013117,-0.0030482,0.0072356,0.002916,3.3384e-05,0.0043246,-0.00056474,-0.00063575,-0.018897,0.0069294,0.0082599,0.0062346,0.017994,-0.011161,0.02702,0.011244,-0.010432,-0.0070369,-0.0010222,-0.014644,-0.008944,0.0087035,-0.00044414,0.010941,0.015246,-0.0051535,0.00064111,-0.0017229,-0.080709,-0.015822,0.0003555,-9.3013e-05,-0.00057572,-7.5589e-05,0.0014975,0.00065249,1,-5.8627e-06,nan
a_4,-7.0452e-05,0.011267,0.011192,0.010636,-0.00096586,-0.0001792,0.00069421,0.0009022,0.0023064,-0.01083,-0.00039741,-0.0018926,-0.013245,0.00040385,0.0072573,0.0032967,0.011389,-0.019021,0.0096349,0.020859,-0.016292,-0.0049824,0.0064882,-0.0013308,-0.0051771,0.0049268,0.00074748,-0.01202,-0.01114,-0.0026528,0.0021821,-0.0010458,-1.3012e-05,-0.00044019,-0.035368,-0.1184,-0.0012577,-0.0032973,-0.00033361,9.0681e-05,-5.8627e-06,1,nan
b_7,nan,nan,nan,nan,nan,nan,nan,nan,nan,nan,nan,nan,nan,nan,nan,nan,nan,nan,nan,nan,nan,nan,nan,nan,nan,nan,nan,nan,nan,nan,nan,nan,nan,nan,nan,nan,nan,nan,nan,nan,nan,nan,nan
