b01_pop,1,-0.097915,0.12407,-0.076171,0.0011331,-0.0011656,0.00034822,-0.0011059,-0.00045609,0.0017249,-0.0024561,0.0031505,-0.00039071,-0.0023124,0.0019878,-0.0079297,-0.0010904,-0.00027336,-0.0042453,0.0044328,-0.003451,nan,0.0048678,2.3196e-06,0.0037274,7.303e-08,0.0010386,-0.00069613,0.0025437,-0.0026947,0.19948,0.062099,-0.06623,0.032589,-0.00092416,0.0047725,-0.00067075,-0.00073585,-0.0008667,0.004319,0.0019608,0.00095157,2.1895e-05,-0.0020288,-0.021086,-0.00061136,-0.00042679,-0.00028459,-0.00044745,-0.00028826
b11_pop,-0.097915,1,0.62516,0.035738,0.0070647,-0.011032,0.0040624,-0.0077483,-0.0010342,4.7211e-06,-0.0010258,0.0070925,0.0016114,0.0054881,-0.032504,0.03186,-0.0020312,-0.0032239,0.045673,-0.012161,0.019602,nan,-0.019801,-1.5596e-05,-0.0075619,-6.7183e-07,-0.0055114,0.0021863,0.0083542,0.013209,-0.052684,-0.56224,-0.49282,0.21015,-0.011071,0.010076,-0.016072,0.0078011,0.00027173,7.669e-05,0.0040069,0.0037485,0.0020043,-0.0068648,0.028867,-0.0018542,0.0023682,9.4827e-05,-0.0026416,0.0019781
b21_pop,0.12407,0.62516,1,-0.011116,0.010574,-0.017749,0.005913,-0.0082795,-0.0013917,-0.00016247,-0.0052291,0.012665,-0.00015549,0.0096003,-0.013288,0.025906,-0.0020955,-0.0047566,0.036221,-0.0070806,0.0071213,nan,-0.016431,-1.5459e-05,-0.012757,-6.661e-07,-0.0038247,0.0021176,0.011738,0.0095177,0.041007,-0.42783,-0.69579,0.21446,-0.013077,0.017373,-0.015151,0.0079389,-0.0010123,0.0089579,0.0067579,0.0072216,0.0024558,-0.011015,0.067921,-0.0029891,0.00052927,-0.0014402,-0.0039413,0.0013846
a1_pop,-0.076171,0.035738,-0.011116,1,0.0029514,-0.012725,0.0044337,-0.00067729,0.00017102,-0.014036,-0.00057997,-0.0039567,-0.0050187,0.016002,-0.01029,0.0036282,-0.0048247,-0.0017286,0.031372,-0.0049121,-0.00012955,nan,-0.0022729,2.671e-06,0.023874,-2.1979e-07,0.00271,9.9268e-05,0.0025158,0.008383,-0.056185,-0.32271,-0.19642,-0.55738,-0.0046497,-0.024172,-0.0028426,0.0012639,-0.00542,0.0053365,0.0033606,-0.010078,-0.0010618,0.00086753,-0.07378,0.0017148,-0.00045192,-0.0018391,0.0081937,-0.0040214
b02_pop,0.0011331,0.0070647,0.010574,0.0029514,1,-0.22655,0.00074027,-0.0005128,-0.00028641,2.0276e-05,-0.0012936,0.0023708,-7.1719e-05,-0.0012937,0.0095111,0.0262,-0.0019037,0.00020636,0.010248,0.0097017,0.00018478,nan,-0.011681,-1.8028e-05,0.00060519,-7.4429e-07,-0.0012729,0.0055837,0.005423,-0.00045442,-0.00012309,-0.0061985,-0.011402,0.0021555,-0.01754,-0.0043815,-5.851e-05,0.00029885,-0.0014965,0.00065747,0.00020204,0.00037241,0.0004997,-0.0010495,0.00027889,0.0050079,-0.0002995,-0.00025073,0.00036888,0.00024904
b12_pop,-0.0011656,-0.011032,-0.017749,-0.012725,-0.22655,1,7.49e-05,0.0049811,0.0005577,-0.00040072,0.0028723,-0.0056523,0.00085,-0.0079203,0.051609,-0.054248,0.0019766,-0.00024582,-0.040377,0.03875,-0.022536,nan,0.030806,1.605e-05,0.0021886,4.0963e-07,0.0089231,-0.0046495,0.00012093,-0.018976,0.0011683,0.014497,0.019228,0.0027839,-0.0058457,0.031941,0.0030461,0.0035571,0.0021431,-0.0048376,0.0015473,0.00068458,-0.0012422,-0.0057241,-0.0009214,-0.0073288,-0.0014336,0.0010307,-0.0021324,0.001485
b03_pop,0.00034822,0.0040624,0.005913,0.0044337,0.00074027,7.49e-05,1,-0.13895,-0.00011913,-0.00021309,0.0013725,-0.00024045,-0.00020601,0.0028493,-0.0029082,-0.024092,0.0040982,0.017853,-0.008432,0.0037724,0.002762,nan,0.0096673,9.7139e-06,-0.0020758,1.7121e-06,-0.0074179,-0.0016353,0.0028013,-0.00059629,1.8875e-05,-0.0041603,-0.0054841,-0.0027122,-0.0001465,0.00056826,-0.0035497,0.021095,-0.00018602,-0.0021364,0.0014839,-4.5862e-05,0.00024453,0.00064524,-0.0016876,0.00024769,-0.0056412,0.0014751,-0.00087523,0.00029632
b13_pop,-0.0011059,-0.0077483,-0.0082795,-0.00067729,-0.0005128,0.0049811,-0.13895,1,0.0010772,0.0041812,-0.00081819,0.0062646,0.00019945,-0.005005,-0.060563,0.060124,0.048067,-0.046893,0.048184,-0.014241,0.021139,nan,-0.016224,-5.5256e-06,0.0050158,-8.3836e-06,0.041813,-0.011832,-0.015555,0.0061911,-0.00087328,0.001417,0.0084408,-0.0014147,-0.0001705,-0.0021363,0.0066579,-0.049636,0.0008414,0.0063163,8.0411e-05,-0.0035979,-8.8201e-05,-0.00044227,0.001204,-0.00025746,0.007875,-0.0018253,0.00038175,-0.00037595
b04_pop,-0.00045609,-0.0010342,-0.0013917,0.00017102,-0.00028641,0.0005577,-0.00011913,0.0010772,1,-0.10593,-0.00010895,0.00044513,0.00016839,-0.00015268,0.00031825,-0.00076156,-0.0029538,-0.0052274,-0.0010543,-0.00047676,-0.00040036,nan,0.0005823,-1.5287e-07,4.491e-05,2.1346e-07,2.8457e-05,0.0015246,-0.00052202,-0.0013334,-0.00029626,-7.8012e-05,0.0007416,0.00069995,-0.00022533,0.00031093,-7.3415e-05,-0.00044256,-0.00069045,0.00012065,0.00021315,0.00025366,0.00029211,-5.4675e-05,0.0008287,0.0001242,2.4951e-05,-0.0025368,-0.00076268,0.00066893
b14_pop,0.0017249,4.7211e-06,-0.00016247,-0.014036,2.0276e-05,-0.00040072,-0.00021309,0.0041812,-0.10593,1,-2.8704e-05,-0.00089019,-0.00017572,-0.0018967,-0.00060372,0.030519,-0.024309,0.028393,0.0046855,0.003696,0.0037397,nan,-0.038573,-4.9589e-05,-0.001843,8.4573e-06,-0.027097,0.073382,0.025996,-0.0067908,0.0025022,0.0078493,0.004086,0.011215,-0.0027452,-0.00035963,-0.0002611,0.0081233,0.0018555,0.010339,-0.0021564,-0.0015513,-0.0013423,0.0038566,-0.00037652,0.00069582,-0.00013282,0.01169,0.0034859,-0.0028179
b06_pop,-0.0024561,-0.0010258,-0.0052291,-0.00057997,-0.0012936,0.0028723,0.0013725,-0.00081819,-0.00010895,-2.8704e-05,1,-0.17185,0.00035344,-0.0010298,0.0013856,0.0010203,-0.0019018,-0.0084337,0.00077691,-0.0010271,0.00051338,nan,0.004895,5.8929e-06,3.3325e-05,-4.292e-07,0.0030377,-0.0039939,-0.0079147,-0.00026813,-0.0029762,-0.00026993,0.0048884,-0.00064474,0.00051857,0.00087275,0.0015504,0.00012188,0.00017416,-0.0012624,0.079629,-0.012687,0.00060108,0.0011981,0.00078384,-7.8652e-05,-0.00045984,-0.0004484,-0.038398,-0.0017069
b16_pop,0.0031505,0.0070925,0.012665,-0.0039567,0.0023708,-0.0056523,-0.00024045,0.0062646,0.00044513,-0.00089019,-0.17185,1,0.0010213,0.0010501,0.01737,-0.017998,-0.027517,0.011386,-0.011937,0.011721,-0.0039499,nan,0.0079403,-8.0798e-06,-8.3533e-05,3.5703e-06,-0.016333,0.0098262,0.03724,-0.0052767,0.0033902,-0.0021852,-0.010645,0.0022933,0.00043689,-3.7619e-05,-0.00044232,0.0049534,-0.0010655,-2.6906e-05,-0.014032,0.004657,-0.00074157,-0.0018932,-0.00056938,-0.00031949,1.4738e-05,0.00065449,0.01274,0.0021009
b07_pop,-0.00039071,0.0016114,-0.00015549,-0.0050187,-7.1719e-05,0.00085,-0.00020601,0.00019945,0.00016839,-0.00017572,0.00035344,0.0010213,1,-0.18212,-0.0057798,0.0034716,0.0072615,0.0036366,0.0052698,-0.0035843,0.0046848,nan,-0.0035742,6.4792e-06,-0.0013447,7.2485e-07,-0.00011178,-0.0048688,-0.0013794,0.022489,-0.0005352,0.0015469,0.0020062,0.004487,-0.001161,0.002882,-0.0014998,0.00028589,-0.00029188,-0.00010397,0.00065532,-0.00038633,0.1163,-0.063658,0.00013066,-0.00038295,0.00077723,0.0013462,0.00020987,-0.048754
b17_pop,-0.0023124,0.0054881,0.0096003,0.016002,-0.0012937,-0.0079203,0.0028493,-0.005005,-0.00015268,-0.0018967,-0.0010298,0.0010501,-0.18212,1,-0.029366,0.01791,-0.0047394,-0.051254,0.028058,-0.027747,0.017383,nan,-0.019464,3.5729e-05,-0.0030584,2.7155e-06,0.010249,-0.029717,-0.018515,0.1272,-0.0022054,-0.0068028,-0.014671,-0.015011,0.0039487,-0.0079417,0.0024737,0.001969,-0.00037182,0.0091556,0.0009206,-0.0012311,-0.079055,0.18082,-0.00016636,0.0011382,-0.0011828,-0.005212,-0.00081612,-0.010924
p1_pop,0.0019878,-0.032504,-0.013288,-0.01029,0.0095111,0.051609,-0.0029082,-0.060563,0.00031825,-0.00060372,0.0013856,0.01737,-0.0057798,-0.029366,1,-0.22071,-0.037026,0.024545,-0.55242,0.4721,-0.78002,nan,0.10844,-0.00010791,0.060499,-9.2139e-06,0.088488,0.057503,0.055995,-0.24125,-0.00076017,-0.0022996,0.020546,-0.0069107,-0.0077604,0.0018794,0.0067138,-0.025032,-0.00025305,-0.0010623,0.002315,-0.0022543,-0.0036447,-0.014491,0.00063125,-0.0022222,-0.01225,0.0005577,-0.00058929,0.0036722
g1_pop,-0.0079297,0.03186,0.025906,0.0036282,0.0262,-0.054248,-0.024092,0.060124,-0.00076156,0.030519,0.0010203,-0.017998,0.0034716,0.01791,-0.22071,1,-0.069583,0.0074559,0.45748,-0.0018382,0.10251,nan,-0.79819,-0.00081719,-0.013344,-2.7872e-05,-0.090606,0.3058,0.14762,0.15851,-0.0080416,0.0053396,-0.032071,-0.00051757,-0.0065087,0.011584,-0.022461,0.060899,-0.00075269,0.00014194,-0.037779,-0.0056175,0.0034864,0.0099568,0.0010809,-0.00035383,0.00045415,0.0035021,0.025529,-0.0020418
p2_pop,-0.0010904,-0.0020312,-0.0020955,-0.0048247,-0.0019037,0.0019766,0.0040982,0.048067,-0.0029538,-0.024309,-0.0019018,-0.027517,0.0072615,-0.0047394,-0.037026,-0.069583,1,0.12538,-0.019654,-0.037871,0.031841,nan,0.08836,0.00020132,-0.16541,-1.5937e-05,0.068911,-0.0497,-0.27799,-0.13634,-0.0012091,0.016239,0.0059517,0.00035575,0.0011651,-0.0010815,0.00072114,0.005243,-0.00028204,0.0016762,0.0070085,-0.0022448,0.003973,-0.0049383,-0.0021357,0.00026255,0.0026854,-0.0010012,-0.0063263,-0.0060454
g2_pop,-0.00027336,-0.0032239,-0.0047566,-0.0017286,0.00020636,-0.00024582,0.017853,-0.046893,-0.0052274,0.028393,-0.0084337,0.011386,0.0036366,-0.051254,0.024545,0.0074559,0.12538,1,-0.057175,-0.023779,-0.015565,nan,-0.03812,-7.2017e-05,0.092163,5.4436e-05,-0.53719,0.14908,-0.17091,-0.24659,0.00020796,-0.0025408,0.0053348,0.0006401,0.00030792,-0.00052143,-0.0066193,0.011672,-0.00087463,-0.0023682,-4.9023e-05,-0.0018086,0.00056413,-0.018217,-0.0011934,0.0004184,0.0063439,0.0024942,-0.0019706,-0.00066613
alpha11_pop,-0.0042453,0.045673,0.036221,0.031372,0.010248,-0.040377,-0.008432,0.048184,-0.0010543,0.0046855,0.00077691,-0.011937,0.0052698,0.028058,-0.55242,0.45748,-0.019654,-0.057175,1,-0.06392,0.43813,nan,-0.24129,-0.00016967,-0.056646,-1.7014e-05,-0.051607,-0.017001,0.048302,0.23077,-0.0045223,-0.038442,-0.052825,0.001028,-0.0032865,0.0073102,-0.013491,0.034364,-0.00040086,-8.0626e-05,-0.009254,0.00037914,0.0043826,0.010223,0.020215,-0.00014494,0.0046203,0.00055516,0.0071578,-0.003664
alpha12_pop,0.0044328,-0.012161,-0.0070806,-0.0049121,0.0097017,0.03875,0.0037724,-0.014241,-0.00047676,0.003696,-0.0010271,0.011721,-0.0035843,-0.027747,0.4721,-0.0018382,-0.037871,-0.023779,-0.06392,1,-0.1743,nan,0.12655,-0.00030985,0.02772,-2.0457e-05,0.069756,0.062664,0.1919,-0.1962,0.003508,0.00040476,0.0077392,0.0017938,-0.0057677,0.035482,0.001268,-0.017526,-0.00057478,-0.0019558,-3.5932e-05,0.0014906,-0.0021069,-0.015102,-0.0057094,-0.009937,-0.0012361,0.0010802,0.00068707,0.0033561
alpha13_pop,-0.003451,0.019602,0.0071213,-0.00012955,0.00018478,-0.022536,0.002762,0.021139,-0.00040036,0.0037397,0.00051338,-0.0039499,0.0046848,0.017383,-0.78002,0.10251,0.031841,-0.015565,0.43813,-0.1743,1,nan,-0.066499,1.3821e-05,-0.048596,1.6701e-05,-0.10434,-0.010006,0.023467,0.16928,-0.00085804,0.010339,-0.0094367,0.0071843,0.0039621,0.0064114,-0.01433,-0.010956,5.7244e-05,-0.00093244,-0.0018099,0.0029355,0.0024915,0.0094859,-0.00039257,-0.00028995,0.0239,-2.1749e-05,2.2413e-05,-0.0025323
alpha14_pop,nan,nan,nan,nan,nan,nan,nan,nan,nan,nan,nan,nan,nan,nan,nan,nan,nan,nan,nan,nan,nan,nan,nan,nan,nan,nan,nan,nan,nan,nan,nan,nan,nan,nan,nan,nan,nan,nan,nan,nan,nan,nan,nan,nan,nan,nan,nan,nan,nan,nan
alpha16_pop,0.0048678,-0.019801,-0.016431,-0.0022729,-0.011681,0.030806,0.0096673,-0.016224,0.0005823,-0.038573,0.004895,0.0079403,-0.0035742,-0.019464,0.10844,-0.79819,0.08836,-0.03812,-0.24129,0.12655,-0.066499,nan,1,0.00093948,-0.0015243,1.6674e-05,0.13611,-0.4104,-0.16878,-0.17528,0.0057475,-0.0057444,0.021204,0.0030568,0.0019048,0.00085344,0.015284,-0.032345,0.00081651,0.00094186,0.047187,0.0093578,-0.0034751,-0.012486,0.00044814,-0.00087604,-0.0031139,-0.004722,-0.03214,0.0021227
alpha17_pop,2.3196e-06,-1.5596e-05,-1.5459e-05,2.671e-06,-1.8028e-05,1.605e-05,9.7139e-06,-5.5256e-06,-1.5287e-07,-4.9589e-05,5.8929e-06,-8.0798e-06,6.4792e-06,3.5729e-05,-0.00010791,-0.00081719,0.00020132,-7.2017e-05,-0.00016967,-0.00030985,1.3821e-05,nan,0.00093948,1,-5.0584e-05,-0.063767,0.00024037,-0.00054817,-0.00053392,0.00023184,3.8257e-06,-5.3564e-06,1.8969e-05,-1.8412e-07,5.2339e-06,-1.55e-05,1.6378e-05,-3.105e-05,1.1372e-06,2.9924e-06,5.3048e-05,4.914e-06,2.7973e-06,1.2111e-05,4.1011e-06,3.3177e-06,-4.246e-06,-6.2413e-06,-3.84e-05,-2.1219e-06
alpha21_pop,0.0037274,-0.0075619,-0.012757,0.023874,0.00060519,0.0021886,-0.0020758,0.0050158,4.491e-05,-0.001843,3.3325e-05,-8.3533e-05,-0.0013447,-0.0030584,0.060499,-0.013344,-0.16541,0.092163,-0.056646,0.02772,-0.048596,nan,-0.0015243,-5.0584e-05,1,-2.817e-06,0.031786,0.041067,0.071117,-0.063155,0.0059471,-0.087346,-0.0020982,-0.0062537,-0.0012606,-0.0013777,0.0031834,-0.0054881,-0.00020684,-0.0007422,-0.0022346,0.0018731,0.00084595,-0.00025376,0.0091906,0.00024657,0.0013334,0.0015293,0.0024081,-0.001369
alpha22_pop,7.303e-08,-6.7183e-07,-6.661e-07,-2.1979e-07,-7.4429e-07,4.0963e-07,1.7121e-06,-8.3836e-06,2.1346e-07,8.4573e-06,-4.292e-07,3.5703e-06,7.2485e-07,2.7155e-06,-9.2139e-06,-2.7872e-05,-1.5937e-05,5.4436e-05,-1.7014e-05,-2.0457e-05,1.6701e-05,nan,1.6674e-05,-0.063767,-2.817e-06,1,-0.00010781,9.7802e-05,1.8339e-05,3.3305e-05,1.7465e-07,1.0148e-06,9.0057e-07,-1.9803e-07,3.7478e-07,-9.9764e-07,-5.5194e-08,9.0538e-07,-3.4136e-07,-9.7313e-07,4.5352e-07,3.6125e-07,2.8244e-07,1.816e-06,-3.4881e-07,1.8336e-07,1.2738e-06,1.0193e-06,-5.5857e-08,-3.0818e-07
alpha23_pop,0.0010386,-0.0055114,-0.0038247,0.00271,-0.0012729,0.0089231,-0.0074179,0.041813,2.8457e-05,-0.027097,0.0030377,-0.016333,-0.00011178,0.010249,0.088488,-0.090606,0.068911,-0.53719,-0.051607,0.069756,-0.10434,nan,0.13611,0.00024037,0.031786,-0.00010781,1,-0.16148,-0.10818,-0.012114,0.00081504,-0.0064435,0.003142,-0.0016576,-0.0012445,0.00050337,0.010035,-0.028717,-0.0003557,0.0023039,0.0075701,0.00056634,1.5444e-06,0.00050013,0.00095323,-0.00049563,-0.013285,-0.0018431,-0.0061378,0.0012511
alpha24_pop,-0.00069613,0.0021863,0.0021176,9.9268e-05,0.0055837,-0.0046495,-0.0016353,-0.011832,0.0015246,0.073382,-0.0039939,0.0098262,-0.0048688,-0.029717,0.057503,0.3058,-0.0497,0.14908,-0.017001,0.062664,-0.010006,nan,-0.4104,-0.00054817,0.041067,9.7802e-05,-0.16148,1,0.2711,-0.19837,-0.0011492,0.004389,-0.0031033,-0.0025278,-0.0017846,0.0021907,-0.0034778,0.012035,-0.0035909,-0.007715,-0.023816,-0.0013473,-0.0033402,-0.0095207,-0.0036922,-0.00061197,0.00070192,0.010694,0.01778,0.0013904
alpha26_pop,0.0025437,0.0083542,0.011738,0.0025158,0.005423,0.00012093,0.0028013,-0.015555,-0.00052202,0.025996,-0.0079147,0.03724,-0.0013794,-0.018515,0.055995,0.14762,-0.27799,-0.17091,0.048302,0.1919,0.023467,nan,-0.16878,-0.00053392,0.071117,1.8339e-05,-0.10818,0.2711,1,-0.095169,0.0014609,-0.010029,-0.014503,0.0018516,-0.0026546,0.0072415,-0.0039826,0.004949,-0.000744,-0.0019211,-0.030231,0.0090174,-0.00095046,-0.0068365,-0.00023946,-0.0019585,0.0017383,0.0028061,0.027726,0.001481
alpha27_pop,-0.0026947,0.013209,0.0095177,0.008383,-0.00045442,-0.018976,-0.00059629,0.0061911,-0.0013334,-0.0067908,-0.00026813,-0.0052767,0.022489,0.1272,-0.24125,0.15851,-0.13634,-0.24659,0.23077,-0.1962,0.16928,nan,-0.17528,0.00023184,-0.063155,3.3305e-05,-0.012114,-0.19837,-0.095169,1,-0.0019984,-0.0011282,-0.013911,-0.00404,0.0018641,-0.0050848,-0.0040742,0.0079805,0.00036971,0.0028033,-0.005109,-0.0036164,0.01467,0.055831,0.0034793,0.0012858,0.00093919,-0.002086,0.0030477,-0.0075149
omega_b01,0.19948,-0.052684,0.041007,-0.056185,-0.00012309,0.0011683,1.8875e-05,-0.00087328,-0.00029626,0.0025022,-0.0029762,0.0033902,-0.0005352,-0.0022054,-0.00076017,-0.0080416,-0.0012091,0.00020796,-0.0045223,0.003508,-0.00085804,nan,0.0057475,3.8257e-06,0.0059471,1.7465e-07,0.00081504,-0.0011492,0.0014609,-0.0019984,1,0.022701,-0.012947,0.03769,-0.002474,0.0019461,-0.0019086,-0.0018729,-0.00051267,0.00053831,0.0033551,0.00087119,-0.00046505,-0.00027858,-0.082806,0.00082591,0.0006682,0.001345,-0.0029874,0.0020514
omega_b11,0.062099,-0.56224,-0.42783,-0.32271,-0.0061985,0.014497,-0.0041603,0.001417,-7.8012e-05,0.0078493,-0.00026993,-0.0021852,0.0015469,-0.0068028,-0.0022996,0.0053396,0.016239,-0.0025408,-0.038442,0.00040476,0.010339,nan,-0.0057444,-5.3564e-06,-0.087346,1.0148e-06,-0.0064435,0.004389,-0.010029,-0.0011282,0.022701,1,0.44833,-0.073214,0.010497,0.0046015,0.013747,-0.0045753,0.00022439,-0.0027685,-0.003777,-0.0018923,-8.2719e-06,0.0011637,-0.022765,-0.00012578,-0.0024378,0.00017376,-0.0009255,-0.00069347
omega_b21,-0.06623,-0.49282,-0.69579,-0.19642,-0.011402,0.019228,-0.0054841,0.0084408,0.0007416,0.004086,0.0048884,-0.010645,0.0020062,-0.014671,0.020546,-0.032071,0.0059517,0.0053348,-0.052825,0.0077392,-0.0094367,nan,0.021204,1.8969e-05,-0.0020982,9.0057e-07,0.003142,-0.0031033,-0.014503,-0.013911,-0.012947,0.44833,1,-0.13411,0.014084,-0.0044858,0.01383,-0.0055388,0.0015328,-0.014995,-0.007642,-0.0050284,-0.00094595,0.0048784,-0.061533,0.0014263,-0.00090859,0.0021918,-0.0018521,-0.0014938
omega_a1,0.032589,0.21015,0.21446,-0.55738,0.0021555,0.0027839,-0.0027122,-0.0014147,0.00069995,0.011215,-0.00064474,0.0022933,0.004487,-0.015011,-0.0069107,-0.00051757,0.00035575,0.0006401,0.001028,0.0017938,0.0071843,nan,0.0030568,-1.8412e-07,-0.0062537,-1.9803e-07,-0.0016576,-0.0025278,0.0018516,-0.00404,0.03769,-0.073214,-0.13411,1,-0.0033351,0.021089,-0.005207,0.00074251,0.0053778,-0.0013692,-0.0040452,0.014928,-0.0022609,-0.001354,0.04477,-0.00071489,0.0038113,0.0032406,-0.0051884,0.0074396
omega_b02,-0.00092416,-0.011071,-0.013077,-0.0046497,-0.01754,-0.0058457,-0.0001465,-0.0001705,-0.00022533,-0.0027452,0.00051857,0.00043689,-0.001161,0.0039487,-0.0077604,-0.0065087,0.0011651,0.00030792,-0.0032865,-0.0057677,0.0039621,nan,0.0019048,5.2339e-06,-0.0012606,3.7478e-07,-0.0012445,-0.0017846,-0.0026546,0.0018641,-0.002474,0.010497,0.014084,-0.0033351,1,-0.028792,6.8942e-05,-0.0010798,0.00033878,-0.0014852,-0.0044492,-0.0015729,-0.001272,8.9744e-06,-0.0015552,-0.098511,0.00025742,0.00093055,0.0017954,-0.00096387
omega_b12,0.0047725,0.010076,0.017373,-0.024172,-0.0043815,0.031941,0.00056826,-0.0021363,0.00031093,-0.00035963,0.00087275,-3.7619e-05,0.002882,-0.0079417,0.0018794,0.011584,-0.0010815,-0.00052143,0.0073102,0.035482,0.0064114,nan,0.00085344,-1.55e-05,-0.0013777,-9.9764e-07,0.00050337,0.0021907,0.0072415,-0.0050848,0.0019461,0.0046015,-0.0044858,0.021089,-0.028792,1,0.0032382,-0.0082349,-0.0015948,-0.001221,0.0024936,-0.0028658,0.0017652,-0.0071712,0.00098802,-0.057724,-0.0008529,0.00051607,-0.00028499,0.0016246
omega_b03,-0.00067075,-0.016072,-0.015151,-0.0028426,-5.851e-05,0.0030461,-0.0035497,0.0066579,-7.3415e-05,-0.0002611,0.0015504,-0.00044232,-0.0014998,0.0024737,0.0067138,-0.022461,0.00072114,-0.0066193,-0.013491,0.001268,-0.01433,nan,0.015284,1.6378e-05,0.0031834,-5.5194e-08,0.010035,-0.0034778,-0.0039826,-0.0040742,-0.0019086,0.013747,0.01383,-0.005207,6.8942e-05,0.0032382,1,-0.048044,-6.604e-05,-0.0018075,0.0027527,-0.0013452,-0.0008167,-0.0033439,0.00055562,9.2048e-05,-0.074571,0.00026955,-0.0018985,0.0019437
omega_b13,-0.00073585,0.0078011,0.0079389,0.0012639,0.00029885,0.0035571,0.021095,-0.049636,-0.00044256,0.0081233,0.00012188,0.0049534,0.00028589,0.001969,-0.025032,0.060899,0.005243,0.011672,0.034364,-0.017526,-0.010956,nan,-0.032345,-3.105e-05,-0.0054881,9.0538e-07,-0.028717,0.012035,0.004949,0.0079805,-0.0018729,-0.0045753,-0.0055388,0.00074251,-0.0010798,-0.0082349,-0.048044,1,-0.00081069,0.0033883,-0.00060893,-0.003703,0.0011602,0.00024176,0.0010067,0.0011039,-0.026456,0.00071017,0.0036484,-0.00075912
omega_b04,-0.0008667,0.00027173,-0.0010123,-0.00542,-0.0014965,0.0021431,-0.00018602,0.0008414,-0.00069045,0.0018555,0.00017416,-0.0010655,-0.00029188,-0.00037182,-0.00025305,-0.00075269,-0.00028204,-0.00087463,-0.00040086,-0.00057478,5.7244e-05,nan,0.00081651,1.1372e-06,-0.00020684,-3.4136e-07,-0.0003557,-0.0035909,-0.000744,0.00036971,-0.00051267,0.00022439,0.0015328,0.0053778,0.00033878,-0.0015948,-6.604e-05,-0.00081069,1,0.0057399,-8.377e-06,0.00091926,-0.0012824,-0.00025605,0.0014471,-0.00057278,6.1083e-05,-0.044724,-2.3946e-05,0.00026638
omega_b14,0.004319,7.669e-05,0.0089579,0.0053365,0.00065747,-0.0048376,-0.0021364,0.0063163,0.00012065,0.010339,-0.0012624,-2.6906e-05,-0.00010397,0.0091556,-0.0010623,0.00014194,0.0016762,-0.0023682,-8.0626e-05,-0.0019558,-0.00093244,nan,0.00094186,2.9924e-06,-0.0007422,-9.7313e-07,0.0023039,-0.007715,-0.0019211,0.0028033,0.00053831,-0.0027685,-0.014995,-0.0013692,-0.0014852,-0.001221,-0.0018075,0.0033883,0.0057399,1,-0.0030612,0.0014448,0.0010326,0.0087665,0.00061772,-0.00030621,0.00095233,-0.13913,0.0022316,-0.0022537
omega_b06,0.0019608,0.0040069,0.0067579,0.0033606,0.00020204,0.0015473,0.0014839,8.0411e-05,0.00021315,-0.0021564,0.079629,-0.014032,0.00065532,0.0009206,0.002315,-0.037779,0.0070085,-4.9023e-05,-0.009254,-3.5932e-05,-0.0018099,nan,0.047187,5.3048e-05,-0.0022346,4.5352e-07,0.0075701,-0.023816,-0.030231,-0.005109,0.0033551,-0.003777,-0.007642,-0.0040452,-0.0044492,0.0024936,0.0027527,-0.00060893,-8.377e-06,-0.0030612,1,-0.047116,0.00012455,0.0044342,0.00108,-0.00022605,-0.0018058,-7.9521e-06,-0.13584,-0.00095053
omega_b16,0.00095157,0.0037485,0.0072216,-0.010078,0.00037241,0.00068458,-4.5862e-05,-0.0035979,0.00025366,-0.0015513,-0.012687,0.004657,-0.00038633,-0.0012311,-0.0022543,-0.0056175,-0.0022448,-0.0018086,0.00037914,0.0014906,0.0029355,nan,0.0093578,4.914e-06,0.0018731,3.6125e-07,0.00056634,-0.0013473,0.0090174,-0.0036164,0.00087119,-0.0018923,-0.0050284,0.014928,-0.0015729,-0.0028658,-0.0013452,-0.003703,0.00091926,0.0014448,-0.047116,1,0.00041478,-0.0004522,0.0010785,0.00015793,0.0014753,3.5975e-05,-0.061488,0.00036555
omega_b07,2.1895e-05,0.0020043,0.0024558,-0.0010618,0.0004997,-0.0012422,0.00024453,-8.8201e-05,0.00029211,-0.0013423,0.00060108,-0.00074157,0.1163,-0.079055,-0.0036447,0.0034864,0.003973,0.00056413,0.0043826,-0.0021069,0.0024915,nan,-0.0034751,2.7973e-06,0.00084595,2.8244e-07,1.5444e-06,-0.0033402,-0.00095046,0.01467,-0.00046505,-8.2719e-06,-0.00094595,-0.0022609,-0.001272,0.0017652,-0.0008167,0.0011602,-0.0012824,0.0010326,0.00012455,0.00041478,1,-0.045951,0.00085979,-0.0005567,0.00013186,0.00023648,-0.00018245,-0.11222
omega_b17,-0.0020288,-0.0068648,-0.011015,0.00086753,-0.0010495,-0.0057241,0.00064524,-0.00044227,-5.4675e-05,0.0038566,0.0011981,-0.0018932,-0.063658,0.18082,-0.014491,0.0099568,-0.0049383,-0.018217,0.010223,-0.015102,0.0094859,nan,-0.012486,1.2111e-05,-0.00025376,1.816e-06,0.00050013,-0.0095207,-0.0068365,0.055831,-0.00027858,0.0011637,0.0048784,-0.001354,8.9744e-06,-0.0071712,-0.0033439,0.00024176,-0.00025605,0.0087665,0.0044342,-0.0004522,-0.045951,1,-0.0027216,0.0026949,0.00076006,-0.0016154,-0.0035881,-0.11332
b_1,-0.021086,0.028867,0.067921,-0.07378,0.00027889,-0.0009214,-0.0016876,0.001204,0.0008287,-0.00037652,0.00078384,-0.00056938,0.00013066,-0.00016636,0.00063125,0.0010809,-0.0021357,-0.0011934,0.020215,-0.0057094,-0.00039257,nan,0.00044814,4.1011e-06,0.0091906,-3.4881e-07,0.00095323,-0.0036922,-0.00023946,0.0034793,-0.082806,-0.022765,-0.061533,0.04477,-0.0015552,0.00098802,0.00055562,0.0010067,0.0014471,0.00061772,0.00108,0.0010785,0.00085979,-0.0027216,1,3.5858e-05,-0.00089088,-0.0013001,0.00045376,0.0003442
a_2,-0.00061136,-0.0018542,-0.0029891,0.0017148,0.0050079,-0.0073288,0.00024769,-0.00025746,0.0001242,0.00069582,-7.8652e-05,-0.00031949,-0.00038295,0.0011382,-0.0022222,-0.00035383,0.00026255,0.0004184,-0.00014494,-0.009937,-0.00028995,nan,-0.00087604,3.3177e-06,0.00024657,1.8336e-07,-0.00049563,-0.00061197,-0.0019585,0.0012858,0.00082591,-0.00012578,0.0014263,-0.00071489,-0.098511,-0.057724,9.2048e-05,0.0011039,-0.00057278,-0.00030621,-0.00022605,0.00015793,-0.0005567,0.0026949,3.5858e-05,1,0.00062645,0.0004259,7.6429e-05,3.5825e-05
a_3,-0.00042679,0.0023682,0.00052927,-0.00045192,-0.0002995,-0.0014336,-0.0056412,0.007875,2.4951e-05,-0.00013282,-0.00045984,1.4738e-05,0.00077723,-0.0011828,-0.01225,0.00045415,0.0026854,0.0063439,0.0046203,-0.0012361,0.0239,nan,-0.0031139,-4.246e-06,0.0013334,1.2738e-06,-0.013285,0.00070192,0.0017383,0.00093919,0.0006682,-0.0024378,-0.00090859,0.0038113,0.00025742,-0.0008529,-0.074571,-0.026456,6.1083e-05,0.00095233,-0.0018058,0.0014753,0.00013186,0.00076006,-0.00089088,0.00062645,1,0.00023374,-0.0010703,-0.001572
a_4,-0.00028459,9.4827e-05,-0.0014402,-0.0018391,-0.00025073,0.0010307,0.0014751,-0.0018253,-0.0025368,0.01169,-0.0004484,0.00065449,0.0013462,-0.005212,0.0005577,0.0035021,-0.0010012,0.0024942,0.00055516,0.0010802,-2.1749e-05,nan,-0.004722,-6.2413e-06,0.0015293,1.0193e-06,-0.0018431,0.010694,0.0028061,-0.002086,0.001345,0.00017376,0.0021918,0.0032406,0.00093055,0.00051607,0.00026955,0.00071017,-0.044724,-0.13913,-7.9521e-06,3.5975e-05,0.00023648,-0.0016154,-0.0013001,0.0004259,0.00023374,1,-0.0003231,-0.00079261
b_6,-0.00044745,-0.0026416,-0.0039413,0.0081937,0.00036888,-0.0021324,-0.00087523,0.00038175,-0.00076268,0.0034859,-0.038398,0.01274,0.00020987,-0.00081612,-0.00058929,0.025529,-0.0063263,-0.0019706,0.0071578,0.00068707,2.2413e-05,nan,-0.03214,-3.84e-05,0.0024081,-5.5857e-08,-0.0061378,0.01778,0.027726,0.0030477,-0.0029874,-0.0009255,-0.0018521,-0.0051884,0.0017954,-0.00028499,-0.0018985,0.0036484,-2.3946e-05,0.0022316,-0.13584,-0.061488,-0.00018245,-0.0035881,0.00045376,7.6429e-05,-0.0010703,-0.0003231,1,0.0014033
b_7,-0.00028826,0.0019781,0.0013846,-0.0040214,0.00024904,0.001485,0.00029632,-0.00037595,0.00066893,-0.0028179,-0.0017069,0.0021009,-0.048754,-0.010924,0.0036722,-0.0020418,-0.0060454,-0.00066613,-0.003664,0.0033561,-0.0025323,nan,0.0021227,-2.1219e-06,-0.001369,-3.0818e-07,0.0012511,0.0013904,0.001481,-0.0075149,0.0020514,-0.00069347,-0.0014938,0.0074396,-0.00096387,0.0016246,0.0019437,-0.00075912,0.00026638,-0.0022537,-0.00095053,0.00036555,-0.11222,-0.11332,0.0003442,3.5825e-05,-0.001572,-0.00079261,0.0014033,1
