b01_pop,1,-0.15881,0.048358,-0.022197,-0.00060913,0.0015794,0.0031628,-0.0023463,-0.00060333,0.00049287,-0.0003731,-0.0007815,0.0011807,-0.0023584,0.021743,-0.029015,-0.002504,0.0051099,0.015338,-0.0040248,-0.024654,-0.011036,nan,0.00085424,nan,nan,-0.0041646,0.01079,-0.0058926,-0.0022241,0.18039,nan,0.005729,-0.0080422,0.0033959,-0.0028761,0.0022913,-0.0017696,-0.0018832,-0.0024725,9.181e-05,-0.0010274,-0.0035937,-0.0020704,0.046253,-0.0018839,-0.0018871,0.0032606,-0.00013758,0.0032769
b11_pop,-0.15881,1,0.63815,-0.49796,0.011866,-0.012597,0.0038728,-0.011482,0.0040332,0.010463,0.0017573,0.0035417,0.0012004,0.0077924,-0.086553,0.074498,0.0062428,-0.015849,-0.026026,0.00047344,0.074495,0.025427,nan,-0.0019956,nan,nan,0.0095314,-0.024089,0.019399,0.005094,0.055845,nan,-0.3768,0.48558,-0.0067399,0.026461,-0.0046057,0.0021325,-0.00097183,-0.0093814,0.013316,-0.005818,0.0001523,-0.010399,-0.15376,0.00071408,0.0016029,0.0080047,-0.0058085,-0.0024283
b21_pop,0.048358,0.63815,1,-0.37843,0.011334,-0.014047,0.0074763,-0.01216,0.0028345,0.011296,0.0014439,0.0019638,0.0037853,0.0061098,-0.039259,0.061984,0.0049731,-0.010053,-0.050458,0.0087742,0.042438,0.011089,nan,-0.00085312,nan,nan,0.0040006,-0.023962,0.01204,0.0021437,0.10749,nan,-0.62382,0.42199,-0.0014803,0.024214,-0.001659,0.0050155,-0.0062062,-0.01728,0.0085673,-0.01218,-0.0023655,-0.00884,-0.079081,-0.002433,-0.00010165,0.010499,0.00080597,0.00011271
a1_pop,-0.022197,-0.49796,-0.37843,1,-0.015006,0.017022,-0.0041607,0.0043232,-0.0041835,-0.005558,-0.0032201,-0.0047758,-0.0021729,0.0006205,0.0081469,-0.014513,-0.0027301,0.0020908,0.024147,-0.00044241,-0.0050773,0.010678,nan,-0.00084283,nan,nan,0.0043857,0.0050663,-0.0014353,0.0023309,-0.14836,nan,0.095831,-0.77198,0.0051862,-0.027819,0.0028146,-0.001557,0.0001024,-0.0035753,-0.020319,0.0057572,0.002036,0.016914,0.014778,-0.0018067,0.0012236,-0.013723,0.012718,-0.0023603
b02_pop,-0.00060913,0.011866,0.011334,-0.015006,1,-0.26467,-0.0011467,0.0034936,-0.00055976,0.0025333,-0.00027989,-0.00021818,-0.00070884,-0.0016935,-0.0014824,0.019531,0.00013197,-0.00060524,-0.01117,0.010953,0.0062598,-0.0033323,nan,0.00024774,nan,nan,-0.0013229,-0.0058679,-0.0012372,-0.00069932,0.0027011,nan,-0.0051424,0.012857,0.00581,0.015499,0.002321,-0.0055296,-0.00010938,-0.0008111,0.0011412,-0.0013548,-0.0031811,-0.0032123,-0.0029578,-0.0074349,0.00073318,0.00071925,0.00080882,0.0017683
b12_pop,0.0015794,-0.012597,-0.014047,0.017022,-0.26467,1,0.00065262,-0.0024261,-0.00038032,-0.0069538,-0.00019197,0.001847,-0.00067549,0.0023012,0.031242,-0.038044,-0.0013515,0.0039152,0.00078128,0.020157,-0.02037,-0.016053,nan,0.0012344,nan,nan,-0.0061997,0.00091781,-0.0047027,-0.0033002,-0.0029445,nan,0.014498,-0.019528,0.00047125,-0.024645,-0.00062188,0.010413,-0.0013032,0.00089293,-0.00090602,0.0031304,0.0012123,0.0028841,0.0032569,0.0078496,-0.0012662,-0.0016809,-0.00067829,-0.0014692
b03_pop,0.0031628,0.0038728,0.0074763,-0.0041607,-0.0011467,0.00065262,1,-0.16042,1.002e-05,-0.0020245,0.00053112,0.0018325,-0.00021422,0.00066989,0.0067506,-0.044688,-0.0010275,0.0024635,0.023927,-0.0025545,-0.013177,-0.0062438,nan,0.00047597,nan,nan,-0.0023757,0.0091042,-0.0020932,-0.0012684,0.0034093,nan,-0.0089961,0.0058018,-0.00049187,0.0021768,0.0017872,0.027541,2.5065e-06,0.0021076,0.0010302,4.1391e-05,-0.00055479,-0.001265,0.00079223,-0.00061552,-0.0095025,-0.00099931,-0.00085835,-0.0020429
b13_pop,-0.0023463,-0.011482,-0.01216,0.0043232,0.0034936,-0.0024261,-0.16042,1,0.0012369,0.0032117,-0.0011326,0.00060937,0.00084388,0.0020475,-0.1282,0.12624,0.0078372,-0.020193,-0.020555,-0.0049431,0.10356,0.049102,nan,-0.0038327,nan,nan,0.018726,-0.028237,0.020706,0.0099945,-0.0042113,nan,0.013197,-0.0073301,0.0037565,0.00077684,0.008504,-0.086966,0.0022748,-0.0010857,-0.0018682,0.0021809,0.0018328,0.0043473,0.00071026,9.1754e-05,0.020138,-0.0024055,0.0018345,0.0013233
b04_pop,-0.00060333,0.0040332,0.0028345,-0.0041835,-0.00055976,-0.00038032,1.002e-05,0.0012369,1,-0.11937,0.0003736,0.00015859,-0.00056158,0.00059454,-0.0035832,0.016227,0.00017761,-0.012063,-0.0086566,-0.00064214,0.00847,0.010592,nan,-0.00081649,nan,nan,0.0041491,-0.003462,0.0025712,0.0022085,0.00049734,nan,-0.0038223,0.0037552,-0.00037209,-0.00094315,0.00016606,-0.0022488,0.0027909,7.5937e-05,-0.0011107,-0.00014302,-3.9918e-05,0.00055574,-0.0014277,-8.1969e-05,0.00029888,-0.0013578,-8.7524e-05,0.00017527
b14_pop,0.00049287,0.010463,0.011296,-0.005558,0.0025333,-0.0069538,-0.0020245,0.0032117,-0.11937,1,0.0018656,0.0067499,-0.00064815,0.00032406,0.057092,-0.060459,-0.054451,0.043453,0.032391,-0.021859,-0.052722,-0.0021239,nan,-0.00036995,nan,nan,0.0025282,0.051948,-0.017286,0.0012988,-0.00053712,nan,-0.0056485,0.010251,-0.00066196,0.0057101,0.0037083,0.014291,-0.0057795,-0.0060364,0.0039086,0.002712,-0.00070174,-0.00055059,0.0029412,0.00069687,-0.0032335,0.0018329,0.00025779,0.00034722
b05_pop,-0.0003731,0.0017573,0.0014439,-0.0032201,-0.00027989,-0.00019197,0.00053112,-0.0011326,0.0003736,0.0018656,1,-0.15671,7.5011e-05,-0.00039095,0.0034363,-0.0023145,-0.0024072,0.023622,0.00063333,-0.0014367,-0.0040374,-0.002675,nan,0.00018307,nan,nan,-0.00089921,0.003923,-0.00069334,-0.00048156,0.00086734,nan,-0.00026805,0.0039419,-0.0018613,-0.0018676,0.00083684,0.00087327,-3.7577e-06,-0.0010713,0.043544,-0.0018862,4.5766e-05,-0.002446,0.00023444,0.0014527,0.00066473,-0.00036411,-0.017618,0.00078278
b15_pop,-0.0007815,0.0035417,0.0019638,-0.0047758,-0.00021818,0.001847,0.0018325,0.00060937,0.00015859,0.0067499,-0.15671,1,0.00058933,-0.00084127,-0.014697,0.01156,0.088716,-0.055422,-0.013792,0.006859,0.020993,0.01755,nan,-0.00035593,nan,nan,0.0015761,-0.033424,0.00053416,0.00087585,-0.0013194,nan,-0.00024853,0.0033526,-0.00011591,0.0017166,-0.0019142,-0.00084315,0.00058564,-0.00051518,-0.02069,0.057031,-0.0013542,0.0016135,-0.00087131,-0.001303,0.0020603,-0.0024372,-0.00064468,-0.00014446
b06_pop,0.0011807,0.0012004,0.0037853,-0.0021729,-0.00070884,-0.00067549,-0.00021422,0.00084388,-0.00056158,-0.00064815,7.5011e-05,0.00058933,1,-0.1724,-0.00079789,0.0013806,0.00054102,-0.00049131,-0.0028408,0.00049137,0.0013786,0.000429,nan,-2.8495e-05,nan,nan,0.00013418,-0.00091452,0.00065953,7.1783e-05,-0.0017121,nan,-0.0030575,0.0031454,0.00051744,-0.0021083,-0.00062664,0.0015992,0.00036763,-0.0036843,0.0027475,-0.0010088,0.057996,-0.032166,0.0015249,0.0001902,-0.00036478,0.0010964,-0.00046509,-0.021722
b16_pop,-0.0023584,0.0077924,0.0061098,0.0006205,-0.0016935,0.0023012,0.00066989,0.0020475,0.00059454,0.00032406,-0.00039095,-0.00084127,-0.1724,1,0.0013621,-0.0017387,-0.00036647,0.00076216,0.0033694,-0.00067647,-0.0026533,-0.0018364,nan,0.0001403,nan,nan,-0.00069508,0.002001,-0.0023877,-0.00037041,0.0018588,nan,-0.0035646,-5.9895e-05,-0.0046301,0.004229,0.00061618,-0.0037334,-0.00017498,0.0027468,-0.0029377,-0.00032258,-0.028881,0.093237,-0.0028534,0.0019633,0.0015179,-0.0012251,0.00016113,-0.010609
p1_pop,0.021743,-0.086553,-0.039259,0.0081469,-0.0014824,0.031242,0.0067506,-0.1282,-0.0035832,0.057092,0.0034363,-0.014697,-0.00079789,0.0013621,1,-0.48811,-0.060135,0.16355,-0.083843,-0.065966,-0.89031,-0.29683,nan,0.023641,nan,nan,-0.11228,0.21831,-0.17432,-0.060031,0.0044729,nan,0.044281,-0.026221,-0.012445,-0.014647,0.04828,0.033813,-0.020044,-0.010494,-0.0018914,-0.0073406,-0.0016894,-0.0020446,0.02251,0.0058051,-0.029625,0.023037,0.0033961,0.0027015
g1_pop,-0.029015,0.074498,0.061984,-0.014513,0.019531,-0.038044,-0.044688,0.12624,0.016227,-0.060459,-0.0023145,0.01156,0.0013806,-0.0017387,-0.48811,1,0.047165,-0.10208,-0.31218,0.040125,0.45546,0.29339,nan,-0.022502,nan,nan,0.11205,-0.20328,0.088452,0.059774,-0.0085956,nan,-0.044993,-0.0071487,-0.0012769,0.014689,-0.042808,0.028681,0.0069626,0.01387,-0.0012775,0.0044394,0.0021589,0.0043494,-0.033043,-0.0011207,0.016166,-0.017834,-0.0011848,-0.0023298
p2_pop,-0.002504,0.0062428,0.0049731,-0.0027301,0.00013197,-0.0013515,-0.0010275,0.0078372,0.00017761,-0.054451,-0.0024072,0.088716,0.00054102,-0.00036647,-0.060135,0.047165,1,-0.20815,-0.078689,0.0047343,0.084006,0.072874,nan,0.0058711,nan,nan,-0.031178,-0.11042,0.11699,-0.016363,0.00021962,nan,-0.0021958,-0.0012423,0.0012428,0.00077681,-0.0054062,-0.0064358,0.0038197,0.0046535,0.0017234,0.019936,0.00023294,0.00077855,-0.0050615,-0.00059043,0.0033653,-0.0038684,-0.0045047,-0.00036481
g2_pop,0.0051099,-0.015849,-0.010053,0.0020908,-0.00060524,0.0039152,0.0024635,-0.020193,-0.012063,0.043453,0.023622,-0.055422,-0.00049131,0.00076216,0.16355,-0.10208,-0.20815,1,0.062636,-0.037804,-0.20055,-0.15541,nan,0.0097401,nan,nan,-0.048092,0.10457,-0.27785,-0.025643,0.00088171,nan,0.0087208,0.00075522,-0.0052998,-0.0021033,0.011698,0.01385,-0.0088709,-0.0022541,-0.0019064,-0.0093885,-0.00010645,-0.001248,0.0062904,0.0022707,-0.0073446,0.0088882,0.0037425,0.0010008
alpha11_pop,0.015338,-0.026026,-0.050458,0.024147,-0.01117,0.00078128,0.023927,-0.020555,-0.0086566,0.032391,0.00063333,-0.013792,-0.0028408,0.0033694,-0.083843,-0.31218,-0.078689,0.062636,1,-0.3203,-0.16561,-0.070095,nan,0.0047181,nan,nan,-0.022639,0.35198,-0.065517,-0.012185,-0.0092266,nan,0.015104,0.020501,-0.0021008,-0.0013989,0.018371,0.0097247,-0.0042961,0.0016947,0.0013488,-0.0059352,-0.0026693,-0.0073974,0.050964,-0.00086653,-0.0072087,0.0098675,0.00094848,0.0045517
alpha12_pop,-0.0040248,0.00047344,0.0087742,-0.00044241,0.010953,0.020157,-0.0025545,-0.0049431,-0.00064214,-0.021859,-0.0014367,0.006859,0.00049137,-0.00067647,-0.065966,0.040125,0.0047343,-0.037804,-0.3203,1,0.27558,-0.26069,nan,0.019102,nan,nan,-0.10265,-0.32817,-0.040673,-0.054285,0.0016954,nan,-0.0030639,-0.010588,0.023689,-0.0073045,-0.020035,-0.039493,0.0048114,-0.0014616,-0.0014672,0.00031522,0.00056037,0.0027488,-0.01273,-0.0048987,0.01205,-0.0046725,-0.00013368,-0.0025801
alpha13_pop,-0.024654,0.074495,0.042438,-0.0050773,0.0062598,-0.02037,-0.013177,0.10356,0.00847,-0.052722,-0.0040374,0.020993,0.0013786,-0.0026533,-0.89031,0.45546,0.084006,-0.20055,-0.16561,0.27558,1,0.44033,nan,-0.034571,nan,nan,0.1674,-0.35953,0.22038,0.089416,-0.0070127,nan,-0.039471,0.0035558,0.018705,0.01127,-0.060591,-0.064005,0.024584,0.0063796,0.0018012,0.0094253,0.0019393,0.0038197,-0.023865,-0.0071013,0.036404,-0.030808,-0.0040322,-0.0039739
alpha14_pop,-0.011036,0.025427,0.011089,0.010678,-0.0033323,-0.016053,-0.0062438,0.049102,0.010592,-0.0021239,-0.002675,0.01755,0.000429,-0.0018364,-0.29683,0.29339,0.072874,-0.15541,-0.070095,-0.26069,0.44033,1,nan,-0.076239,nan,nan,0.38885,-0.15058,0.24188,0.20691,-0.0050741,nan,-0.010707,-0.02446,0.018209,0.0068134,-0.02247,-0.029508,0.030862,0.0024012,0.0022479,0.0071736,0.00077062,0.002063,-0.0084724,-0.0085629,0.014372,-0.040229,-0.0027712,-0.0014949
alpha15_pop,nan,nan,nan,nan,nan,nan,nan,nan,nan,nan,nan,nan,nan,nan,nan,nan,nan,nan,nan,nan,nan,nan,nan,nan,nan,nan,nan,nan,nan,nan,nan,nan,nan,nan,nan,nan,nan,nan,nan,nan,nan,nan,nan,nan,nan,nan,nan,nan,nan,nan
alpha16_pop,0.00085424,-0.0019956,-0.00085312,-0.00084283,0.00024774,0.0012344,0.00047597,-0.0038327,-0.00081649,-0.00036995,0.00018307,-0.00035593,-2.8495e-05,0.0001403,0.023641,-0.022502,0.0058711,0.0097401,0.0047181,0.019102,-0.034571,-0.076239,nan,1,nan,nan,-0.19392,0.011162,-0.017343,-0.18831,0.00040006,nan,0.00085645,0.0018446,-0.0014242,-0.00052717,0.0017638,0.0023202,-0.002365,-0.00013832,-0.00015319,-0.00033079,-5.963e-05,-0.00015616,0.00063036,0.00066329,-0.0011279,0.0030922,0.00016533,0.00011767
alpha21_pop,nan,nan,nan,nan,nan,nan,nan,nan,nan,nan,nan,nan,nan,nan,nan,nan,nan,nan,nan,nan,nan,nan,nan,nan,nan,nan,nan,nan,nan,nan,nan,nan,nan,nan,nan,nan,nan,nan,nan,nan,nan,nan,nan,nan,nan,nan,nan,nan,nan,nan
alpha22_pop,nan,nan,nan,nan,nan,nan,nan,nan,nan,nan,nan,nan,nan,nan,nan,nan,nan,nan,nan,nan,nan,nan,nan,nan,nan,nan,nan,nan,nan,nan,nan,nan,nan,nan,nan,nan,nan,nan,nan,nan,nan,nan,nan,nan,nan,nan,nan,nan,nan,nan
alpha23_pop,-0.0041646,0.0095314,0.0040006,0.0043857,-0.0013229,-0.0061997,-0.0023757,0.018726,0.0041491,0.0025282,-0.00089921,0.0015761,0.00013418,-0.00069508,-0.11228,0.11205,-0.031178,-0.048092,-0.022639,-0.10265,0.1674,0.38885,nan,-0.19392,nan,nan,1,-0.051496,0.086844,0.53175,-0.0020064,nan,-0.0040266,-0.0095726,0.0070926,0.0026175,-0.0084682,-0.011202,0.011889,0.00067011,0.00076181,0.0016233,0.00028845,0.00076083,-0.0029936,-0.0033321,0.0054234,-0.015557,-0.0008061,-0.00056144
alpha24_pop,0.01079,-0.024089,-0.023962,0.0050663,-0.0058679,0.00091781,0.0091042,-0.028237,-0.003462,0.051948,0.003923,-0.033424,-0.00091452,0.002001,0.21831,-0.20328,-0.11042,0.10457,0.35198,-0.32817,-0.35953,-0.15058,nan,0.011162,nan,nan,-0.051496,1,0.0031944,-0.028041,-0.00029329,nan,0.014154,0.0090587,-0.011359,-0.0013852,0.023932,0.027759,-0.021373,0.0040714,0.0013049,0.0027496,-0.0013564,-0.0045858,0.021663,0.0031655,-0.01377,0.035761,-0.0012136,0.0029191
alpha25_pop,-0.0058926,0.019399,0.01204,-0.0014353,-0.0012372,-0.0047027,-0.0020932,0.020706,0.0025712,-0.017286,-0.00069334,0.00053416,0.00065953,-0.0023877,-0.17432,0.088452,0.11699,-0.27785,-0.065517,-0.040673,0.22038,0.24188,nan,-0.017343,nan,nan,0.086844,0.0031944,1,0.046004,-0.00068204,nan,-0.010605,-0.0016426,0.0063189,0.0026945,-0.0108,-0.01659,0.0072314,-0.0026134,0.015674,0.011779,-0.0010496,0.00021182,-0.0066017,-0.0032529,0.0085454,-0.0053308,-0.013076,-0.0016125
alpha26_pop,-0.0022241,0.005094,0.0021437,0.0023309,-0.00069932,-0.0033002,-0.0012684,0.0099945,0.0022085,0.0012988,-0.00048156,0.00087585,7.1783e-05,-0.00037041,-0.060031,0.059774,-0.016363,-0.025643,-0.012185,-0.054285,0.089416,0.20691,nan,-0.18831,nan,nan,0.53175,-0.028041,0.046004,1,-0.0010688,nan,-0.0021551,-0.0050926,0.0037835,0.0013941,-0.0045279,-0.005985,0.0063394,0.00035731,0.00040146,0.00086378,0.00015469,0.00040769,-0.0016052,-0.0017755,0.0028986,-0.0082996,-0.00042658,-0.00030051
omega_b01,0.18039,0.055845,0.10749,-0.14836,0.0027011,-0.0029445,0.0034093,-0.0042113,0.00049734,-0.00053712,0.00086734,-0.0013194,-0.0017121,0.0018588,0.0044729,-0.0085956,0.00021962,0.00088171,-0.0092266,0.0016954,-0.0070127,-0.0050741,nan,0.00040006,nan,nan,-0.0020064,-0.00029329,-0.00068204,-0.0010688,1,nan,-0.042708,0.12046,-0.00060379,0.0025354,0.0011651,-0.003312,-0.0013331,-0.0080329,0.0039807,-0.0027679,-0.0017291,-0.0078145,-0.16685,0.00028938,0.00039775,0.0047673,0.000136,0.0019677
omega_b11,nan,nan,nan,nan,nan,nan,nan,nan,nan,nan,nan,nan,nan,nan,nan,nan,nan,nan,nan,nan,nan,nan,nan,nan,nan,nan,nan,nan,nan,nan,nan,nan,nan,nan,nan,nan,nan,nan,nan,nan,nan,nan,nan,nan,nan,nan,nan,nan,nan,nan
omega_b21,0.005729,-0.3768,-0.62382,0.095831,-0.0051424,0.014498,-0.0089961,0.013197,-0.0038223,-0.0056485,-0.00026805,-0.00024853,-0.0030575,-0.0035646,0.044281,-0.044993,-0.0021958,0.0087208,0.015104,-0.0030639,-0.039471,-0.010707,nan,0.00085645,nan,nan,-0.0040266,0.014154,-0.010605,-0.0021551,-0.042708,nan,1,-0.28991,-0.0079127,-0.012996,0.0032417,-0.0049712,0.0044793,0.019169,-0.004473,0.0108,0.00093802,0.0041914,0.063564,0.0061184,-0.0004548,-0.0017901,-0.00124,0.0016725
omega_a1,-0.0080422,0.48558,0.42199,-0.77198,0.012857,-0.019528,0.0058018,-0.0073301,0.0037552,0.010251,0.0039419,0.0033526,0.0031454,-5.9895e-05,-0.026221,-0.0071487,-0.0012423,0.00075522,0.020501,-0.010588,0.0035558,-0.02446,nan,0.0018446,nan,nan,-0.0095726,0.0090587,-0.0016426,-0.0050926,0.12046,nan,-0.28991,1,-0.0040926,0.028824,-0.0028346,0.003782,-0.00086939,-0.0018118,0.024349,-0.010131,-0.0028314,-0.017412,-0.062305,0.00012305,-0.0019291,0.014454,-0.0092795,0.0015205
omega_b02,0.0033959,-0.0067399,-0.0014803,0.0051862,0.00581,0.00047125,-0.00049187,0.0037565,-0.00037209,-0.00066196,-0.0018613,-0.00011591,0.00051744,-0.0046301,-0.012445,-0.0012769,0.0012428,-0.0052998,-0.0021008,0.023689,0.018705,0.018209,nan,-0.0014242,nan,nan,0.0070926,-0.011359,0.0063189,0.0037835,-0.00060379,nan,-0.0079127,-0.0040926,1,-0.072053,0.0014697,-0.0035684,-0.0014459,-0.0040752,-0.0025135,-0.0003745,0.00085497,0.0029409,0.0024143,-0.13247,0.0024608,-0.00070384,0.00039307,-0.0020139
omega_b12,-0.0028761,0.026461,0.024214,-0.027819,0.015499,-0.024645,0.0021768,0.00077684,-0.00094315,0.0057101,-0.0018676,0.0017166,-0.0021083,0.004229,-0.014647,0.014689,0.00077681,-0.0021033,-0.0013989,-0.0073045,0.01127,0.0068134,nan,-0.00052717,nan,nan,0.0026175,-0.0013852,0.0026945,0.0013941,0.0025354,nan,-0.012996,0.028824,-0.072053,1,0.0023495,-0.001179,0.00061087,0.002242,0.0020841,-0.0033287,-0.002873,-0.0035872,-0.0047923,-0.040723,0.00057341,-0.00024742,-0.0013356,-0.00068977
omega_b03,0.0022913,-0.0046057,-0.001659,0.0028146,0.002321,-0.00062188,0.0017872,0.008504,0.00016606,0.0037083,0.00083684,-0.0019142,-0.00062664,0.00061618,0.04828,-0.042808,-0.0054062,0.011698,0.018371,-0.020035,-0.060591,-0.02247,nan,0.0017638,nan,nan,-0.0084682,0.023932,-0.0108,-0.0045279,0.0011651,nan,0.0032417,-0.0028346,0.0014697,0.0023495,1,-0.048843,-0.0012271,0.00065071,-0.00013006,-0.00031414,-0.0010439,-0.002007,9.441e-05,-0.00096279,-0.078903,0.0019511,0.0013685,0.0022578
omega_b13,-0.0017696,0.0021325,0.0050155,-0.001557,-0.0055296,0.010413,0.027541,-0.086966,-0.0022488,0.014291,0.00087327,-0.00084315,0.0015992,-0.0037334,0.033813,0.028681,-0.0064358,0.01385,0.0097247,-0.039493,-0.064005,-0.029508,nan,0.0023202,nan,nan,-0.011202,0.027759,-0.01659,-0.005985,-0.003312,nan,-0.0049712,0.003782,-0.0035684,-0.001179,-0.048843,1,-0.0013658,-0.0019528,-0.00062515,-0.0030471,0.00068918,-0.00039591,0.0016136,0.00085878,-0.060162,0.0015935,0.00046616,0.00054097
omega_b04,-0.0018832,-0.00097183,-0.0062062,0.0001024,-0.00010938,-0.0013032,2.5065e-06,0.0022748,0.0027909,-0.0057795,-3.7577e-06,0.00058564,0.00036763,-0.00017498,-0.020044,0.0069626,0.0038197,-0.0088709,-0.0042961,0.0048114,0.024584,0.030862,nan,-0.002365,nan,nan,0.011889,-0.021373,0.0072314,0.0063394,-0.0013331,nan,0.0044793,-0.00086939,-0.0014459,0.00061087,-0.0012271,-0.0013658,1,-0.0047128,0.00077543,0.00091102,0.00092661,-0.0004689,0.00018556,0.00072995,0.0014284,-0.054744,-0.00061093,-0.00095642
omega_b14,-0.0024725,-0.0093814,-0.01728,-0.0035753,-0.0008111,0.00089293,0.0021076,-0.0010857,7.5937e-05,-0.0060364,-0.0010713,-0.00051518,-0.0036843,0.0027468,-0.010494,0.01387,0.0046535,-0.0022541,0.0016947,-0.0014616,0.0063796,0.0024012,nan,-0.00013832,nan,nan,0.00067011,0.0040714,-0.0026134,0.00035731,-0.0080329,nan,0.019169,-0.0018118,-0.0040752,0.002242,0.00065071,-0.0019528,-0.0047128,1,-0.0030819,0.0018992,-0.0031428,-0.003079,0.0050985,0.0014412,-0.00086306,-0.097655,0.00086446,0.0027314
omega_b05,9.181e-05,0.013316,0.0085673,-0.020319,0.0011412,-0.00090602,0.0010302,-0.0018682,-0.0011107,0.0039086,0.043544,-0.02069,0.0027475,-0.0029377,-0.0018914,-0.0012775,0.0017234,-0.0019064,0.0013488,-0.0014672,0.0018012,0.0022479,nan,-0.00015319,nan,nan,0.00076181,0.0013049,0.015674,0.00040146,0.0039807,nan,-0.004473,0.024349,-0.0025135,0.0020841,-0.00013006,-0.00062515,0.00077543,-0.0030819,1,-0.017512,-0.0018234,-0.0011957,-0.001349,6.2213e-05,0.0011496,0.0008314,-0.12616,1.0545e-05
omega_b15,-0.0010274,-0.005818,-0.01218,0.0057572,-0.0013548,0.0031304,4.1391e-05,0.0021809,-0.00014302,0.002712,-0.0018862,0.057031,-0.0010088,-0.00032258,-0.0073406,0.0044394,0.019936,-0.0093885,-0.0059352,0.00031522,0.0094253,0.0071736,nan,-0.00033079,nan,nan,0.0016233,0.0027496,0.011779,0.00086378,-0.0027679,nan,0.0108,-0.010131,-0.0003745,-0.0033287,-0.00031414,-0.0030471,0.00091102,0.0018992,-0.017512,1,-0.000219,-0.00038161,0.0013083,0.00090171,0.00019561,-0.0016833,-0.093716,0.000163
omega_b06,-0.0035937,0.0001523,-0.0023655,0.002036,-0.0031811,0.0012123,-0.00055479,0.0018328,-3.9918e-05,-0.00070174,4.5766e-05,-0.0013542,0.057996,-0.028881,-0.0016894,0.0021589,0.00023294,-0.00010645,-0.0026693,0.00056037,0.0019393,0.00077062,nan,-5.963e-05,nan,nan,0.00028845,-0.0013564,-0.0010496,0.00015469,-0.0017291,nan,0.00093802,-0.0028314,0.00085497,-0.002873,-0.0010439,0.00068918,0.00092661,-0.0031428,-0.0018234,-0.000219,1,-0.0023844,-0.003128,-8.0131e-05,0.0020235,-0.0029469,0.00065994,-0.14223
omega_b16,-0.0020704,-0.010399,-0.00884,0.016914,-0.0032123,0.0028841,-0.001265,0.0043473,0.00055574,-0.00055059,-0.002446,0.0016135,-0.032166,0.093237,-0.0020446,0.0043494,0.00077855,-0.001248,-0.0073974,0.0027488,0.0038197,0.002063,nan,-0.00015616,nan,nan,0.00076083,-0.0045858,0.00021182,0.00040769,-0.0078145,nan,0.0041914,-0.017412,0.0029409,-0.0035872,-0.002007,-0.00039591,-0.0004689,-0.003079,-0.0011957,-0.00038161,-0.0023844,1,0.0031373,-0.00082501,0.0016626,0.00032784,-0.00055352,-0.069193
b_1,0.046253,-0.15376,-0.079081,0.014778,-0.0029578,0.0032569,0.00079223,0.00071026,-0.0014277,0.0029412,0.00023444,-0.00087131,0.0015249,-0.0028534,0.02251,-0.033043,-0.0050615,0.0062904,0.050964,-0.01273,-0.023865,-0.0084724,nan,0.00063036,nan,nan,-0.0029936,0.021663,-0.0066017,-0.0016052,-0.16685,nan,0.063564,-0.062305,0.0024143,-0.0047923,9.441e-05,0.0016136,0.00018556,0.0050985,-0.001349,0.0013083,-0.003128,0.0031373,1,-0.0016883,-0.0026891,-3.6836e-05,-0.0036973,0.00286
a_2,-0.0018839,0.00071408,-0.002433,-0.0018067,-0.0074349,0.0078496,-0.00061552,9.1754e-05,-8.1969e-05,0.00069687,0.0014527,-0.001303,0.0001902,0.0019633,0.0058051,-0.0011207,-0.00059043,0.0022707,-0.00086653,-0.0048987,-0.0071013,-0.0085629,nan,0.00066329,nan,nan,-0.0033321,0.0031655,-0.0032529,-0.0017755,0.00028938,nan,0.0061184,0.00012305,-0.13247,-0.040723,-0.00096279,0.00085878,0.00072995,0.0014412,6.2213e-05,0.00090171,-8.0131e-05,-0.00082501,-0.0016883,1,-9.6886e-06,0.00036569,0.00042601,0.0012458
a_3,-0.0018871,0.0016029,-0.00010165,0.0012236,0.00073318,-0.0012662,-0.0095025,0.020138,0.00029888,-0.0032335,0.00066473,0.0020603,-0.00036478,0.0015179,-0.029625,0.016166,0.0033653,-0.0073446,-0.0072087,0.01205,0.036404,0.014372,nan,-0.0011279,nan,nan,0.0054234,-0.01377,0.0085454,0.0028986,0.00039775,nan,-0.0004548,-0.0019291,0.0024608,0.00057341,-0.078903,-0.060162,0.0014284,-0.00086306,0.0011496,0.00019561,0.0020235,0.0016626,-0.0026891,-9.6886e-06,1,-0.0013056,-0.00098025,-0.0033121
a_4,0.0032606,0.0080047,0.010499,-0.013723,0.00071925,-0.0016809,-0.00099931,-0.0024055,-0.0013578,0.0018329,-0.00036411,-0.0024372,0.0010964,-0.0012251,0.023037,-0.017834,-0.0038684,0.0088882,0.0098675,-0.0046725,-0.030808,-0.040229,nan,0.0030922,nan,nan,-0.015557,0.035761,-0.0053308,-0.0082996,0.0047673,nan,-0.0017901,0.014454,-0.00070384,-0.00024742,0.0019511,0.0015935,-0.054744,-0.097655,0.0008314,-0.0016833,-0.0029469,0.00032784,-3.6836e-05,0.00036569,-0.0013056,1,0.00066057,0.00084991
b_5,-0.00013758,-0.0058085,0.00080597,0.012718,0.00080882,-0.00067829,-0.00085835,0.0018345,-8.7524e-05,0.00025779,-0.017618,-0.00064468,-0.00046509,0.00016113,0.0033961,-0.0011848,-0.0045047,0.0037425,0.00094848,-0.00013368,-0.0040322,-0.0027712,nan,0.00016533,nan,nan,-0.0008061,-0.0012136,-0.013076,-0.00042658,0.000136,nan,-0.00124,-0.0092795,0.00039307,-0.0013356,0.0013685,0.00046616,-0.00061093,0.00086446,-0.12616,-0.093716,0.00065994,-0.00055352,-0.0036973,0.00042601,-0.00098025,0.00066057,1,0.0010968
b_6,0.0032769,-0.0024283,0.00011271,-0.0023603,0.0017683,-0.0014692,-0.0020429,0.0013233,0.00017527,0.00034722,0.00078278,-0.00014446,-0.021722,-0.010609,0.0027015,-0.0023298,-0.00036481,0.0010008,0.0045517,-0.0025801,-0.0039739,-0.0014949,nan,0.00011767,nan,nan,-0.00056144,0.0029191,-0.0016125,-0.00030051,0.0019677,nan,0.0016725,0.0015205,-0.0020139,-0.00068977,0.0022578,0.00054097,-0.00095642,0.0027314,1.0545e-05,0.000163,-0.14223,-0.069193,0.00286,0.0012458,-0.0033121,0.00084991,0.0010968,1
