b01_pop,1,-0.091489,0.13134,-0.083843,-0.0017624,0.0031494,0.00041401,0.00084187,-8.0401e-05,-6.7775e-05,-0.0012402,0.00098946,-0.0039076,0.0011817,0.0011281,8.502e-05,0.0057902,-0.013396,0.0058265,0.0028368,0.0035253,0.0021974,-0.0077852,-0.00013872,-7.3177e-05,-1.1817e-05,nan,-0.020254,-0.00011046,0.0016115,0.0054104,-0.00014492,-0.0020155,-6.2501e-05,nan,0.039509,-0.11205,0.11254,0.003063,0.0018882,0.00054062,-6.6989e-05,-0.0004,0.0062943,0.0019833,0.0015861,-0.0089199,0.0056594,0.0016014,0.0052493,nan,-0.00059917,-0.0042982,0.0037963,-0.0071166,6.7178e-05,-0.0019174
b11_pop,-0.091489,1,0.75855,-0.2917,-0.020025,0.027343,0.012577,-0.017782,0.0037487,0.0097219,-0.012728,-0.0058821,-0.0047129,0.0055444,0.0014535,-0.0030925,-0.079253,0.027692,0.066972,-0.021697,0.13592,-0.030697,0.033799,1.2674e-05,0.00054253,0.00012111,nan,0.012297,-0.0018701,0.02854,0.016034,-0.00066195,-0.0084245,7.3736e-05,nan,-0.74458,-0.60431,0.50021,0.010285,0.0031111,-0.014117,0.023202,-0.0015407,0.017178,-0.013096,0.024953,-0.021404,-0.010394,0.0042752,0.0065811,nan,-0.0036921,-0.026173,0.0089181,-0.0023556,-0.00063383,0.003664
b21_pop,0.13134,0.75855,1,-0.31906,-0.020928,0.030981,0.013084,-0.011838,0.003778,0.0094164,-0.013912,-0.00629,-0.0068022,0.0056036,-0.00013621,0.0039833,-0.063188,0.02266,0.064787,-0.031666,0.12208,-0.02904,0.024645,-0.0012787,-0.00015683,0.0013769,nan,-0.036054,-0.00036048,0.022472,0.016063,0.0011913,-0.011444,0.0031957,nan,-0.61309,-0.77268,0.52495,0.011501,0.0032283,-0.011339,0.029573,-0.0021449,0.021709,-0.017256,0.026754,-0.030162,-0.0018732,0.005195,0.0113,nan,-0.0026728,-0.034023,0.012878,-0.006408,-0.002488,0.00039304
a1_pop,-0.083843,-0.2917,-0.31906,1,0.0025012,0.0053059,-0.0052558,0.0069438,-0.0024093,-0.0086275,0.0079968,-5.5239e-05,0.012643,-0.0054441,-0.0054235,0.0013317,0.031666,-0.013494,-0.037896,0.021033,-0.060614,0.01428,-0.0019773,0.00077682,0.00025392,-0.00061233,nan,0.040328,0.00052967,-0.016679,-0.014753,-0.0003356,0.0082262,-0.0010931,nan,0.012249,0.10971,-0.67517,-0.0073627,0.00054242,-0.00054032,-0.020432,-0.0012923,-0.0026259,0.0016005,-0.020359,0.010797,-0.0018197,-0.0029349,-0.0093159,nan,0.0079334,0.0089446,-0.0086278,0.0057937,0.0036031,0.0007017
b02_pop,-0.0017624,-0.020025,-0.020928,0.0025012,1,-0.26489,-0.00023821,-6.1447e-05,-0.00047794,0.0014164,-0.00081496,0.0028874,-0.00060142,-0.0021858,-0.0010057,0.0071165,-0.014123,0.033931,0.0012949,-0.00097995,0.010226,-0.011663,0.006733,-0.00052274,-7.7671e-05,0.00073516,nan,-0.00014271,0.00072855,0.0012963,-0.00092664,0.0010905,-0.00029054,0.00208,nan,0.018982,0.017564,-0.011501,-0.017991,-0.018206,0.0020674,-0.0057271,-0.00070096,-0.0016348,0.00054385,-0.0030367,0.00085465,-0.00257,-0.0015236,0.0025589,nan,0.010278,0.00098345,0.0017045,-4.6558e-05,-0.00029445,0.00082052
b12_pop,0.0031494,0.027343,0.030981,0.0053059,-0.26489,1,-7.5963e-06,0.010554,0.00017572,-2.3294e-05,0.0018093,-0.0038388,-0.00052558,0.0040235,-0.00082091,-0.0020228,0.075245,-0.063774,-0.0028259,-0.0010432,-0.040264,0.042324,-0.032138,0.0015521,-0.00010831,-0.0020829,nan,0.00025692,-0.0012435,0.0026737,0.0027964,-0.0033723,0.0035506,-0.0061853,nan,-0.027646,-0.02718,0.0053746,0.00076195,0.041214,0.0005379,0.016208,-0.00027206,-0.0018733,-0.00066298,0.0039728,-0.00213,0.0043716,0.0020483,-0.00027008,nan,-0.0080519,-0.0031091,-0.00062923,0.00028805,0.00080703,-0.0014184
b03_pop,0.00041401,0.012577,0.013084,-0.0052558,-0.00023821,-7.5963e-06,1,-0.17192,-0.00075811,0.0021985,-0.00024355,-0.00071493,-0.0020843,0.0015205,0.00011948,-0.0010005,0.017293,-0.038243,-0.014026,0.016455,-0.010651,0.0083432,-0.0063967,0.00034939,-6.7906e-05,-0.00041298,nan,0.0018583,-7.4539e-05,-0.0042477,0.0034863,-0.00070011,0.0025318,-0.0013557,nan,-0.0078319,-0.0070302,0.0027713,0.00069113,-0.00046873,-0.0143,0.0065057,0.00023251,-0.0027874,-0.00016744,-0.002946,-0.0003035,-0.00078555,-8.9433e-05,0.0010025,nan,-0.00092062,0.0023796,0.00080651,0.0013101,0.001183,-0.00014188
b13_pop,0.00084187,-0.017782,-0.011838,0.0069438,-6.1447e-05,0.010554,-0.17192,1,-9.4324e-05,0.0013593,0.00031923,-0.0021558,0.0028122,0.00024936,-0.00063749,0.0044132,-0.074815,0.10114,0.064411,-0.043731,0.045658,-0.01677,0.0071329,0.00038797,0.0013549,-0.00017971,nan,-0.0014614,-0.0010546,0.046188,-0.0035508,-0.00069704,-0.0058385,0.00080694,nan,0.0078664,0.0062077,-0.0084106,-0.00048819,-0.0045402,0.0055561,-0.013991,-0.00026428,0.0053141,-0.00040291,0.0043887,0.001653,0.0024426,0.0012961,-0.0025531,nan,0.0010234,-0.0028856,-0.0010927,-0.0019576,-0.0023297,-0.0010631
b04_pop,-8.0401e-05,0.0037487,0.003778,-0.0024093,-0.00047794,0.00017572,-0.00075811,-9.4324e-05,1,-0.10948,0.0006657,-0.0017684,-0.000614,0.00080308,0.00036396,-0.00060424,-0.00069576,-0.00022837,0.0025931,-0.0047193,0.00066816,-0.0013637,0.00054524,-8.2148e-05,-3.4704e-05,0.00010249,nan,-0.00017623,0.00011122,3.4817e-05,0.00025893,0.00015785,-1.7251e-05,0.00028467,nan,-0.0026162,-0.0022096,0.0020957,-0.0023067,0.00022042,-0.00045995,0.00014262,0.0021176,-0.016448,-0.00058091,0.00036137,0.00039637,-0.00023964,0.0005867,-0.0026551,nan,0.00036867,-0.00068481,0.0038211,0.00070241,-0.00067253,-7.2059e-05
b14_pop,-6.7775e-05,0.0097219,0.0094164,-0.0086275,0.0014164,-2.3294e-05,0.0021985,0.0013593,-0.10948,1,-0.0025176,0.0062047,0.0017712,-0.0069197,-0.00054202,0.0009093,0.00067933,0.00094268,-0.01941,0.01056,0.005709,0.0042908,-0.002288,0.00017771,0.00036913,-0.00050551,nan,-0.0070559,-0.0017635,0.0047825,0.060149,-0.00068254,-0.0071002,-0.0009802,nan,-0.0065837,-0.0085054,0.017972,0.0020466,-0.0022815,-0.00020432,0.0052496,0.0075321,0.090682,0.0021224,-0.0045718,-0.00054489,-0.0017316,-0.0001823,0.0073408,nan,0.0012098,0.0016376,-0.029912,-0.0013497,0.0017432,-0.00081237
b05_pop,-0.0012402,-0.012728,-0.013912,0.0079968,-0.00081496,0.0018093,-0.00024355,0.00031923,0.0006657,-0.0025176,1,-0.17964,-0.0013141,0.0021397,-0.00039403,0.0030633,0.0027765,7.2444e-05,-0.0010186,-5.901e-05,-0.003861,0.00092751,-0.0026359,-2.3033e-05,-0.00014391,9.6126e-06,nan,0.00095627,0.00021446,-0.00015275,-0.00036097,2.7282e-05,0.0011874,-5.0063e-05,nan,0.012248,0.013456,-0.014354,-0.0021172,-0.00025044,-0.00029175,-0.00095684,-3.2474e-05,0.00010979,0.058634,-0.022546,0.00048503,0.0012746,-0.00024188,-0.0025459,nan,0.00020426,8.5717e-05,0.00053111,-0.018531,0.0007491,-0.00092029
b15_pop,0.00098946,-0.0058821,-0.00629,-5.5239e-05,0.0028874,-0.0038388,-0.00071493,-0.0021558,-0.0017684,0.0062047,-0.17964,1,0.0012902,-0.0057543,0.0008034,-0.0026229,-0.0018866,-0.0012496,-0.00013974,0.00050248,0.0021306,-0.0018329,0.002613,-0.00056311,-2.2688e-05,0.00071514,nan,-0.00054609,0.00050315,-0.0001621,0.0011466,0.0022334,-0.00086958,0.0014667,nan,0.0017301,0.0021666,0.0017521,0.00085061,-0.0019259,0.0010561,0.00099248,0.00083092,0.00045636,-0.017622,0.041005,3.2145e-05,-0.0013616,5.1738e-05,0.0022655,nan,-1.0768e-05,0.0014685,-0.0016514,-0.0055372,-8.1976e-05,0.00052478
b06_pop,-0.0039076,-0.0047129,-0.0068022,0.012643,-0.00060142,-0.00052558,-0.0020843,0.0028122,-0.000614,0.0017712,-0.0013141,0.0012902,1,-0.20415,0.0012938,-0.0032338,0.00071334,9.0305e-05,0.0059114,-0.012188,-0.0037567,0.00071495,0.00089304,-4.5776e-05,2.5561e-05,2.0024e-05,nan,0.00076553,-6.5598e-05,0.00019298,-0.00085122,0.00014451,-0.00066062,0.00019874,nan,0.0022546,0.0078235,-0.018163,4.8054e-05,-0.0022117,0.0019115,-0.0007438,0.0006277,-0.00035713,-3.5776e-05,0.0027032,0.074689,-0.031412,0.0010331,0.0022336,nan,0.00022167,0.00024166,-0.002071,3.6258e-05,-0.034584,-0.0020766
b16_pop,0.0011817,0.0055444,0.0056036,-0.0054441,-0.0021858,0.0040235,0.0015205,0.00024936,0.00080308,-0.0069197,0.0021397,-0.0057543,-0.20415,1,-0.00047562,0.0032798,-0.00056401,-0.00094181,-0.026819,-0.0014761,0.0060639,-0.0003235,-0.0004644,-0.0011564,-0.0034852,0.0031291,nan,0.0025935,0.013464,-0.013462,-0.0050887,0.0034136,0.06324,0.0044173,nan,-0.0011732,-0.0065345,0.013654,0.00079598,0.0019824,-0.0042552,0.0036589,-7.0478e-05,0.0040168,-0.0019161,-0.0043128,-0.028883,0.098702,-0.0010905,-0.0087047,nan,-0.0015451,0.00088521,-0.00022628,0.0015549,-0.0061686,0.0044416
b07_pop,0.0011281,0.0014535,-0.00013621,-0.0054235,-0.0010057,-0.00082091,0.00011948,-0.00063749,0.00036396,-0.00054202,-0.00039403,0.0008034,0.0012938,-0.00047562,1,-0.16736,-0.00018359,-0.0015511,-0.00037278,0.00017273,-0.001432,-6.0176e-05,0.0011373,-0.00043311,-0.00017786,0.00059897,nan,-0.00048073,0.00073697,-0.00058291,0.00028282,0.00091871,0.00060605,0.001539,nan,-0.0035676,0.0011975,0.0073911,0.0014571,0.00042354,-0.00062081,-0.0019524,-0.00020868,-0.0016996,-0.0011694,0.0020746,-0.0015435,-0.0005383,0.093632,-0.059803,nan,-0.00038097,0.00072106,0.001531,0.00089473,-0.00060304,-0.026651
b17_pop,8.502e-05,-0.0030925,0.0039833,0.0013317,0.0071165,-0.0020228,-0.0010005,0.0044132,-0.00060424,0.0009093,0.0030633,-0.0026229,-0.0032338,0.0032798,-0.16736,1,-0.0035071,0.0046094,0.0040765,-0.0038736,0.007815,-0.0039456,-0.00063643,-0.0035225,-0.00088439,0.0050987,nan,-0.00097052,0.0057718,0.00132,0.00032436,0.0073995,0.0024011,0.013723,nan,0.010305,-0.0032766,-0.0069607,-0.0041674,-0.0034059,0.00034247,0.007467,-0.00069746,0.0044633,0.0057967,-0.0040137,0.0053751,0.0018651,-0.090977,0.21088,nan,0.0027761,-0.00037461,-0.0040766,-0.0034435,0.00011789,-0.011879
p1_pop,0.0057902,-0.079253,-0.063188,0.031666,-0.014123,0.075245,0.017293,-0.074815,-0.00069576,0.00067933,0.0027765,-0.0018866,0.00071334,-0.00056401,-0.00018359,-0.0035071,1,-0.27243,-0.055906,-0.039519,-0.54692,0.64604,-0.74937,0.026265,0.0078762,-0.032101,nan,-0.032558,-0.019713,0.06477,0.058057,-0.050304,0.08777,-0.087228,nan,0.031943,0.067932,-0.078797,0.011731,-0.00095428,0.016382,-0.029012,0.00086496,-0.001861,0.0038303,-0.004769,0.0028578,0.00063436,0.0004805,-0.0045483,nan,-0.0066078,-0.013134,-1.9041e-05,0.0014711,0.003333,0.00011151
g1_pop,-0.013396,0.027692,0.02266,-0.013494,0.033931,-0.063774,-0.038243,0.10114,-0.00022837,0.00094268,7.2444e-05,-0.0012496,9.0305e-05,-0.00094181,-0.0015511,0.0046094,-0.27243,1,0.079943,-0.069461,0.31129,0.093826,-0.17116,0.0063069,0.0038725,-0.010288,nan,-0.033749,-0.0060919,0.096917,-0.013206,-0.012474,0.0089937,-0.017198,nan,0.0040002,-0.021366,0.019202,-0.0083731,0.025302,-0.017623,0.092272,0.00057201,0.0020822,-5.8366e-05,-6.9244e-05,6.1646e-05,-0.0001561,-0.00060441,0.0017404,nan,-0.00048252,-0.014974,0.001202,-0.00039078,-0.00025418,-0.00043774
p2_pop,0.0058265,0.066972,0.064787,-0.037896,0.0012949,-0.0028259,-0.014026,0.064411,0.0025931,-0.01941,-0.0010186,-0.00013974,0.0059114,-0.026819,-0.00037278,0.0040765,-0.055906,0.079943,1,-0.58616,0.10073,0.0022314,0.0074585,-0.0052445,-0.0085832,0.009435,nan,-0.10791,0.031482,0.46038,0.074546,0.0091918,0.12499,0.017937,nan,-0.019447,-0.060679,0.078516,0.00037675,0.0017832,-0.0016538,0.0057856,-0.0006056,0.0035385,-0.00042209,0.0035387,-0.0042516,-0.0044319,0.00019842,0.0020281,nan,-0.00075848,-0.0066804,0.0020768,-0.0013787,0.0061995,0.00016236
g2_pop,0.0028368,-0.021697,-0.031666,0.021033,-0.00097995,-0.0010432,0.016455,-0.043731,-0.0047193,0.01056,-5.901e-05,0.00050248,-0.012188,-0.0014761,0.00017273,-0.0038736,-0.039519,-0.069461,-0.58616,1,-0.030927,-0.05825,0.08184,0.01291,0.020604,-0.027102,nan,0.12963,-0.087952,-0.54799,-0.067392,-0.025778,-0.36589,-0.053594,nan,-0.0029618,0.022385,-0.028661,-0.0011466,-0.00098437,-0.0031325,0.0052009,-9.6475e-05,-0.0040868,-0.00013945,-0.0021303,-0.00074909,0.0010121,-0.00025838,-0.0010521,nan,0.00077336,0.011015,3.7855e-05,0.00048703,-0.0070535,0.00034141
alpha11_pop,0.0035253,0.13592,0.12208,-0.060614,0.010226,-0.040264,-0.010651,0.045658,0.00066816,0.005709,-0.003861,0.0021306,-0.0037567,0.0060639,-0.001432,0.007815,-0.54692,0.31129,0.10073,-0.030927,1,-0.30213,0.23719,-0.013221,-0.0056066,0.016674,nan,-0.047928,0.010038,0.043621,-0.00611,0.020792,-0.039575,0.038526,nan,-0.12495,-0.1263,0.19094,-0.0064881,0.0072182,-0.016978,0.029733,0.0001984,0.002267,-0.0013546,0.0099249,-0.0057412,-0.0037594,-0.0024628,0.012626,nan,0.0011329,0.001756,0.0026585,-0.0053741,0.00099427,0.0023165
alpha12_pop,0.0021974,-0.030697,-0.02904,0.01428,-0.011663,0.042324,0.0083432,-0.01677,-0.0013637,0.0042908,0.00092751,-0.0018329,0.00071495,-0.0003235,-6.0176e-05,-0.0039456,0.64604,0.093826,0.0022314,-0.05825,-0.30213,1,-0.45348,0.040549,0.010936,-0.053168,nan,0.01247,-0.041733,0.11061,0.036264,-0.08198,0.094724,-0.14327,nan,0.0044657,0.029016,-0.028979,0.021301,0.036736,0.010219,-0.012508,0.0018155,0.0020805,0.0043511,-0.0023219,0.00030824,0.0018016,0.00031811,-0.0023302,nan,-0.013433,-0.0093359,8.5035e-06,-0.00052348,0.0030166,0.00039592
alpha13_pop,-0.0077852,0.033799,0.024645,-0.0019773,0.006733,-0.032138,-0.0063967,0.0071329,0.00054524,-0.002288,-0.0026359,0.002613,0.00089304,-0.0004644,0.0011373,-0.00063643,-0.74937,-0.17116,0.0074585,0.08184,0.23719,-0.45348,1,-0.024658,-0.018535,0.023712,nan,0.079264,0.014055,-0.12465,-0.063362,0.039156,-0.074496,0.061832,nan,-0.0026262,-0.028993,0.010179,-0.0095296,0.00065463,-0.017198,-0.044986,-0.0013226,0.00041131,-0.0035414,0.0032466,-0.0018619,0.0015392,-4.0241e-05,0.0019246,nan,0.0058153,0.032594,-0.0014263,-0.00043303,-0.0036274,-0.00031725
alpha14_pop,-0.00013872,1.2674e-05,-0.0012787,0.00077682,-0.00052274,0.0015521,0.00034939,0.00038797,-8.2148e-05,0.00017771,-2.3033e-05,-0.00056311,-4.5776e-05,-0.0011564,-0.00043311,-0.0035225,0.026265,0.0063069,-0.0052445,0.01291,-0.013221,0.040549,-0.024658,1,0.4811,-0.29307,nan,0.018766,-0.1068,0.021098,0.0035907,-0.28061,-0.011677,-0.26291,nan,-0.00068257,0.00039442,-0.00055254,0.00089467,0.0014734,0.00052198,-0.00049098,6.3121e-05,9.6554e-05,4.7314e-05,-7.673e-05,-6.4493e-06,0.00018181,0.00013831,-0.0012016,nan,-0.00057542,-0.00085835,1.1795e-05,-4.5975e-05,-0.0002767,-0.00040274
alpha15_pop,-7.3177e-05,0.00054253,-0.00015683,0.00025392,-7.7671e-05,-0.00010831,-6.7906e-05,0.0013549,-3.4704e-05,0.00036913,-0.00014391,-2.2688e-05,2.5561e-05,-0.0034852,-0.00017786,-0.00088439,0.0078762,0.0038725,-0.0085832,0.020604,-0.0056066,0.010936,-0.018535,0.4811,1,-0.17257,nan,0.0089469,-0.25807,0.008368,0.0080621,-0.14,-0.051092,-0.069521,nan,-0.00050689,-0.00044746,2.4469e-05,0.00022178,0.00025828,0.00023389,0.001073,-4.0024e-06,-1.6646e-05,-5.1008e-05,0.00019883,9.0653e-05,-5.0754e-05,-4.6829e-06,-0.0002078,nan,-0.00011345,-0.00066608,7.4705e-05,-6.9138e-05,-0.0011076,-9.8172e-05
alpha16_pop,-1.1817e-05,0.00012111,0.0013769,-0.00061233,0.00073516,-0.0020829,-0.00041298,-0.00017971,0.00010249,-0.00050551,9.6126e-06,0.00071514,2.0024e-05,0.0031291,0.00059897,0.0050987,-0.032101,-0.010288,0.009435,-0.027102,0.016674,-0.053168,0.023712,-0.29307,-0.17257,1,nan,-0.014426,0.26281,-0.024617,-0.007789,0.30124,0.041847,0.37197,nan,0.00090499,-0.00033863,-0.00020959,-0.0011209,-0.0019306,-0.00076196,0.001138,-0.00010907,-1.0723e-05,-9.1176e-05,0.00027347,-0.00010792,-0.00044133,-0.0001913,0.0017476,nan,0.0007522,0.00096366,-9.9353e-05,1.8695e-05,0.00096541,0.00053623
alpha17_pop,nan,nan,nan,nan,nan,nan,nan,nan,nan,nan,nan,nan,nan,nan,nan,nan,nan,nan,nan,nan,nan,nan,nan,nan,nan,nan,nan,nan,nan,nan,nan,nan,nan,nan,nan,nan,nan,nan,nan,nan,nan,nan,nan,nan,nan,nan,nan,nan,nan,nan,nan,nan,nan,nan,nan,nan,nan
alpha21_pop,-0.020254,0.012297,-0.036054,0.040328,-0.00014271,0.00025692,0.0018583,-0.0014614,-0.00017623,-0.0070559,0.00095627,-0.00054609,0.00076553,0.0025935,-0.00048073,-0.00097052,-0.032558,-0.033749,-0.10791,0.12963,-0.047928,0.01247,0.079264,0.018766,0.0089469,-0.014426,nan,1,-0.0074606,-0.05867,-0.045817,-0.01843,0.1264,-0.034702,nan,0.010541,0.011157,-0.083775,-0.00028304,0.0023438,0.0013749,-0.0055501,-0.0013398,-0.00094376,-0.0024335,-0.002961,0.0016631,0.0020246,0.00010478,-0.0014549,nan,0.00028039,0.0030912,-0.0015368,0.0016463,0.00060709,-0.0008615
alpha22_pop,-0.00011046,-0.0018701,-0.00036048,0.00052967,0.00072855,-0.0012435,-7.4539e-05,-0.0010546,0.00011122,-0.0017635,0.00021446,0.00050315,-6.5598e-05,0.013464,0.00073697,0.0057718,-0.019713,-0.0060919,0.031482,-0.087952,0.010038,-0.041733,0.014055,-0.1068,-0.25807,0.26281,nan,-0.0074606,1,-0.019715,-0.028671,0.2851,0.20369,0.40093,nan,0.0024258,0.0021571,-0.0036864,-0.0007911,-0.0012268,-0.0011359,0.0007408,-6.3649e-05,0.00042801,4.1359e-05,0.00053159,-0.00018716,0.00026418,-8.5023e-05,0.0016813,nan,0.00053371,0.0011274,-0.00049448,1.2444e-05,0.0041311,0.00045648
alpha23_pop,0.0016115,0.02854,0.022472,-0.016679,0.0012963,0.0026737,-0.0042477,0.046188,3.4817e-05,0.0047825,-0.00015275,-0.0001621,0.00019298,-0.013462,-0.00058291,0.00132,0.06477,0.096917,0.46038,-0.54799,0.043621,0.11061,-0.12465,0.021098,0.008368,-0.024617,nan,-0.05867,-0.019715,1,0.22135,-0.0615,0.023599,-0.055937,nan,-0.016052,-0.021361,0.043072,0.0018802,0.0027158,0.0085874,-0.026495,-0.00065084,0.0052496,0.0006365,0.00031444,-0.0026893,-0.00030601,-0.00027649,0.0027355,nan,-0.0012564,-0.021802,0.00090096,-0.0010684,0.0014919,-0.0005728
alpha24_pop,0.0054104,0.016034,0.016063,-0.014753,-0.00092664,0.0027964,0.0034863,-0.0035508,0.00025893,0.060149,-0.00036097,0.0011466,-0.00085122,-0.0050887,0.00028282,0.00032436,0.058057,-0.013206,0.074546,-0.067392,-0.00611,0.036264,-0.063362,0.0035907,0.0080621,-0.007789,nan,-0.045817,-0.028671,0.22135,1,-0.01183,-0.11492,-0.012021,nan,-0.021594,-0.013563,0.035594,0.0031455,-0.0010718,0.0042498,-0.014333,-0.0026921,0.011339,0.00034779,-0.0010483,-0.001891,-0.00029949,-0.00010379,0.0017851,nan,-0.00080912,-0.0059944,0.003886,-0.00068402,-0.00076717,0.00055668
alpha25_pop,-0.00014492,-0.00066195,0.0011913,-0.0003356,0.0010905,-0.0033723,-0.00070011,-0.00069704,0.00015785,-0.00068254,2.7282e-05,0.0022334,0.00014451,0.0034136,0.00091871,0.0073995,-0.050304,-0.012474,0.0091918,-0.025778,0.020792,-0.08198,0.039156,-0.28061,-0.14,0.30124,nan,-0.01843,0.2851,-0.0615,-0.01183,1,0.04113,0.55014,nan,0.0024155,0.00031129,-0.0020536,-0.0017376,-0.0029769,-0.0012086,0.0027888,-0.00015243,-0.00018734,1.675e-05,0.00061651,0.00012394,-0.00018118,-0.00024629,0.0023755,nan,0.0011599,0.0018431,-0.00015548,0.00010353,0.00078382,0.00080207
alpha26_pop,-0.0020155,-0.0084245,-0.011444,0.0082262,-0.00029054,0.0035506,0.0025318,-0.0058385,-1.7251e-05,-0.0071002,0.0011874,-0.00086958,-0.00066062,0.06324,0.00060605,0.0024011,0.08777,0.0089937,0.12499,-0.36589,-0.039575,0.094724,-0.074496,-0.011677,-0.051092,0.041847,nan,0.1264,0.20369,0.023599,-0.11492,0.04113,1,0.052722,nan,0.0070957,0.013741,-0.022983,0.0030911,0.0023328,-0.0018868,-0.0018621,0.00024078,0.0032245,0.00079614,0.0014024,-0.0012852,0.0027721,0.00067579,-0.00086878,nan,-0.0016784,0.00076559,-0.0025251,-6.0929e-05,0.020167,-0.00067911
alpha27_pop,-6.2501e-05,7.3736e-05,0.0031957,-0.0010931,0.00208,-0.0061853,-0.0013557,0.00080694,0.00028467,-0.0009802,-5.0063e-05,0.0014667,0.00019874,0.0044173,0.001539,0.013723,-0.087228,-0.017198,0.017937,-0.053594,0.038526,-0.14327,0.061832,-0.26291,-0.069521,0.37197,nan,-0.034702,0.40093,-0.055937,-0.012021,0.55014,0.052722,1,nan,0.0030535,-0.00076174,-0.0016906,-0.0031014,-0.0053373,-0.0018945,0.003117,-0.00029671,-0.00017747,-0.00039663,0.00068258,0.00019695,-0.0003749,-0.00054856,0.0047028,nan,0.0020761,0.002263,-0.0001846,7.716e-05,0.0009691,0.0014379
omega_b01,nan,nan,nan,nan,nan,nan,nan,nan,nan,nan,nan,nan,nan,nan,nan,nan,nan,nan,nan,nan,nan,nan,nan,nan,nan,nan,nan,nan,nan,nan,nan,nan,nan,nan,nan,nan,nan,nan,nan,nan,nan,nan,nan,nan,nan,nan,nan,nan,nan,nan,nan,nan,nan,nan,nan,nan,nan
omega_b11,0.039509,-0.74458,-0.61309,0.012249,0.018982,-0.027646,-0.0078319,0.0078664,-0.0026162,-0.0065837,0.012248,0.0017301,0.0022546,-0.0011732,-0.0035676,0.010305,0.031943,0.0040002,-0.019447,-0.0029618,-0.12495,0.0044657,-0.0026262,-0.00068257,-0.00050689,0.00090499,nan,0.010541,0.0024258,-0.016052,-0.021594,0.0024155,0.0070957,0.0030535,nan,1,0.5899,-0.4013,-0.0098624,-0.004842,0.013521,-0.013802,0.00067929,-0.017789,0.0079435,-0.021116,0.021637,0.014195,-0.005675,-0.0056999,nan,0.0018812,0.023804,-0.0058434,0.0058611,-0.0034774,-0.0023701
omega_b21,-0.11205,-0.60431,-0.77268,0.10971,0.017564,-0.02718,-0.0070302,0.0062077,-0.0022096,-0.0085054,0.013456,0.0021666,0.0078235,-0.0065345,0.0011975,-0.0032766,0.067932,-0.021366,-0.060679,0.022385,-0.1263,0.029016,-0.028993,0.00039442,-0.00044746,-0.00033863,nan,0.011157,0.0021571,-0.021361,-0.013563,0.00031129,0.013741,-0.00076174,nan,0.5899,1,-0.46542,-0.011233,-0.0095761,0.013251,-0.020033,0.003624,-0.027927,0.015599,-0.019891,0.03203,-0.0029661,-0.0037025,-0.015559,nan,0.0027441,0.031361,-0.010006,0.0089748,0.00022998,0.00062269
omega_a1,0.11254,0.50021,0.52495,-0.67517,-0.011501,0.0053746,0.0027713,-0.0084106,0.0020957,0.017972,-0.014354,0.0017521,-0.018163,0.013654,0.0073911,-0.0069607,-0.078797,0.019202,0.078516,-0.028661,0.19094,-0.028979,0.010179,-0.00055254,2.4469e-05,-0.00020959,nan,-0.083775,-0.0036864,0.043072,0.035594,-0.0020536,-0.022983,-0.0016906,nan,-0.4013,-0.46542,1,0.01239,0.0035515,-0.0082313,0.018509,0.0021695,0.019161,-0.0015387,0.029981,-0.03084,-0.0039555,0.0044577,0.016756,nan,-0.0097681,-0.017647,0.0093943,-0.013611,0.0041743,0.0014821
omega_b02,0.003063,0.010285,0.011501,-0.0073627,-0.017991,0.00076195,0.00069113,-0.00048819,-0.0023067,0.0020466,-0.0021172,0.00085061,4.8054e-05,0.00079598,0.0014571,-0.0041674,0.011731,-0.0083731,0.00037675,-0.0011466,-0.0064881,0.021301,-0.0095296,0.00089467,0.00022178,-0.0011209,nan,-0.00028304,-0.0007911,0.0018802,0.0031455,-0.0017376,0.0030911,-0.0031014,nan,-0.0098624,-0.011233,0.01239,1,-0.034432,0.0018524,-0.00084343,0.00063273,0.002597,-0.0035975,0.0015282,-0.0045253,-0.0013337,-0.00049939,-0.0008682,nan,-0.10622,-0.0013257,-0.00072675,-6.6237e-05,0.0025155,0.0022252
omega_b12,0.0018882,0.0031111,0.0032283,0.00054242,-0.018206,0.041214,-0.00046873,-0.0045402,0.00022042,-0.0022815,-0.00025044,-0.0019259,-0.0022117,0.0019824,0.00042354,-0.0034059,-0.00095428,0.025302,0.0017832,-0.00098437,0.0072182,0.036736,0.00065463,0.0014734,0.00025828,-0.0019306,nan,0.0023438,-0.0012268,0.0027158,-0.0010718,-0.0029769,0.0023328,-0.0053373,nan,-0.004842,-0.0095761,0.0035515,-0.034432,1,3.4507e-05,0.0019226,0.0014684,-0.0030934,0.0025425,0.0066928,0.00046295,0.0041001,-0.0012705,0.00081929,nan,-0.045739,0.00064734,0.0022597,-0.0026721,-0.00060836,-0.0013102
omega_b03,0.00054062,-0.014117,-0.011339,-0.00054032,0.0020674,0.0005379,-0.0143,0.0055561,-0.00045995,-0.00020432,-0.00029175,0.0010561,0.0019115,-0.0042552,-0.00062081,0.00034247,0.016382,-0.017623,-0.0016538,-0.0031325,-0.016978,0.010219,-0.017198,0.00052198,0.00023389,-0.00076196,nan,0.0013749,-0.0011359,0.0085874,0.0042498,-0.0012086,-0.0018868,-0.0018945,nan,0.013521,0.013251,-0.0082313,0.0018524,3.4507e-05,1,-0.030697,-0.00025764,0.0014804,0.00096165,-0.0017456,-0.0026026,-0.0018642,0.00019309,0.00062614,nan,-0.00076984,-0.10141,-0.00078397,0.0017331,0.0011199,-0.0014293
omega_b13,-6.6989e-05,0.023202,0.029573,-0.020432,-0.0057271,0.016208,0.0065057,-0.013991,0.00014262,0.0052496,-0.00095684,0.00099248,-0.0007438,0.0036589,-0.0019524,0.007467,-0.029012,0.092272,0.0057856,0.0052009,0.029733,-0.012508,-0.044986,-0.00049098,0.001073,0.001138,nan,-0.0055501,0.0007408,-0.026495,-0.014333,0.0027888,-0.0018621,0.003117,nan,-0.013802,-0.020033,0.018509,-0.00084343,0.0019226,-0.030697,1,0.0015939,0.00094542,-0.0031497,0.00090646,0.00087908,0.0011587,0.00060471,0.0027925,nan,-0.00028973,-0.061836,-0.00025319,0.00062006,-0.0021395,-0.003064
omega_b04,-0.0004,-0.0015407,-0.0021449,-0.0012923,-0.00070096,-0.00027206,0.00023251,-0.00026428,0.0021176,0.0075321,-3.2474e-05,0.00083092,0.0006277,-7.0478e-05,-0.00020868,-0.00069746,0.00086496,0.00057201,-0.0006056,-9.6475e-05,0.0001984,0.0018155,-0.0013226,6.3121e-05,-4.0024e-06,-0.00010907,nan,-0.0013398,-6.3649e-05,-0.00065084,-0.0026921,-0.00015243,0.00024078,-0.00029671,nan,0.00067929,0.003624,0.0021695,0.00063273,0.0014684,-0.00025764,0.0015939,1,-0.011897,3.7331e-05,-0.0012624,-0.00061059,-0.0010531,-0.00033575,-0.00031292,nan,-0.0001893,-0.00020004,-0.035799,-0.0007409,-2.542e-05,0.00010343
omega_b14,0.0062943,0.017178,0.021709,-0.0026259,-0.0016348,-0.0018733,-0.0027874,0.0053141,-0.016448,0.090682,0.00010979,0.00045636,-0.00035713,0.0040168,-0.0016996,0.0044633,-0.001861,0.0020822,0.0035385,-0.0040868,0.002267,0.0020805,0.00041131,9.6554e-05,-1.6646e-05,-1.0723e-05,nan,-0.00094376,0.00042801,0.0052496,0.011339,-0.00018734,0.0032245,-0.00017747,nan,-0.017789,-0.027927,0.019161,0.002597,-0.0030934,0.0014804,0.00094542,-0.011897,1,-3.5723e-05,-0.0034993,-0.0004672,0.0064624,-0.0022355,0.00090709,nan,0.0016782,-0.00028019,-0.089709,0.00017825,-0.00062771,-0.0001621
omega_b05,0.0019833,-0.013096,-0.017256,0.0016005,0.00054385,-0.00066298,-0.00016744,-0.00040291,-0.00058091,0.0021224,0.058634,-0.017622,-3.5776e-05,-0.0019161,-0.0011694,0.0057967,0.0038303,-5.8366e-05,-0.00042209,-0.00013945,-0.0013546,0.0043511,-0.0035414,4.7314e-05,-5.1008e-05,-9.1176e-05,nan,-0.0024335,4.1359e-05,0.0006365,0.00034779,1.675e-05,0.00079614,-0.00039663,nan,0.0079435,0.015599,-0.0015387,-0.0035975,0.0025425,0.00096165,-0.0031497,3.7331e-05,-3.5723e-05,1,-0.01737,0.00069443,0.0008762,-0.0013289,0.0076731,nan,-0.00042064,0.00013792,0.0018536,-0.10812,5.9849e-05,-0.00051303
omega_b15,0.0015861,0.024953,0.026754,-0.020359,-0.0030367,0.0039728,-0.002946,0.0043887,0.00036137,-0.0045718,-0.022546,0.041005,0.0027032,-0.0043128,0.0020746,-0.0040137,-0.004769,-6.9244e-05,0.0035387,-0.0021303,0.0099249,-0.0023219,0.0032466,-7.673e-05,0.00019883,0.00027347,nan,-0.002961,0.00053159,0.00031444,-0.0010483,0.00061651,0.0014024,0.00068258,nan,-0.021116,-0.019891,0.029981,0.0015282,0.0066928,-0.0017456,0.00090646,-0.0012624,-0.0034993,-0.01737,1,0.0014422,0.00098569,-1.3459e-05,0.0019175,nan,-0.00088928,-0.00091402,-0.0016155,-0.096467,-0.00069257,-0.001879
omega_b06,-0.0089199,-0.021404,-0.030162,0.010797,0.00085465,-0.00213,-0.0003035,0.001653,0.00039637,-0.00054489,0.00048503,3.2145e-05,0.074689,-0.028883,-0.0015435,0.0053751,0.0028578,6.1646e-05,-0.0042516,-0.00074909,-0.0057412,0.00030824,-0.0018619,-6.4493e-06,9.0653e-05,-0.00010792,nan,0.0016631,-0.00018716,-0.0026893,-0.001891,0.00012394,-0.0012852,0.00019695,nan,0.021637,0.03203,-0.03084,-0.0045253,0.00046295,-0.0026026,0.00087908,-0.00061059,-0.0004672,0.00069443,0.0014422,1,0.013605,-0.0019246,0.0054196,nan,0.00044878,0.0011306,-0.0006965,-8.6121e-05,-0.14097,-0.0012334
omega_b16,0.0056594,-0.010394,-0.0018732,-0.0018197,-0.00257,0.0043716,-0.00078555,0.0024426,-0.00023964,-0.0017316,0.0012746,-0.0013616,-0.031412,0.098702,-0.0005383,0.0018651,0.00063436,-0.0001561,-0.0044319,0.0010121,-0.0037594,0.0018016,0.0015392,0.00018181,-5.0754e-05,-0.00044133,nan,0.0020246,0.00026418,-0.00030601,-0.00029949,-0.00018118,0.0027721,-0.0003749,nan,0.014195,-0.0029661,-0.0039555,-0.0013337,0.0041001,-0.0018642,0.0011587,-0.0010531,0.0064624,0.0008762,0.00098569,0.013605,1,-4.9561e-05,-0.0021165,nan,-0.00026419,-0.00042408,-0.0029615,-0.00012809,-0.096702,0.00042012
omega_b07,0.0016014,0.0042752,0.005195,-0.0029349,-0.0015236,0.0020483,-8.9433e-05,0.0012961,0.0005867,-0.0001823,-0.00024188,5.1738e-05,0.0010331,-0.0010905,0.093632,-0.090977,0.0004805,-0.00060441,0.00019842,-0.00025838,-0.0024628,0.00031811,-4.0241e-05,0.00013831,-4.6829e-06,-0.0001913,nan,0.00010478,-8.5023e-05,-0.00027649,-0.00010379,-0.00024629,0.00067579,-0.00054856,nan,-0.005675,-0.0037025,0.0044577,-0.00049939,-0.0012705,0.00019309,0.00060471,-0.00033575,-0.0022355,-0.0013289,-1.3459e-05,-0.0019246,-4.9561e-05,1,-0.048358,nan,0.00011711,0.00015101,0.0010418,0.0010056,3.5293e-05,-0.076333
omega_b17,0.0052493,0.0065811,0.0113,-0.0093159,0.0025589,-0.00027008,0.0010025,-0.0025531,-0.0026551,0.0073408,-0.0025459,0.0022655,0.0022336,-0.0087047,-0.059803,0.21088,-0.0045483,0.0017404,0.0020281,-0.0010521,0.012626,-0.0023302,0.0019246,-0.0012016,-0.0002078,0.0017476,nan,-0.0014549,0.0016813,0.0027355,0.0017851,0.0023755,-0.00086878,0.0047028,nan,-0.0056999,-0.015559,0.016756,-0.0008682,0.00081929,0.00062614,0.0027925,-0.00031292,0.00090709,0.0076731,0.0019175,0.0054196,-0.0021165,-0.048358,1,nan,-0.00060095,0.00032083,-0.00036808,-0.0024025,0.00096122,-0.10637
b_1,nan,nan,nan,nan,nan,nan,nan,nan,nan,nan,nan,nan,nan,nan,nan,nan,nan,nan,nan,nan,nan,nan,nan,nan,nan,nan,nan,nan,nan,nan,nan,nan,nan,nan,nan,nan,nan,nan,nan,nan,nan,nan,nan,nan,nan,nan,nan,nan,nan,nan,nan,nan,nan,nan,nan,nan,nan
a_2,-0.00059917,-0.0036921,-0.0026728,0.0079334,0.010278,-0.0080519,-0.00092062,0.0010234,0.00036867,0.0012098,0.00020426,-1.0768e-05,0.00022167,-0.0015451,-0.00038097,0.0027761,-0.0066078,-0.00048252,-0.00075848,0.00077336,0.0011329,-0.013433,0.0058153,-0.00057542,-0.00011345,0.0007522,nan,0.00028039,0.00053371,-0.0012564,-0.00080912,0.0011599,-0.0016784,0.0020761,nan,0.0018812,0.0027441,-0.0097681,-0.10622,-0.045739,-0.00076984,-0.00028973,-0.0001893,0.0016782,-0.00042064,-0.00088928,0.00044878,-0.00026419,0.00011711,-0.00060095,nan,1,-0.00010049,-0.00043324,0.0013015,-0.001084,-0.00018304
a_3,-0.0042982,-0.026173,-0.034023,0.0089446,0.00098345,-0.0031091,0.0023796,-0.0028856,-0.00068481,0.0016376,8.5717e-05,0.0014685,0.00024166,0.00088521,0.00072106,-0.00037461,-0.013134,-0.014974,-0.0066804,0.011015,0.001756,-0.0093359,0.032594,-0.00085835,-0.00066608,0.00096366,nan,0.0030912,0.0011274,-0.021802,-0.0059944,0.0018431,0.00076559,0.002263,nan,0.023804,0.031361,-0.017647,-0.0013257,0.00064734,-0.10141,-0.061836,-0.00020004,-0.00028019,0.00013792,-0.00091402,0.0011306,-0.00042408,0.00015101,0.00032083,nan,-0.00010049,1,-0.0012969,0.0011793,0.00062511,0.0014721
a_4,0.0037963,0.0089181,0.012878,-0.0086278,0.0017045,-0.00062923,0.00080651,-0.0010927,0.0038211,-0.029912,0.00053111,-0.0016514,-0.002071,-0.00022628,0.001531,-0.0040766,-1.9041e-05,0.001202,0.0020768,3.7855e-05,0.0026585,8.5035e-06,-0.0014263,1.1795e-05,7.4705e-05,-9.9353e-05,nan,-0.0015368,-0.00049448,0.00090096,0.003886,-0.00015548,-0.0025251,-0.0001846,nan,-0.0058434,-0.010006,0.0093943,-0.00072675,0.0022597,-0.00078397,-0.00025319,-0.035799,-0.089709,0.0018536,-0.0016155,-0.0006965,-0.0029615,0.0010418,-0.00036808,nan,-0.00043324,-0.0012969,1,-0.00085913,0.0035104,-0.00021915
b_5,-0.0071166,-0.0023556,-0.006408,0.0057937,-4.6558e-05,0.00028805,0.0013101,-0.0019576,0.00070241,-0.0013497,-0.018531,-0.0055372,3.6258e-05,0.0015549,0.00089473,-0.0034435,0.0014711,-0.00039078,-0.0013787,0.00048703,-0.0053741,-0.00052348,-0.00043303,-4.5975e-05,-6.9138e-05,1.8695e-05,nan,0.0016463,1.2444e-05,-0.0010684,-0.00068402,0.00010353,-6.0929e-05,7.716e-05,nan,0.0058611,0.0089748,-0.013611,-6.6237e-05,-0.0026721,0.0017331,0.00062006,-0.0007409,0.00017825,-0.10812,-0.096467,-8.6121e-05,-0.00012809,0.0010056,-0.0024025,nan,0.0013015,0.0011793,-0.00085913,1,0.00060304,-0.00067495
b_6,6.7178e-05,-0.00063383,-0.002488,0.0036031,-0.00029445,0.00080703,0.001183,-0.0023297,-0.00067253,0.0017432,0.0007491,-8.1976e-05,-0.034584,-0.0061686,-0.00060304,0.00011789,0.003333,-0.00025418,0.0061995,-0.0070535,0.00099427,0.0030166,-0.0036274,-0.0002767,-0.0011076,0.00096541,nan,0.00060709,0.0041311,0.0014919,-0.00076717,0.00078382,0.020167,0.0009691,nan,-0.0034774,0.00022998,0.0041743,0.0025155,-0.00060836,0.0011199,-0.0021395,-2.542e-05,-0.00062771,5.9849e-05,-0.00069257,-0.14097,-0.096702,3.5293e-05,0.00096122,nan,-0.001084,0.00062511,0.0035104,0.00060304,1,-3.7222e-05
b_7,-0.0019174,0.003664,0.00039304,0.0007017,0.00082052,-0.0014184,-0.00014188,-0.0010631,-7.2059e-05,-0.00081237,-0.00092029,0.00052478,-0.0020766,0.0044416,-0.026651,-0.011879,0.00011151,-0.00043774,0.00016236,0.00034141,0.0023165,0.00039592,-0.00031725,-0.00040274,-9.8172e-05,0.00053623,nan,-0.0008615,0.00045648,-0.0005728,0.00055668,0.00080207,-0.00067911,0.0014379,nan,-0.0023701,0.00062269,0.0014821,0.0022252,-0.0013102,-0.0014293,-0.003064,0.00010343,-0.0001621,-0.00051303,-0.001879,-0.0012334,0.00042012,-0.076333,-0.10637,nan,-0.00018304,0.0014721,-0.00021915,-0.00067495,-3.7222e-05,1
