b01_pop,0.018157,-0.0001633,0.00026908,-0.010823,7.5992e-08,-4.6328e-08,-1.8344e-05,7.8649e-06,-3.0574e-05,6.9425e-06,2.175e-06,-4.8292e-07,7.7149e-06,-8.3642e-05,1.4929e-05,9.0776e-06,-1.3435e-05,0.0056989,-0.00010013,6.6831e-14,0.00036296,1.5751e-05,7.0418e-17,-1.2768e-05,8.7303e-07,-3.4241e-17,0.0024524,8.9474e-05,-0.00012024,0.0015915,8.4399e-07,2.6173e-08,-5.2357e-06,-4.7588e-06,8.2005e-06,1.8392e-06,-4.6413e-06,6.9782e-08,-1.9791e-06,-5.8742e-08,2.2898e-06,-7.2778e-07,-7.208e-07
b11_pop,-0.0001633,0.00020155,0.0001232,-0.0016643,2.5265e-07,-7.3453e-08,4.398e-06,-1.0822e-06,-6.8937e-06,1.5916e-06,7.0037e-07,-7.4007e-07,-9.7455e-06,4.5466e-05,1.447e-05,-5.1754e-06,3.1101e-05,-0.0016766,5.499e-05,-5.7717e-14,-0.000225,6.915e-06,-5.4927e-18,1.2634e-05,-1.7422e-06,2.4283e-17,1.6351e-05,-7.3578e-05,-7.4019e-05,0.00072133,2.124e-07,-2.5824e-08,7.0212e-06,-9.9445e-09,-2.8152e-06,-7.6728e-07,1.1535e-06,2.1513e-07,8.892e-09,5.2319e-09,-1.3894e-06,1.2443e-06,3.0278e-07
b21_pop,0.00026908,0.0001232,0.00021414,-0.0022036,2.9201e-07,-6.5246e-08,5.9356e-06,-1.0262e-07,-1.2178e-05,3.2103e-06,1.9574e-07,-8.4063e-07,-1.1218e-06,2.0413e-05,4.1941e-06,-4.2779e-06,1.503e-05,-0.00031435,2.2501e-06,-2.7304e-14,-9.6533e-05,1.2804e-06,-6.8739e-18,4.0237e-06,-1.26e-06,1.2384e-17,9.5648e-05,-5.7747e-05,-0.00011647,0.00077999,4.6411e-07,-2.9258e-08,7.7184e-06,2.277e-07,-2.3226e-06,-1.1142e-06,-2.2184e-07,1.9426e-07,7.1706e-06,4.0927e-09,-1.6247e-06,1.7276e-06,2.4852e-07
a1_pop,-0.010823,-0.0016643,-0.0022036,0.73543,1.6757e-06,4.3011e-07,-0.00015144,-0.00019944,0.00048064,-9.5501e-05,-0.00028358,7.515e-05,8.1498e-05,0.00070059,-7.2966e-05,-2.0864e-05,-0.00018933,-0.077831,-0.0013119,-1.3563e-12,-0.0074471,7.8003e-05,-2.0396e-15,0.00033893,-0.00016476,4.9332e-16,-0.0086851,-0.0018034,-0.00044205,-0.12098,-1.1833e-05,-4.2781e-06,9.7274e-05,0.00017824,-0.00043788,-5.9493e-05,-0.00017818,-8.7729e-05,-0.00056168,5.8854e-06,-6.1629e-05,-6.8032e-05,2.2902e-05
b02_pop,7.5992e-08,2.5265e-07,2.9201e-07,1.6757e-06,8.9435e-06,-2.6527e-07,3.5248e-07,1.011e-08,3.285e-07,-5.89e-08,-3.4086e-07,6.1235e-08,5.4139e-07,1.99e-06,9.3454e-08,5.4605e-09,7.8732e-07,0.00012686,-1.0241e-07,7.3283e-16,5.1148e-06,-2.1549e-07,4.3667e-18,-2.0421e-08,3.7994e-07,6.6725e-19,2.0545e-07,-2.1215e-07,-2.5543e-07,-2.2542e-07,-1.4589e-07,-2.967e-10,9.5275e-08,-1.0928e-07,-1.6167e-08,3.9917e-08,1.0663e-07,3.0505e-08,-6.8184e-09,1.301e-08,2.825e-08,-6.3823e-08,-1.6963e-08
b12_pop,-4.6328e-08,-7.3453e-08,-6.5246e-08,4.3011e-07,-2.6527e-07,1.6288e-07,-2.2642e-08,-4.6658e-09,-7.4461e-08,2.2542e-08,2.8785e-08,1.2122e-08,4.9336e-07,-2.2525e-06,-4.8526e-08,1.3608e-07,-8.7441e-07,0.00017483,-2.1348e-06,2.5147e-15,1.1564e-05,6.3318e-08,2.2605e-18,-4.5872e-07,1.1731e-07,-1.032e-18,2.3399e-08,4.6951e-08,4.4512e-08,-3.9168e-07,1.1476e-09,1.6705e-09,1.4059e-08,1.2177e-08,2.2873e-08,-1.9066e-08,3.6402e-08,8.7434e-09,-6.6531e-09,-1.1619e-09,-8.497e-09,8.5178e-09,1.1333e-09
b03_pop,-1.8344e-05,4.398e-06,5.9356e-06,-0.00015144,3.5248e-07,-2.2642e-08,0.0040941,-0.00010094,2.0704e-06,-2.5025e-06,1.2606e-06,1.04e-06,3.7284e-07,-9.9703e-05,-5.228e-06,1.82e-05,-1.8923e-05,0.0036975,-6.9173e-06,6.8253e-14,0.00033517,3.8003e-06,1.5364e-17,-2.9086e-05,1.2347e-06,-4.4514e-17,1.9203e-05,-1.2693e-06,-4.6896e-06,5.7475e-05,-5.0941e-08,3.2735e-08,3.1593e-06,9.6889e-06,-2.6268e-06,7.8504e-07,7.1826e-06,7.7358e-08,-6.3574e-07,1.7356e-08,-2.7008e-06,-6.9141e-07,-3.7856e-07
b13_pop,7.8649e-06,-1.0822e-06,-1.0262e-07,-0.00019944,1.011e-08,-4.6658e-09,-0.00010094,0.00013911,-1.9327e-06,1.0482e-06,-1.9366e-06,-1.6541e-07,-1.4271e-05,7.1757e-05,1.8787e-05,-1.0309e-05,2.9662e-05,-0.0032385,7.2585e-05,-6.697e-14,-0.00032324,-1.6554e-06,-1.481e-17,2.8457e-05,-1.8932e-06,3.1323e-17,-5.7015e-07,4.5568e-07,1.0412e-06,3.4418e-05,-2.5592e-09,-4.1943e-09,1.4711e-06,-3.018e-06,4.1162e-07,-4.1604e-07,-2.8997e-06,-1.8664e-07,2.6298e-07,-2.3734e-09,1.3425e-06,-6.48e-09,1.0409e-07
b04_pop,-3.0574e-05,-6.8937e-06,-1.2178e-05,0.00048064,3.285e-07,-7.4461e-08,2.0704e-06,-1.9327e-06,0.0098193,-8.3113e-05,-1.9958e-06,8.3465e-07,1.0869e-06,-1.02e-05,-2.7504e-06,-1.1545e-06,-2.7525e-06,0.00018495,-1.2248e-05,1.6499e-14,7.4538e-05,1.2887e-07,1.5107e-17,-3.8829e-06,1.4219e-06,-6.1271e-18,-2.0204e-06,2.3893e-06,7.211e-06,-0.00010941,-1.1599e-07,-5.6505e-09,5.9277e-06,1.0646e-06,3.1923e-05,5.0777e-06,6.309e-07,1.5656e-06,-1.9014e-06,-5.2293e-08,-8.1441e-07,-5.596e-06,-1.3841e-07
b14_pop,6.9425e-06,1.5916e-06,3.2103e-06,-9.5501e-05,-5.89e-08,2.2542e-08,-2.5025e-06,1.0482e-06,-8.3113e-05,6.3339e-05,5.0308e-07,-1.9808e-07,-7.3269e-07,3.0809e-06,-1.6845e-06,7.6976e-07,2.5423e-06,4.3704e-05,8.7008e-06,3.4575e-14,-1.158e-05,-8.1135e-07,8.7531e-17,-9.1146e-07,1.2689e-05,-6.4713e-18,-3.1618e-07,-2.3287e-07,-1.841e-06,2.2712e-05,2.1123e-08,-2.8369e-09,-7.9606e-07,-3.4194e-07,1.4344e-06,-3.6774e-06,1.6087e-07,-3.6054e-07,3.0526e-07,6.9119e-09,1.7537e-07,2.5961e-06,1.9591e-08
b06_pop,2.175e-06,7.0037e-07,1.9574e-07,-0.00028358,-3.4086e-07,2.8785e-08,1.2606e-06,-1.9366e-06,-1.9958e-06,5.0308e-07,0.0019266,-5.6296e-05,3.4556e-06,-2.0099e-05,-1.0802e-06,2.6916e-06,-7.0368e-08,0.0013041,-1.0061e-05,4.782e-14,0.00023055,-3.5924e-07,6.9018e-17,-7.8284e-06,5.491e-06,-1.5038e-17,3.6126e-05,1.2908e-07,-8.4728e-07,7.0442e-05,6.4444e-08,2.7623e-08,3.4789e-06,-1.5955e-06,3.6311e-07,-7.4238e-07,0.00011471,-1.4364e-06,-1.9896e-06,-2.6497e-08,9.7181e-07,-6.8028e-07,-3.8773e-06
b16_pop,-4.8292e-07,-7.4007e-07,-8.4063e-07,7.515e-05,6.1235e-08,1.2122e-08,1.04e-06,-1.6541e-07,8.3465e-07,-1.9808e-07,-5.6296e-05,6.042e-05,5.0878e-06,-3.4502e-05,-8.1064e-07,2.7183e-06,-1.1267e-05,0.0018177,-2.5646e-05,4.6191e-14,0.00022397,5.4889e-07,4.0656e-17,-8.933e-06,2.4182e-06,-1.8669e-17,-3.2362e-06,2.011e-08,7.7704e-07,-2.2182e-05,4.074e-08,-8.9003e-09,-6.1474e-07,-1.6737e-08,4.933e-08,2.8956e-07,-5.3605e-06,4.2788e-07,2.6122e-08,1.0403e-09,-1.5813e-07,-5.7388e-08,2.4542e-07
p1_pop,7.7149e-06,-9.7455e-06,-1.1218e-06,8.1498e-05,5.4139e-07,4.9336e-07,3.7284e-07,-1.4271e-05,1.0869e-06,-7.3269e-07,3.4556e-06,5.0878e-06,0.00020216,-0.00042675,-1.8013e-05,2.8898e-05,-0.00033467,0.039014,-0.0013639,4.9287e-13,0.0022866,3.7495e-05,1.8175e-16,-0.00011077,-4.8338e-06,-1.6619e-16,-1.5742e-06,-2.9928e-06,6.2287e-07,-8.7012e-05,3.4208e-08,-7.7002e-08,1.1102e-05,-5.6037e-06,1.4359e-06,1.54e-07,1.1735e-05,5.3106e-07,-7.5112e-07,-5.8871e-08,-1.9675e-06,-6.6655e-08,-3.3528e-07
g1_pop,-8.3642e-05,4.5466e-05,2.0413e-05,0.00070059,1.99e-06,-2.2525e-06,-9.9703e-05,7.1757e-05,-1.02e-05,3.0809e-06,-2.0099e-05,-3.4502e-05,-0.00042675,0.0034742,0.00010031,-0.00024977,0.0011149,-0.14803,0.0023073,-4.1447e-12,-0.019558,-5.6649e-05,-3.1685e-15,0.00083707,-0.0001827,1.8151e-15,-3.911e-05,1.0347e-05,-1.7539e-05,-3.7072e-05,-1.9362e-06,2.1851e-07,-5.8679e-05,3.5863e-05,-5.8542e-06,-4.3795e-06,-0.00010432,-8.1543e-06,1.072e-07,4.2406e-07,8.789e-07,2.7325e-06,3.3061e-06
p2_pop,1.4929e-05,1.447e-05,4.1941e-06,-7.2966e-05,9.3454e-08,-4.8526e-08,-5.228e-06,1.8787e-05,-2.7504e-06,-1.6845e-06,-1.0802e-06,-8.1064e-07,-1.8013e-05,0.00010031,0.00083038,-9.6073e-05,4.4893e-05,-0.0022446,0.00013743,9.3265e-14,-0.00052095,-1.3887e-05,5.1156e-16,0.00027758,-1.8196e-05,-5.5923e-17,2.5798e-05,3.9417e-06,-4.6289e-06,0.00010929,9.5592e-09,6.5264e-09,-3.0676e-06,2.6247e-06,-1.4285e-06,1.5903e-07,-3.0693e-06,-1.6195e-07,-2.4493e-06,5.5939e-10,2.9711e-07,-7.9328e-08,1.2944e-07
g2_pop,9.0776e-06,-5.1754e-06,-4.2779e-06,-2.0864e-05,5.4605e-09,1.3608e-07,1.82e-05,-1.0309e-05,-1.1545e-06,7.6976e-07,2.6916e-06,2.7183e-06,2.8898e-05,-0.00024977,-9.6073e-05,0.00018508,-6.4246e-05,0.012715,-0.00016158,3.6927e-13,0.0018044,4.6815e-05,1.7748e-16,-0.0003299,5.9546e-05,-1.412e-16,7.9963e-06,-2.0283e-06,3.2714e-06,-1.5289e-05,9.0834e-08,-4.8484e-09,1.3631e-06,-2.7354e-07,1.7016e-07,4.2158e-07,9.6006e-06,7.3605e-07,-3.5787e-07,-3.4414e-08,2.6481e-07,-2.2155e-07,-3.0905e-07
alpha11_pop,-1.3435e-05,3.1101e-05,1.503e-05,-0.00018933,7.8732e-07,-8.7441e-07,-1.8923e-05,2.9662e-05,-2.7525e-06,2.5423e-06,-7.0368e-08,-1.1267e-05,-0.00033467,0.0011149,4.4893e-05,-6.4246e-05,0.0010335,-0.04232,0.0024996,-1.0828e-12,-0.0046222,-7.7998e-05,4.5127e-16,0.0002439,7.454e-05,4.8379e-16,-2.4618e-05,-2.9134e-06,-1.1354e-05,0.00030035,-2.4308e-07,1.9057e-07,-3.3654e-05,1.3238e-05,-1.4351e-06,1.0863e-06,-2.2449e-05,-1.5952e-06,7.9941e-06,5.664e-08,4.0385e-06,-5.2614e-07,9.5905e-07
alpha12_pop,0.0056989,-0.0016766,-0.00031435,-0.077831,0.00012686,0.00017483,0.0036975,-0.0032385,0.00018495,4.3704e-05,0.0013041,0.0018177,0.039014,-0.14803,-0.0022446,0.012715,-0.04232,19.142,-0.15999,2.3553e-10,1.1342,0.00053766,3.161e-13,-0.042046,0.022417,-7.593e-14,0.0029074,-0.00069575,0.00036268,0.016533,0.00016347,6.9711e-07,0.0018428,-0.0017802,0.00043033,0.00023883,0.0058909,0.00043071,-8.5597e-05,-5.693e-05,3.3034e-05,-9.1483e-05,-0.00016169
alpha13_pop,-0.00010013,5.499e-05,2.2501e-06,-0.0013119,-1.0241e-07,-2.1348e-06,-6.9173e-06,7.2585e-05,-1.2248e-05,8.7008e-06,-1.0061e-05,-2.5646e-05,-0.0013639,0.0023073,0.00013743,-0.00016158,0.0024996,-0.15999,0.0134,-2.3333e-12,-0.011785,-0.0004224,1.4923e-15,0.00067055,0.00027937,7.5269e-16,-6.0052e-05,2.564e-05,3.4981e-06,0.00071091,5.4083e-08,6.1066e-07,-0.00015639,7.2244e-06,-9.4751e-06,-5.7218e-07,-5.6508e-05,-2.0695e-06,9.471e-06,-9.3037e-09,3.28e-05,1.4554e-06,1.3711e-06
alpha14_pop,6.6868e-14,-5.7717e-14,-2.7302e-14,-1.3563e-12,7.3282e-16,2.5147e-15,6.8271e-14,-6.6971e-14,1.6497e-14,3.4575e-14,4.782e-14,4.6191e-14,4.9287e-13,-4.1447e-12,9.3265e-14,3.6927e-13,-1.0828e-12,2.3553e-10,-2.3333e-12,3.8513e-15,3.0518e-11,-3.3107e-13,-2.0005e-19,-8.3169e-13,3.9458e-12,-1.3054e-18,-2.8106e-14,-4.043e-15,2.7156e-14,2.2146e-13,1.9313e-15,-9.029e-17,3.1927e-14,-2.9629e-14,-3.0536e-14,1.5958e-14,1.6499e-13,1.3885e-14,2.7034e-15,-6.6955e-16,-3.2571e-15,-7.4991e-15,-5.0091e-15
alpha16_pop,0.00036296,-0.000225,-9.6533e-05,-0.0074471,5.1148e-06,1.1564e-05,0.00033517,-0.00032324,7.4538e-05,-1.158e-05,0.00023055,0.00022397,0.0022866,-0.019558,-0.00052095,0.0018044,-0.0046222,1.1342,-0.011785,3.0518e-11,0.15069,-2.8144e-05,3.1938e-14,-0.0059002,0.002226,-1.157e-14,4.8694e-05,-3.479e-05,9.5164e-05,0.0011629,9.7707e-06,-1.5939e-07,0.0001443,-0.00012133,3.7829e-05,3.8798e-05,0.00078887,6.7653e-05,1.0973e-05,-3.396e-06,-9.0166e-06,-2.5752e-05,-2.3907e-05
alpha21_pop,1.5751e-05,6.915e-06,1.2804e-06,7.8003e-05,-2.1549e-07,6.3318e-08,3.8003e-06,-1.6554e-06,1.2887e-07,-8.1135e-07,-3.5924e-07,5.4889e-07,3.7495e-05,-5.6649e-05,-1.3887e-05,4.6815e-05,-7.7998e-05,0.00053766,-0.0004224,-3.3107e-13,-2.8144e-05,0.00037882,-2.5766e-16,-0.0001681,-5.9289e-05,1.1478e-16,6.0268e-05,-3.1082e-06,-2.924e-06,-8.4937e-05,-3.5971e-08,-3.2743e-08,9.0534e-06,1.9024e-06,5.496e-08,-3.9135e-07,3.4261e-07,-3.0368e-07,-3.5751e-06,1.0823e-08,-1.2441e-06,1.4414e-07,1.2624e-08
alpha22_pop,7.4039e-17,-5.5125e-18,-6.8188e-18,-2.0411e-15,4.3669e-18,2.2605e-18,1.5778e-17,-1.482e-17,1.5104e-17,8.7532e-17,6.9018e-17,4.0656e-17,1.8175e-16,-3.1685e-15,5.1156e-16,1.7748e-16,4.5127e-16,3.161e-13,1.4923e-15,-2.0005e-19,3.1938e-14,-2.5766e-16,1.254e-19,8.5965e-16,8.936e-15,2.2742e-22,-3.7597e-17,-9.9673e-18,1.1988e-17,7.6773e-16,2.1591e-18,2.4258e-19,-3.1579e-17,-2.387e-17,-8.2141e-17,3.0869e-17,1.8334e-16,1.5462e-17,1.289e-17,-1.004e-18,2.7281e-19,-1.3227e-17,-4.8747e-18
alpha23_pop,-1.2768e-05,1.2634e-05,4.0237e-06,0.00033893,-2.0421e-08,-4.5872e-07,-2.9086e-05,2.8457e-05,-3.8829e-06,-9.1146e-07,-7.8284e-06,-8.933e-06,-0.00011077,0.00083707,0.00027758,-0.0003299,0.0002439,-0.042046,0.00067055,-8.3169e-13,-0.0059002,-0.0001681,8.5966e-16,0.0016123,-9.7589e-05,3.8445e-16,-3.4488e-05,4.1319e-06,-4.2428e-06,1.9663e-05,-3.1652e-07,2.3013e-08,-8.7095e-06,-4.731e-06,-1.2234e-06,-9.7809e-07,-3.0027e-05,-2.1525e-06,1.7566e-06,1.0836e-07,-1.366e-06,3.4513e-07,9.6072e-07
alpha24_pop,8.7303e-07,-1.7422e-06,-1.26e-06,-0.00016476,3.7994e-07,1.1731e-07,1.2347e-06,-1.8932e-06,1.4219e-06,1.2689e-05,5.491e-06,2.4182e-06,-4.8338e-06,-0.0001827,-1.8196e-05,5.9546e-05,7.454e-05,0.022417,0.00027937,3.9458e-12,0.002226,-5.9289e-05,8.936e-15,-9.7589e-05,0.0012115,-8.8838e-16,-8.2904e-06,-4.9967e-07,2.0092e-06,6.2009e-05,1.2197e-07,2.8902e-08,-5.2039e-06,3.866e-07,-1.204e-05,3.5112e-06,1.3452e-05,1.1286e-06,1.2197e-06,-7.0337e-08,3.3744e-07,-1.2477e-06,-3.5537e-07
alpha26_pop,-3.4346e-17,2.4285e-17,1.2385e-17,4.9358e-16,6.6729e-19,-1.032e-18,-4.4532e-17,3.1324e-17,-6.1239e-18,-6.4713e-18,-1.5038e-17,-1.8669e-17,-1.6619e-16,1.8151e-15,-5.5923e-17,-1.412e-16,4.8379e-16,-7.593e-14,7.527e-16,-1.3054e-18,-1.157e-14,1.1478e-16,2.2742e-22,3.8445e-16,-8.8838e-16,3.6272e-21,1.2294e-18,2.2354e-18,-1.1562e-17,-8.2457e-17,-9.2295e-19,6.9606e-20,-2.0506e-17,1.5656e-17,5.227e-18,-4.659e-18,-6.2274e-17,-5.2178e-18,-9.9243e-19,2.2969e-19,2.4221e-19,2.3916e-18,1.9606e-18
omega_b01,0.0024524,1.6351e-05,9.5648e-05,-0.0086851,2.0545e-07,2.3399e-08,1.9203e-05,-5.7015e-07,-2.0204e-06,-3.1618e-07,3.6126e-05,-3.2362e-06,-1.5742e-06,-3.911e-05,2.5798e-05,7.9963e-06,-2.4618e-05,0.0029074,-6.0052e-05,-2.8109e-14,4.8694e-05,6.0268e-05,-3.7793e-17,-3.4488e-05,-8.2904e-06,1.2537e-18,0.013093,2.2095e-05,3.5282e-07,0.0016936,1.1686e-06,3.3333e-08,-1.411e-05,-6.1392e-06,-1.6361e-05,-4.008e-06,-3.8933e-06,2.7837e-06,-0.00023162,-3.4227e-07,3.9144e-06,-1.7881e-06,1.1253e-07
omega_b11,8.9474e-05,-7.3578e-05,-5.7747e-05,-0.0018034,-2.1215e-07,4.6951e-08,-1.2693e-06,4.5568e-07,2.3893e-06,-2.3287e-07,1.2908e-07,2.011e-08,-2.9928e-06,1.0347e-05,3.9417e-06,-2.0283e-06,-2.9134e-06,-0.00069575,2.564e-05,-4.0432e-15,-3.479e-05,-3.1082e-06,-9.9765e-18,4.1319e-06,-4.9967e-07,2.238e-18,2.2095e-05,9.8799e-05,4.7123e-05,-5.1326e-05,-5.8263e-08,3.6035e-08,-6.6738e-06,5.6418e-08,1.8567e-06,3.5284e-07,-1.191e-06,2.1703e-07,-5.4469e-07,-2.316e-08,1.3645e-06,-5.6844e-08,-1.8937e-07
omega_b21,-0.00012024,-7.4019e-05,-0.00011647,-0.00044205,-2.5543e-07,4.4512e-08,-4.6896e-06,1.0412e-06,7.211e-06,-1.841e-06,-8.4728e-07,7.7704e-07,6.2287e-07,-1.7539e-05,-4.6289e-06,3.2714e-06,-1.1354e-05,0.00036268,3.4981e-06,2.7156e-14,9.5164e-05,-2.924e-06,1.2013e-17,-4.2428e-06,2.0092e-06,-1.1561e-17,3.5282e-07,4.7123e-05,0.00012307,-0.00030244,-1.9635e-07,3.2707e-08,-7.8669e-06,-5.0519e-07,1.6127e-06,8.3829e-07,2.4686e-07,2.071e-07,-5.9009e-06,-1.8176e-08,1.7404e-06,-7.366e-07,-2.8653e-07
omega_a1,0.0015915,0.00072133,0.00077999,-0.12098,-2.2542e-07,-3.9168e-07,5.7475e-05,3.4418e-05,-0.00010941,2.2712e-05,7.0442e-05,-2.2182e-05,-8.7012e-05,-3.7072e-05,0.00010929,-1.5289e-05,0.00030035,0.016533,0.00071091,2.2145e-13,0.0011629,-8.4937e-05,7.6745e-16,1.9663e-05,6.2009e-05,-8.2413e-17,0.0016936,-5.1326e-05,-0.00030244,0.033702,3.6678e-06,6.4298e-07,6.5671e-06,-4.5853e-05,7.0252e-05,7.5527e-06,2.6436e-05,2.2483e-05,8.505e-05,-1.2794e-06,4.0632e-06,2.1292e-05,-3.6682e-06
omega_b02,8.4399e-07,2.124e-07,4.6411e-07,-1.1833e-05,-1.4589e-07,1.1476e-09,-5.0941e-08,-2.5592e-09,-1.1599e-07,2.1123e-08,6.4444e-08,4.074e-08,3.4208e-08,-1.9362e-06,9.5592e-09,9.0834e-08,-2.4308e-07,0.00016347,5.4083e-08,1.9313e-15,9.7707e-06,-3.5971e-08,2.159e-18,-3.1652e-07,1.2197e-07,-9.2295e-19,1.1686e-06,-5.8263e-08,-1.9635e-07,3.6678e-06,5.8359e-06,-2.6791e-08,3.3019e-07,-2.5163e-08,3.8557e-10,-1.2929e-09,-9.9846e-08,3.3038e-08,-2.1251e-08,-1.5711e-07,-4.8591e-08,6.7087e-08,-2.4149e-08
omega_b12,2.6173e-08,-2.5824e-08,-2.9258e-08,-4.2781e-06,-2.967e-10,1.6705e-09,3.2735e-08,-4.1943e-09,-5.6505e-09,-2.8369e-09,2.7623e-08,-8.9003e-09,-7.7002e-08,2.1851e-07,6.5264e-09,-4.8484e-09,1.9057e-07,6.9711e-07,6.1066e-07,-9.029e-17,-1.5939e-07,-3.2743e-08,2.4258e-19,2.3013e-08,2.8902e-08,6.9608e-20,3.3333e-08,3.6035e-08,3.2707e-08,6.4298e-07,-2.6791e-08,1.041e-07,9.7523e-09,-2.7594e-09,4.1003e-10,-2.1989e-08,4.8145e-08,-5.2116e-09,1.3923e-08,-1.4375e-08,-5.6139e-09,1.4084e-08,8.0316e-10
omega_b03,-5.2357e-06,7.0212e-06,7.7184e-06,9.7274e-05,9.5275e-08,1.4059e-08,3.1593e-06,1.4711e-06,5.9277e-06,-7.9606e-07,3.4789e-06,-6.1474e-07,1.1102e-05,-5.8679e-05,-3.0676e-06,1.3631e-06,-3.3654e-05,0.0018428,-0.00015639,3.1927e-14,0.0001443,9.0534e-06,-3.1579e-17,-8.7095e-06,-5.2039e-06,-2.0506e-17,-1.411e-05,-6.6738e-06,-7.8669e-06,6.5671e-06,3.3019e-07,9.7523e-09,0.0026451,-2.415e-05,-1.211e-06,-5.5215e-07,5.7941e-06,6.3007e-07,1.5383e-07,-2.5102e-08,-5.0136e-05,-7.2199e-08,-2.9223e-07
omega_b13,-4.7588e-06,-9.9445e-09,2.277e-07,0.00017824,-1.0928e-07,1.2177e-08,9.6889e-06,-3.018e-06,1.0646e-06,-3.4194e-07,-1.5955e-06,-1.6737e-08,-5.6037e-06,3.5863e-05,2.6247e-06,-2.7354e-07,1.3238e-05,-0.0017802,7.2244e-06,-2.9629e-14,-0.00012133,1.9024e-06,-2.3871e-17,-4.731e-06,3.866e-07,1.5656e-17,-6.1392e-06,5.6418e-08,-5.0519e-07,-4.5853e-05,-2.5163e-08,-2.7594e-09,-2.415e-05,8.5661e-05,-8.9581e-07,2.3181e-07,-2.3197e-06,-5.3318e-07,-4.2441e-08,8.8373e-09,-3.6238e-06,-1.2384e-07,1.1665e-07
omega_b04,8.2005e-06,-2.8152e-06,-2.3226e-06,-0.00043788,-1.6167e-08,2.2873e-08,-2.6268e-06,4.1162e-07,3.1923e-05,1.4344e-06,3.6311e-07,4.933e-08,1.4359e-06,-5.8542e-06,-1.4285e-06,1.7016e-07,-1.4351e-06,0.00043033,-9.4751e-06,-3.0536e-14,3.7829e-05,5.496e-08,-8.2142e-17,-1.2234e-06,-1.204e-05,5.2271e-18,-1.6361e-05,1.8567e-06,1.6127e-06,7.0252e-05,3.8557e-10,4.1003e-10,-1.211e-06,-8.9581e-07,0.005239,1.5799e-06,3.2574e-06,-5.1348e-07,1.7991e-06,2.7588e-08,1.5733e-07,-5.1296e-05,-9.5039e-08
omega_b14,1.8392e-06,-7.6728e-07,-1.1142e-06,-5.9493e-05,3.9917e-08,-1.9066e-08,7.8504e-07,-4.1604e-07,5.0777e-06,-3.6774e-06,-7.4238e-07,2.8956e-07,1.54e-07,-4.3795e-06,1.5903e-07,4.2158e-07,1.0863e-06,0.00023883,-5.7218e-07,1.5958e-14,3.8798e-05,-3.9135e-07,3.0869e-17,-9.7809e-07,3.5112e-06,-4.6589e-18,-4.008e-06,3.5284e-07,8.3829e-07,7.5527e-06,-1.2929e-09,-2.1989e-08,-5.5215e-07,2.3181e-07,1.5799e-06,4.8435e-05,1.3898e-06,-4.1476e-08,5.4605e-07,1.678e-08,-1.6284e-08,-1.6081e-05,-4.0863e-08
omega_b06,-4.6413e-06,1.1535e-06,-2.2184e-07,-0.00017818,1.0663e-07,3.6402e-08,7.1826e-06,-2.8997e-06,6.309e-07,1.6087e-07,0.00011471,-5.3605e-06,1.1735e-05,-0.00010432,-3.0693e-06,9.6006e-06,-2.2449e-05,0.0058909,-5.6508e-05,1.6499e-13,0.00078887,3.4261e-07,1.8334e-16,-3.0027e-05,1.3452e-05,-6.2274e-17,-3.8933e-06,-1.191e-06,2.4686e-07,2.6436e-05,-9.9846e-08,4.8145e-08,5.7941e-06,-2.3197e-06,3.2574e-06,1.3898e-06,0.001257,-7.5979e-06,-8.8923e-08,-6.5743e-09,5.2354e-07,-4.7167e-07,-1.0493e-05
omega_b16,6.9782e-08,2.1513e-07,1.9426e-07,-8.7729e-05,3.0505e-08,8.7434e-09,7.7358e-08,-1.8664e-07,1.5656e-06,-3.6054e-07,-1.4364e-06,4.2788e-07,5.3106e-07,-8.1543e-06,-1.6195e-07,7.3605e-07,-1.5952e-06,0.00043071,-2.0695e-06,1.3885e-14,6.7653e-05,-3.0368e-07,1.5462e-17,-2.1525e-06,1.1286e-06,-5.2177e-18,2.7837e-06,2.1703e-07,2.071e-07,2.2483e-05,3.3038e-08,-5.2116e-09,6.3007e-07,-5.3318e-07,-5.1348e-07,-4.1476e-08,-7.5979e-06,3.7292e-05,-1.1047e-07,-2.7787e-09,1.612e-07,1.5682e-07,-1.0173e-06
b_1,-1.9791e-06,8.892e-09,7.1706e-06,-0.00056168,-6.8184e-09,-6.6531e-09,-6.3574e-07,2.6298e-07,-1.9014e-06,3.0526e-07,-1.9896e-06,2.6122e-08,-7.5112e-07,1.072e-07,-2.4493e-06,-3.5787e-07,7.9941e-06,-8.5597e-05,9.471e-06,2.7033e-15,1.0973e-05,-3.5751e-06,1.2889e-17,1.7566e-06,1.2197e-06,-9.9277e-19,-0.00023162,-5.4469e-07,-5.9009e-06,8.505e-05,-2.1251e-08,1.3923e-08,1.5383e-07,-4.2441e-08,1.7991e-06,5.4605e-07,-8.8923e-08,-1.1047e-07,4.7252e-05,9.0177e-09,-1.1129e-07,8.5628e-08,1.0423e-08
a_2,-5.8742e-08,5.2319e-09,4.0927e-09,5.8854e-06,1.301e-08,-1.1619e-09,1.7356e-08,-2.3734e-09,-5.2293e-08,6.9119e-09,-2.6497e-08,1.0403e-09,-5.8871e-08,4.2406e-07,5.5939e-10,-3.4414e-08,5.664e-08,-5.693e-05,-9.3037e-09,-6.6955e-16,-3.396e-06,1.0823e-08,-1.004e-18,1.0836e-07,-7.0337e-08,2.2969e-19,-3.4227e-07,-2.316e-08,-1.8176e-08,-1.2794e-06,-1.5711e-07,-1.4375e-08,-2.5102e-08,8.8373e-09,2.7588e-08,1.678e-08,-6.5743e-09,-2.7787e-09,9.0177e-09,5.4455e-07,4.4924e-09,-1.6614e-08,1.1689e-09
a_3,2.2898e-06,-1.3894e-06,-1.6247e-06,-6.1629e-05,2.825e-08,-8.497e-09,-2.7008e-06,1.3425e-06,-8.1441e-07,1.7537e-07,9.7181e-07,-1.5813e-07,-1.9675e-06,8.789e-07,2.9711e-07,2.6481e-07,4.0385e-06,3.3034e-05,3.28e-05,-3.2571e-15,-9.0166e-06,-1.2441e-06,2.7284e-19,-1.366e-06,3.3744e-07,2.4223e-19,3.9144e-06,1.3645e-06,1.7404e-06,4.0632e-06,-4.8591e-08,-5.6139e-09,-5.0136e-05,-3.6238e-06,1.5733e-07,-1.6284e-08,5.2354e-07,1.612e-07,-1.1129e-07,4.4924e-09,0.00015658,1.0234e-07,-5.7207e-08
a_4,-7.2778e-07,1.2443e-06,1.7276e-06,-6.8032e-05,-6.3823e-08,8.5178e-09,-6.9141e-07,-6.48e-09,-5.596e-06,2.5961e-06,-6.8028e-07,-5.7388e-08,-6.6655e-08,2.7325e-06,-7.9328e-08,-2.2155e-07,-5.2614e-07,-9.1483e-05,1.4554e-06,-7.4991e-15,-2.5752e-05,1.4414e-07,-1.3227e-17,3.4513e-07,-1.2477e-06,2.3916e-18,-1.7881e-06,-5.6844e-08,-7.366e-07,2.1292e-05,6.7087e-08,1.4084e-08,-7.2199e-08,-1.2384e-07,-5.1296e-05,-1.6081e-05,-4.7167e-07,1.5682e-07,8.5628e-08,-1.6614e-08,1.0234e-07,0.0002492,3.3108e-08
b_6,-7.208e-07,3.0278e-07,2.4852e-07,2.2902e-05,-1.6963e-08,1.1333e-09,-3.7856e-07,1.0409e-07,-1.3841e-07,1.9591e-08,-3.8773e-06,2.4542e-07,-3.3528e-07,3.3061e-06,1.2944e-07,-3.0905e-07,9.5905e-07,-0.00016169,1.3711e-06,-5.0091e-15,-2.3907e-05,1.2624e-08,-4.8746e-18,9.6072e-07,-3.5537e-07,1.9606e-18,1.1253e-07,-1.8937e-07,-2.8653e-07,-3.6682e-06,-2.4149e-08,8.0316e-10,-2.9223e-07,1.1665e-07,-9.5039e-08,-4.0863e-08,-1.0493e-05,-1.0173e-06,1.0423e-08,1.1689e-09,-5.7207e-08,3.3108e-08,5.7497e-06
