b01_pop,0.020343,-0.00023233,0.00016959,-0.0032309,-1.1943e-06,1.0198e-07,3.6812e-07,1.1327e-06,-3.5e-05,1.1487e-05,1.7455e-05,-3.8717e-06,-9.5221e-06,1.1312e-06,1.1073e-05,-6.1976e-05,1.2186e-05,6.2215e-06,-5.5137e-05,0.008298,-0.00017828,nan,8.3495e-12,-1.4972e-05,-1.8478e-05,-0.0021563,-8.4395e-06,7.6329e-05,-3.8126e-07,7.8153e-11,0.0027704,0.00010635,-6.7958e-05,-0.00016119,1.485e-06,-2.5228e-07,-3.4966e-06,3.3096e-06,1.2025e-05,4.0458e-06,-7.6411e-06,-4.6565e-06,-2.0654e-05,4.4474e-06,-2.9671e-05,2.408e-09,-8.085e-07,2.4193e-07,5.0446e-07,3.4732e-07
b11_pop,-0.00023233,0.00019882,0.00011684,0.00075984,1.2098e-06,8.6643e-08,-2.0921e-06,-3.046e-10,-1.8486e-05,8.4933e-06,8.5661e-06,-3.4263e-06,-4.2041e-06,-9.115e-07,1.1815e-06,-4.3975e-06,4.7713e-06,-1.5528e-06,2.4529e-06,0.0011623,6.9924e-06,nan,7.7276e-13,-1.414e-06,2.2458e-05,-0.0014572,-6.4068e-06,5.0783e-05,-3.7736e-08,7.3724e-12,-0.00011392,-0.00010213,-6.7024e-05,0.00028734,-1.3163e-07,1.1279e-08,4.3643e-06,-4.0983e-06,2.3508e-05,2.4949e-06,-6.1818e-06,-1.3191e-06,3.7842e-07,1.4408e-06,-1.7208e-07,-1.1241e-07,4.9881e-06,-2.568e-07,6.1833e-08,7.2081e-08
b21_pop,0.00016959,0.00011684,0.00015341,0.00086712,9.7065e-07,7.7283e-08,1.3218e-07,3.9185e-07,-2.4552e-05,1.1043e-05,1.161e-05,-4.4469e-06,-9.2167e-06,-1.4203e-07,4.9422e-06,-1.4021e-05,1.0763e-06,-3.9404e-06,-1.6435e-05,0.0028638,-3.2163e-05,nan,3.6942e-12,-6.6294e-06,1.3466e-06,-0.0014849,-6.4747e-06,5.73e-05,-1.689e-07,3.4429e-11,-4.0921e-06,-7.3705e-05,-8.7366e-05,0.00017429,-2.3794e-08,-1.6739e-09,6.0682e-06,-3.6206e-06,2.3937e-05,2.6633e-06,-3.885e-06,-2.2079e-06,-4.2842e-06,2.7026e-06,2.1344e-06,-1.1278e-07,4.5902e-06,-2.2171e-07,-9.3256e-09,1.8148e-07
a1_pop,-0.0032309,0.00075984,0.00086712,0.39064,-6.3699e-06,9.4804e-06,-0.00019719,0.00011057,-0.00030902,0.00010433,-0.00032544,2.9586e-05,-0.0003354,4.794e-05,3.5342e-05,-2.0872e-05,0.00019898,-7.959e-05,3.7585e-05,-0.0029032,-0.0010613,nan,2.527e-11,-4.4983e-05,4.0072e-05,0.0078515,0.00033742,-0.00018109,-1.1977e-06,2.3657e-10,-9.0545e-05,-0.0022694,-0.001795,-0.037714,-1.2563e-05,5.381e-06,0.00039575,1.7844e-07,0.00014593,0.00020446,-8.8663e-05,-0.00011349,0.00029049,2.6829e-05,-0.00045675,2.6824e-06,-5.0395e-05,-0.00014312,6.1923e-07,6.4758e-06
b02_pop,-1.1943e-06,1.2098e-06,9.7065e-07,-6.3699e-06,8.4849e-06,-3.1424e-07,6.6404e-07,-3.2995e-07,7.6342e-08,1.8149e-07,-2.1452e-07,1.9148e-08,-9.3899e-08,1.2413e-07,8.2728e-07,2.0108e-06,3.5976e-07,-1.6509e-06,-1.3132e-06,0.00038751,-1.7612e-06,nan,6.8194e-13,-1.2224e-06,2.1019e-07,-0.0002741,-1.6063e-06,8.6856e-06,-3.0578e-08,6.3304e-12,-1.0926e-06,-8.4142e-07,-1.2043e-06,5.8456e-06,-1.2067e-07,-3.5165e-08,4.2368e-07,-5.2904e-08,2.7889e-08,-1.915e-07,1.434e-07,5.2134e-08,-1.042e-07,1.7352e-08,7.5795e-08,-2.3594e-09,9.7719e-08,1.4327e-07,-1.5809e-08,-2.1256e-09
b12_pop,1.0198e-07,8.6643e-08,7.7283e-08,9.4804e-06,-3.1424e-07,2.3358e-07,-1.7404e-07,1.9081e-07,-6.0993e-08,-7.5543e-08,-3.2972e-09,1.9004e-08,-1.1716e-08,-3.463e-08,2.4508e-07,-9.4077e-07,-1.2675e-06,4.0465e-07,-5.0954e-07,3.9951e-05,-4.2831e-06,nan,1.8577e-13,-3.2987e-07,-4.1436e-07,0.00021109,1.071e-06,-6.1029e-06,-8.2152e-09,1.7654e-12,1.6329e-07,-4.5797e-08,1.5075e-08,-1.0791e-06,-4.6723e-09,1.6508e-08,4.7179e-08,3.2992e-08,-1.0898e-09,6.7427e-08,-1.2091e-07,9.1396e-09,-1.4158e-08,4.3357e-09,-3.067e-08,3.7251e-09,-3.7023e-08,-5.0375e-08,2.4603e-09,3.0478e-09
b03_pop,3.6812e-07,-2.0921e-06,1.3218e-07,-0.00019719,6.6404e-07,-1.7404e-07,0.0036582,-0.00010762,2.0123e-06,1.1045e-06,-7.3427e-06,1.0674e-06,4.6259e-06,4.7181e-07,-1.8881e-06,-5.4461e-05,-1.2446e-05,1.1339e-05,-1.8346e-08,0.0020264,4.3631e-05,nan,-2.0821e-12,3.7026e-06,-2.0064e-06,-0.00086995,-3.1401e-05,3.6407e-05,9.2365e-08,-1.9021e-11,-1.1237e-05,1.7069e-07,2.5407e-06,6.9975e-05,-2.9334e-07,7.3645e-09,2.4497e-05,8.7063e-06,-4.2289e-06,1.393e-06,2.7267e-07,3.9343e-07,3.5302e-06,2.2561e-07,1.0084e-06,5.656e-09,-1.5903e-06,-6.4348e-07,1.8938e-07,7.5846e-07
b13_pop,1.1327e-06,-3.046e-10,3.9185e-07,0.00011057,-3.2995e-07,1.9081e-07,-0.00010762,0.00014249,3.6194e-07,-8.6121e-07,4.4901e-07,-2.2673e-07,-2.0677e-06,4.0796e-08,-6.9092e-06,2.6833e-05,1.3464e-05,-4.2123e-06,1.5039e-05,-0.0029464,6.2314e-05,nan,-5.2402e-12,9.3864e-06,2.644e-06,0.00046679,1.7663e-05,-2.2408e-05,2.3533e-07,-4.9344e-11,-2.3518e-06,-1.2855e-06,-1.6946e-06,-1.3286e-05,-6.1845e-08,-4.8911e-08,1.9176e-06,-1.9863e-06,1.4397e-06,-6.8791e-08,-1.582e-07,1.5074e-07,-2.9384e-07,7.9499e-08,-9.5325e-08,3.8884e-08,-1.1336e-06,1.83e-07,-7.9273e-09,-1.3121e-07
b04_pop,-3.5e-05,-1.8486e-05,-2.4552e-05,-0.00030902,7.6342e-08,-6.0993e-08,2.0123e-06,3.6194e-07,0.010299,-9.1805e-05,2.5822e-06,9.33e-07,4.6913e-06,8.4328e-08,-2.9814e-06,7.7217e-06,3.3173e-06,1.2751e-05,5.2852e-06,-0.0020762,2.2625e-05,nan,-2.4542e-12,4.4025e-06,-1.0725e-06,0.0015279,8.8843e-06,-6.1397e-05,1.0934e-07,-2.2421e-11,-5.3885e-06,1.2991e-05,1.7876e-05,2.8201e-05,1.7567e-07,-5.4268e-08,-4.7631e-06,-8.105e-07,-3.978e-05,-1.7675e-06,4.4426e-06,5.421e-08,-4.3988e-06,-1.4045e-06,-3.5894e-07,1.2854e-07,-9.5447e-07,5.8529e-06,4.5013e-08,-5.2596e-07
b14_pop,1.1487e-05,8.4933e-06,1.1043e-05,0.00010433,1.8149e-07,-7.5543e-08,1.1045e-06,-8.6121e-07,-9.1805e-05,5.7198e-05,1.7113e-07,-3.82e-07,-1.8272e-06,9.703e-08,2.384e-06,-8.9076e-06,4.9082e-06,-1.9822e-06,-5.8939e-06,0.0020189,9.1081e-07,nan,1.8916e-12,-3.4254e-06,3.261e-06,-0.0027985,-1.9378e-05,0.00011425,-8.634e-08,1.7232e-11,-1.719e-07,-6.2885e-06,-9.3992e-06,9.3018e-06,-4.6309e-07,-6.0264e-08,4.5103e-08,1.7286e-08,-8.643e-06,7.086e-07,-6.3925e-07,2.9668e-07,5.8746e-07,4.1548e-07,2.9212e-07,-1.8113e-08,3.1091e-07,-1.169e-06,5.8787e-08,1.3287e-07
b05_pop,1.7455e-05,8.5661e-06,1.161e-05,-0.00032544,-2.1452e-07,-3.2972e-09,-7.3427e-06,4.4901e-07,2.5822e-06,1.7113e-07,0.0030391,-6.8447e-05,-8.8899e-06,1.6795e-06,-8.9539e-07,3.0383e-07,6.1436e-07,-2.5561e-07,-3.6331e-06,-0.00021615,2.6382e-05,nan,-5.0405e-13,9.0279e-07,-6.1048e-07,9.91e-05,1.1963e-06,-7.0567e-06,2.2308e-08,-4.6903e-12,-1.4776e-05,-4.3626e-06,-6.9943e-06,8.7922e-05,3.2171e-07,6.5983e-08,-3.303e-06,-8.4718e-07,6.6627e-06,1.182e-06,0.00013189,-5.7279e-06,-3.665e-06,1.3261e-06,1.3574e-06,-5.7603e-08,3.5129e-07,-1.3345e-06,-1.7718e-06,2.9367e-07
b15_pop,-3.8717e-06,-3.4263e-06,-4.4469e-06,2.9586e-05,1.9148e-08,1.9004e-08,1.0674e-06,-2.2673e-07,9.33e-07,-3.82e-07,-6.8447e-05,7.6544e-05,2.0074e-06,-3.3524e-07,1.8405e-07,1.122e-07,-6.9669e-07,2.9536e-07,4.9946e-07,3.8716e-05,-4.5051e-06,nan,9.5727e-14,-1.7289e-07,2.913e-07,1.6496e-05,-1.8809e-07,1.0388e-07,-2.3208e-09,7.5519e-13,3.7974e-06,2.3418e-06,2.7454e-06,-1.4305e-05,-3.8719e-08,-1.5826e-08,-1.0844e-06,1.5333e-07,-1.8775e-06,-6.7309e-07,-6.079e-06,1.2877e-06,1.2941e-06,-7.1059e-07,-4.2175e-07,6.2476e-09,5.1317e-08,-6.2757e-08,4.0232e-08,-3.3805e-08
b06_pop,-9.5221e-06,-4.2041e-06,-9.2167e-06,-0.0003354,-9.3899e-08,-1.1716e-08,4.6259e-06,-2.0677e-06,4.6913e-06,-1.8272e-06,-8.8899e-06,2.0074e-06,0.0020925,-5.5518e-05,-1.1727e-08,-1.9922e-06,-2.2546e-06,1.0686e-06,5.9261e-06,0.00029546,4.4576e-06,nan,-7.5407e-13,1.3561e-06,-3.3296e-06,-3.6743e-05,-4.7528e-06,-1.9802e-07,2.9354e-08,-6.6606e-12,1.9114e-05,2.7026e-06,1.1081e-05,2.8279e-05,-1.2865e-07,-8.9027e-08,2.98e-06,-4.9319e-08,8.4031e-06,-2.3936e-06,6.8363e-07,-1.1572e-06,0.00014596,-1.5871e-05,-2.8763e-07,-2.1224e-08,5.7801e-07,1.4208e-06,1.2015e-07,-3.3622e-06
b16_pop,1.1312e-06,-9.115e-07,-1.4203e-07,4.794e-05,1.2413e-07,-3.463e-08,4.7181e-07,4.0796e-08,8.4328e-08,9.703e-08,1.6795e-06,-3.3524e-07,-5.5518e-05,5.697e-05,-4.6607e-07,4.8442e-07,8.9795e-07,-2.4576e-07,4.4586e-07,-0.00016505,9.2568e-06,nan,-4.8605e-13,8.7075e-07,2.919e-09,1.8143e-05,7.0533e-07,-4.5401e-07,2.0724e-08,-4.4892e-12,-1.6911e-06,9.1999e-07,6.0953e-07,-2.5072e-06,-9.1822e-09,1.8919e-08,6.009e-07,-2.3722e-07,-1.587e-06,-1.4888e-08,9.6681e-07,-1.2878e-07,-1.1638e-05,3.6806e-06,-2.5643e-08,-2.5074e-09,-2.4309e-07,1.6127e-08,1.9003e-09,1.5509e-07
p1_pop,1.1073e-05,1.1815e-06,4.9422e-06,3.5342e-05,8.2728e-07,2.4508e-07,-1.8881e-06,-6.9092e-06,-2.9814e-06,2.384e-06,-8.9539e-07,1.8405e-07,-1.1727e-08,-4.6607e-07,7.8332e-05,-0.0001406,-1.2112e-05,-5.7692e-06,-0.00017379,0.031735,-0.00106,nan,6.4474e-11,-0.00011538,-2.3987e-05,-0.0012209,2.2974e-05,6.0876e-05,-2.8827e-06,6.0258e-10,2.3583e-06,-2.2167e-06,-2.8226e-06,-1.1272e-05,-3.3761e-07,-1.8758e-07,6.7279e-06,-3.6203e-06,1.2289e-06,1.2072e-07,-3.1977e-06,-1.0071e-08,5.3886e-07,2.6315e-07,1.525e-07,-1.2179e-07,-1.6601e-06,-4.1684e-07,6.1495e-08,-2.6271e-08
g1_pop,-6.1976e-05,-4.3975e-06,-1.4021e-05,-2.0872e-05,2.0108e-06,-9.4077e-07,-5.4461e-05,2.6833e-05,7.7217e-06,-8.9076e-06,3.0383e-07,1.122e-07,-1.9922e-06,4.8442e-07,-0.0001406,0.00087849,6.5668e-05,-5.5894e-06,0.00041435,-0.080505,0.0010602,nan,-8.9651e-11,0.00016045,3.6227e-05,0.0081903,5.8749e-05,-0.00032987,4.2081e-06,-8.5171e-10,-2.61e-05,8.8965e-06,8.9065e-06,-3.2455e-05,-1.6379e-06,8.1768e-07,-3.4273e-05,1.6063e-05,-3.5308e-06,-2.3484e-07,6.9239e-06,6.9962e-07,-2.2564e-06,-5.277e-07,-4.6947e-07,4.664e-07,6.1877e-07,1.003e-06,-1.9804e-07,-1.6808e-07
p2_pop,1.2186e-05,4.7713e-06,1.0763e-06,0.00019898,3.5976e-07,-1.2675e-06,-1.2446e-05,1.3464e-05,3.3173e-06,4.9082e-06,6.1436e-07,-6.9669e-07,-2.2546e-06,8.9795e-07,-1.2112e-05,6.5668e-05,0.00084218,-0.00015895,5.5875e-05,-0.012599,-0.00015276,nan,-7.4842e-12,1.3521e-05,-7.7353e-05,-0.0044196,0.0003832,-0.000101,3.073e-07,-7.3178e-11,1.0311e-05,4.0075e-06,-2.4281e-06,-3.3889e-06,5.5157e-07,2.6691e-07,2.2699e-06,4.5827e-07,-6.2204e-06,8.0059e-07,5.2975e-06,1.5863e-07,-1.2696e-07,-6.6512e-08,-2.5246e-06,2.4541e-08,-9.0935e-07,1.9692e-07,-1.4411e-07,-4.1439e-08
g2_pop,6.2215e-06,-1.5528e-06,-3.9404e-06,-7.959e-05,-1.6509e-06,4.0465e-07,1.1339e-05,-4.2123e-06,1.2751e-05,-1.9822e-06,-2.5561e-07,2.9536e-07,1.0686e-06,-2.4576e-07,-5.7692e-06,-5.5894e-06,-0.00015895,0.00015588,2.9728e-06,-0.00032556,0.00018668,nan,-5.9269e-12,1.0422e-05,6.2407e-05,0.002544,-0.00021821,2.718e-05,2.7912e-07,-4.9498e-11,7.5924e-06,-3.3773e-07,2.3769e-06,7.2359e-06,-1.5392e-07,-7.8492e-08,-3.551e-06,1.0955e-06,5.909e-07,-1.0843e-07,-1.5713e-06,-6.5527e-08,2.9906e-08,-1.283e-07,-2.9776e-07,2.3737e-08,8.4537e-07,-2.4902e-07,7.295e-08,1.4715e-08
alpha11_pop,-5.5137e-05,2.4529e-06,-1.6435e-05,3.7585e-05,-1.3132e-06,-5.0954e-07,-1.8346e-08,1.5039e-05,5.2852e-06,-5.8939e-06,-3.6331e-06,4.9946e-07,5.9261e-06,4.4586e-07,-0.00017379,0.00041435,5.5875e-05,2.9728e-06,0.0012753,-0.068119,0.001966,nan,-1.3786e-10,0.00024708,3.8022e-05,0.0023059,-2.7587e-05,-0.00019315,6.2034e-06,-1.2915e-09,-1.763e-05,-5.4398e-06,1.3287e-05,0.00013342,7.1764e-07,5.1511e-07,-1.4485e-05,7.0995e-06,-2.7549e-06,4.5545e-07,7.6809e-06,1.9183e-06,-9.495e-07,-1.8491e-06,3.5186e-06,2.1881e-07,3.49e-06,1.2839e-06,-3.9385e-07,5.9414e-08
alpha12_pop,0.008298,0.0011623,0.0028638,-0.0029032,0.00038751,3.9951e-05,0.0020264,-0.0029464,-0.0020762,0.0020189,-0.00021615,3.8716e-05,0.00029546,-0.00016505,0.031735,-0.080505,-0.012599,-0.00032556,-0.068119,21.058,-0.25173,nan,2.5972e-08,-0.0465,-0.0094256,-1.8871,-0.010522,0.074099,-0.0011621,2.4257e-07,0.0031068,-0.0013782,-0.0014735,0.0054122,-1.8342e-05,-5.5887e-05,0.0027494,-0.0021464,0.00058446,-8.7346e-05,-0.0012056,-5.3609e-05,0.0003931,0.00011651,0.00011141,-0.00014237,-0.00021878,0.0001106,3.4893e-05,-1.5584e-05
alpha13_pop,-0.00017828,6.9924e-06,-3.2163e-05,-0.0010613,-1.7612e-06,-4.2831e-06,4.3631e-05,6.2314e-05,2.2625e-05,9.1081e-07,2.6382e-05,-4.5051e-06,4.4576e-06,9.2568e-06,-0.00106,0.0010602,-0.00015276,0.00018668,0.001966,-0.25173,0.023447,nan,-8.9638e-10,0.0016033,0.00039439,-0.025563,-0.001127,0.00077949,3.9936e-05,-8.3695e-09,-8.8114e-05,1.318e-05,1.2013e-05,0.00043885,-3.6801e-07,2.3146e-06,-0.00020347,1.4941e-05,-2.3106e-05,-6.1695e-06,5.1968e-05,-2.2479e-06,-4.8206e-06,-3.9049e-06,2.5278e-06,-1.1441e-07,5.5193e-05,1.3466e-05,-7.7185e-07,8.2814e-07
alpha14_pop,nan,nan,nan,nan,nan,nan,nan,nan,nan,nan,nan,nan,nan,nan,nan,nan,nan,nan,nan,nan,nan,nan,nan,nan,nan,nan,nan,nan,nan,nan,nan,nan,nan,nan,nan,nan,nan,nan,nan,nan,nan,nan,nan,nan,nan,nan,nan,nan,nan,nan
alpha15_pop,8.3495e-12,7.7276e-13,3.6942e-12,2.527e-11,6.8194e-13,1.8577e-13,-2.0821e-12,-5.2402e-12,-2.4542e-12,1.8916e-12,-5.0405e-13,9.5727e-14,-7.5407e-13,-4.8605e-13,6.4474e-11,-8.9651e-11,-7.4842e-12,-5.9269e-12,-1.3786e-10,2.5972e-08,-8.9638e-10,nan,4.0372e-16,-3.1707e-10,-2.0554e-11,-9.0298e-10,2.5198e-11,4.4155e-11,-7.0433e-12,1.5134e-15,1.116e-12,-1.6677e-12,-2.0886e-12,-8.9339e-12,-2.4702e-13,-1.4335e-13,5.7526e-12,-2.7955e-12,9.5367e-13,1.0407e-13,-2.2786e-12,1.3308e-15,1.1864e-12,5.5534e-14,1.4323e-13,-1.0091e-13,-1.5253e-12,-3.4448e-13,4.723e-14,-4.0703e-14
alpha16_pop,-1.4972e-05,-1.414e-06,-6.6294e-06,-4.4983e-05,-1.2224e-06,-3.2987e-07,3.7026e-06,9.3864e-06,4.4025e-06,-3.4254e-06,9.0279e-07,-1.7289e-07,1.3561e-06,8.7075e-07,-0.00011538,0.00016045,1.3521e-05,1.0422e-05,0.00024708,-0.0465,0.0016033,nan,-3.1707e-10,0.00056869,3.6155e-05,0.001671,-4.4247e-05,-8.1085e-05,1.2436e-05,-2.8374e-09,-2.0386e-06,2.9944e-06,3.7655e-06,1.5936e-05,4.4558e-07,2.5757e-07,-1.0282e-05,4.9992e-06,-1.7137e-06,-1.8375e-07,4.0761e-06,-7.0956e-11,-2.1312e-06,-9.911e-08,-2.5423e-07,1.8095e-07,2.7242e-06,6.1756e-07,-8.5065e-08,7.2875e-08
alpha21_pop,-1.8478e-05,2.2458e-05,1.3466e-06,4.0072e-05,2.1019e-07,-4.1436e-07,-2.0064e-06,2.644e-06,-1.0725e-06,3.261e-06,-6.1048e-07,2.913e-07,-3.3296e-06,2.919e-09,-2.3987e-05,3.6227e-05,-7.7353e-05,6.2407e-05,3.8022e-05,-0.0094256,0.00039439,nan,-2.0554e-11,3.6155e-05,0.00071251,-0.0055769,-9.3013e-05,0.00010833,8.932e-07,-1.8123e-10,2.3248e-05,-4.6612e-06,-1.6717e-05,1.0414e-05,-3.5742e-08,-1.7775e-08,-2.2353e-06,1.525e-06,-1.4527e-06,-9.3198e-08,-1.1242e-06,-6.2468e-07,-2.914e-06,1.1543e-07,-2.3291e-06,-1.0536e-08,1.4585e-06,1.6629e-06,1.3686e-07,1.0959e-07
alpha22_pop,-0.0021563,-0.0014572,-0.0014849,0.0078515,-0.0002741,0.00021109,-0.00086995,0.00046679,0.0015279,-0.0027985,9.91e-05,1.6496e-05,-3.6743e-05,1.8143e-05,-0.0012209,0.0081903,-0.0044196,0.002544,0.0023059,-1.8871,-0.025563,nan,-9.0298e-10,0.001671,-0.0055769,4.4121,0.031113,-0.13636,4.4342e-05,-8.0914e-09,-0.0013689,0.00080526,0.0011731,-0.0053457,0.00022783,7.3404e-05,0.00063578,6.5957e-05,-0.00030748,0.00020432,-0.00011377,7.6773e-05,-0.0004022,-9.4863e-06,-0.00012524,3.703e-05,-0.00030978,1.6539e-05,-1.7499e-05,2.7278e-06
alpha23_pop,-8.4395e-06,-6.4068e-06,-6.4747e-06,0.00033742,-1.6063e-06,1.071e-06,-3.1401e-05,1.7663e-05,8.8843e-06,-1.9378e-05,1.1963e-06,-1.8809e-07,-4.7528e-06,7.0533e-07,2.2974e-05,5.8749e-05,0.0003832,-0.00021821,-2.7587e-05,-0.010522,-0.001127,nan,2.5198e-11,-4.4247e-05,-9.3013e-05,0.031113,0.0013278,-0.0011775,-1.2427e-06,2.1973e-10,-5.5017e-06,6.3262e-06,4.9912e-06,-7.6426e-05,2.0779e-06,7.1099e-07,2.2194e-05,-6.7119e-06,-2.1717e-06,2.0776e-06,1.0066e-06,1.0443e-06,-3.8347e-06,3.57e-07,-1.3889e-06,2.5745e-07,-7.3727e-06,-5.4544e-07,-2.4116e-07,-6.6549e-08
alpha24_pop,7.6329e-05,5.0783e-05,5.73e-05,-0.00018109,8.6856e-06,-6.1029e-06,3.6407e-05,-2.2408e-05,-6.1397e-05,0.00011425,-7.0567e-06,1.0388e-07,-1.9802e-07,-4.5401e-07,6.0876e-05,-0.00032987,-0.000101,2.718e-05,-0.00019315,0.074099,0.00077949,nan,4.4155e-11,-8.1085e-05,0.00010833,-0.13636,-0.0011775,0.0059206,-2.0547e-06,3.9067e-10,4.4035e-05,-3.4344e-05,-4.3848e-05,0.00017907,-1.1352e-05,-2.7698e-06,-2.0022e-05,-3.2161e-06,3.7137e-05,-4.1978e-06,-2.2543e-06,-1.8647e-06,1.5596e-05,1.1007e-06,4.0006e-06,-6.0976e-07,1.0106e-05,-1.1563e-05,8.0985e-07,-6.2185e-08
alpha25_pop,-3.8126e-07,-3.7736e-08,-1.689e-07,-1.1977e-06,-3.0578e-08,-8.2152e-09,9.2365e-08,2.3533e-07,1.0934e-07,-8.634e-08,2.2308e-08,-2.3208e-09,2.9354e-08,2.0724e-08,-2.8827e-06,4.2081e-06,3.073e-07,2.7912e-07,6.2034e-06,-0.0011621,3.9936e-05,nan,-7.0433e-12,1.2436e-05,8.932e-07,4.4342e-05,-1.2427e-06,-2.0547e-06,5.1802e-07,-8.1506e-11,-5.8927e-08,7.6189e-08,9.631e-08,4.0571e-07,1.1237e-08,6.5254e-09,-2.5632e-07,1.2784e-07,-4.2455e-08,-4.497e-09,1.0663e-07,-1.618e-10,-4.6886e-08,-3.8262e-09,-6.1549e-09,4.5401e-09,6.7267e-08,1.525e-08,-2.1044e-09,1.6912e-09
alpha26_pop,7.8153e-11,7.3724e-12,3.4429e-11,2.3657e-10,6.3304e-12,1.7654e-12,-1.9021e-11,-4.9344e-11,-2.2421e-11,1.7232e-11,-4.6903e-12,7.5519e-13,-6.6606e-12,-4.4892e-12,6.0258e-10,-8.5171e-10,-7.3178e-11,-4.9498e-11,-1.2915e-09,2.4257e-07,-8.3695e-09,nan,1.5134e-15,-2.8374e-09,-1.8123e-10,-8.0914e-09,2.1973e-10,3.9067e-10,-8.1506e-11,9.7951e-14,1.1227e-11,-1.5576e-11,-1.9641e-11,-8.4151e-11,-2.2704e-12,-1.3408e-12,5.3448e-11,-2.6123e-11,8.6012e-12,9.7238e-13,-2.1735e-11,9.6991e-15,1.0555e-11,6.0233e-13,1.2588e-12,-9.4342e-13,-1.4133e-11,-3.1019e-12,4.4168e-13,-3.6827e-13
omega_b01,0.0027704,-0.00011392,-4.0921e-06,-9.0545e-05,-1.0926e-06,1.6329e-07,-1.1237e-05,-2.3518e-06,-5.3885e-06,-1.719e-07,-1.4776e-05,3.7974e-06,1.9114e-05,-1.6911e-06,2.3583e-06,-2.61e-05,1.0311e-05,7.5924e-06,-1.763e-05,0.0031068,-8.8114e-05,nan,1.116e-12,-2.0386e-06,2.3248e-05,-0.0013689,-5.5017e-06,4.4035e-05,-5.8927e-08,1.1227e-11,0.011633,4.3133e-05,4.0793e-05,-0.00045885,1.0357e-06,-3.329e-07,-2.0453e-06,3.2421e-06,-2.9891e-05,3.6244e-06,-7.9061e-06,-9.3991e-07,-4.1664e-06,3.4159e-07,-6.8969e-05,5.9743e-08,-4.3108e-06,2.0134e-06,3.4382e-07,-2.4069e-07
omega_b11,0.00010635,-0.00010213,-7.3705e-05,-0.0022694,-8.4142e-07,-4.5797e-08,1.7069e-07,-1.2855e-06,1.2991e-05,-6.2885e-06,-4.3626e-06,2.3418e-06,2.7026e-06,9.1999e-07,-2.2167e-06,8.8965e-06,4.0075e-06,-3.3773e-07,-5.4398e-06,-0.0013782,1.318e-05,nan,-1.6677e-12,2.9944e-06,-4.6612e-06,0.00080526,6.3262e-06,-3.4344e-05,7.6189e-08,-1.5576e-11,4.3133e-05,0.00011426,5.3055e-05,-7.936e-05,4.9748e-08,-3.8616e-08,-3.6418e-06,2.2382e-06,-1.6856e-05,-2.7066e-06,5.1891e-06,1.3476e-06,-2.889e-06,-1.095e-06,7.786e-07,7.2036e-08,-3.2297e-06,9.0882e-07,-6.5661e-08,2.3662e-08
omega_b21,-6.7958e-05,-6.7024e-05,-8.7366e-05,-0.001795,-1.2043e-06,1.5075e-08,2.5407e-06,-1.6946e-06,1.7876e-05,-9.3992e-06,-6.9943e-06,2.7454e-06,1.1081e-05,6.0953e-07,-2.8226e-06,8.9065e-06,-2.4281e-06,2.3769e-06,1.3287e-05,-0.0014735,1.2013e-05,nan,-2.0886e-12,3.7655e-06,-1.6717e-05,0.0011731,4.9912e-06,-4.3848e-05,9.631e-08,-1.9641e-11,4.0793e-05,5.3055e-05,0.00011515,-9.4564e-05,-6.1785e-08,8.0276e-08,-2.8101e-07,3.6226e-06,-2.0626e-05,-3.2943e-06,2.7829e-06,2.6746e-06,2.253e-06,-1.3179e-06,-2.6441e-06,4.0992e-08,-4.3665e-06,-1.6219e-06,-6.3231e-08,-2.7133e-07
omega_a1,-0.00016119,0.00028734,0.00017429,-0.037714,5.8456e-06,-1.0791e-06,6.9975e-05,-1.3286e-05,2.8201e-05,9.3018e-06,8.7922e-05,-1.4305e-05,2.8279e-05,-2.5072e-06,-1.1272e-05,-3.2455e-05,-3.3889e-06,7.2359e-06,0.00013342,0.0054122,0.00043885,nan,-8.9339e-12,1.5936e-05,1.0414e-05,-0.0053457,-7.6426e-05,0.00017907,4.0571e-07,-8.4151e-11,-0.00045885,-7.936e-05,-9.4564e-05,0.012704,3.6478e-06,-9.0516e-07,-6.3901e-05,-2.1791e-05,8.258e-05,-2.2215e-05,2.0194e-05,1.4769e-05,-4.0507e-06,-3.0091e-06,3.465e-05,-9.7908e-07,3.3651e-05,3.2749e-05,8.2942e-07,-1.7359e-06
omega_b02,1.485e-06,-1.3163e-07,-2.3794e-08,-1.2563e-05,-1.2067e-07,-4.6723e-09,-2.9334e-07,-6.1845e-08,1.7567e-07,-4.6309e-07,3.2171e-07,-3.8719e-08,-1.2865e-07,-9.1822e-09,-3.3761e-07,-1.6379e-06,5.5157e-07,-1.5392e-07,7.1764e-07,-1.8342e-05,-3.6801e-07,nan,-2.4702e-13,4.4558e-07,-3.5742e-08,0.00022783,2.0779e-06,-1.1352e-05,1.1237e-08,-2.2704e-12,1.0357e-06,4.9748e-08,-6.1785e-08,3.6478e-06,5.9732e-06,-4.2905e-08,6.0573e-07,6.26e-08,1.3172e-06,-4.5343e-08,2.4803e-07,-9.8801e-08,-4.3973e-07,1.3292e-07,-7.4029e-10,-1.7983e-07,-6.2664e-08,-1.7529e-07,6.4011e-09,-4.1475e-09
omega_b12,-2.5228e-07,1.1279e-08,-1.6739e-09,5.381e-06,-3.5165e-08,1.6508e-08,7.3645e-09,-4.8911e-08,-5.4268e-08,-6.0264e-08,6.5983e-08,-1.5826e-08,-8.9027e-08,1.8919e-08,-1.8758e-07,8.1768e-07,2.6691e-07,-7.8492e-08,5.1511e-07,-5.5887e-05,2.3146e-06,nan,-1.4335e-13,2.5757e-07,-1.7775e-08,7.3404e-05,7.1099e-07,-2.7698e-06,6.5254e-09,-1.3408e-12,-3.329e-07,-3.8616e-08,8.0276e-08,-9.0516e-07,-4.2905e-08,1.6129e-07,-5.7807e-08,-4.1922e-08,-1.1468e-07,3.6828e-08,1.2441e-07,6.1979e-09,1.6415e-08,-4.0947e-08,-1.7671e-08,-1.6216e-08,3.995e-08,-3.4319e-09,-2.6096e-10,-1.3657e-09
omega_b03,-3.4966e-06,4.3643e-06,6.0682e-06,0.00039575,4.2368e-07,4.7179e-08,2.4497e-05,1.9176e-06,-4.7631e-06,4.5103e-08,-3.303e-06,-1.0844e-06,2.98e-06,6.009e-07,6.7279e-06,-3.4273e-05,2.2699e-06,-3.551e-06,-1.4485e-05,0.0027494,-0.00020347,nan,5.7526e-12,-1.0282e-05,-2.2353e-06,0.00063578,2.2194e-05,-2.0022e-05,-2.5632e-07,5.3448e-11,-2.0453e-06,-3.6418e-06,-2.8101e-07,-6.3901e-05,6.0573e-07,-5.7807e-08,0.0021907,-8.8789e-06,1.7568e-06,2.0431e-07,-8.6377e-07,1.8702e-06,-7.8738e-06,3.9261e-07,-1.3857e-07,-1.0972e-07,-4.6772e-05,1.052e-06,1.4833e-07,-4.5412e-07
omega_b13,3.3096e-06,-4.0983e-06,-3.6206e-06,1.7844e-07,-5.2904e-08,3.2992e-08,8.7063e-06,-1.9863e-06,-8.105e-07,1.7286e-08,-8.4718e-07,1.5333e-07,-4.9319e-08,-2.3722e-07,-3.6203e-06,1.6063e-05,4.5827e-07,1.0955e-06,7.0995e-06,-0.0021464,1.4941e-05,nan,-2.7955e-12,4.9992e-06,1.525e-06,6.5957e-05,-6.7119e-06,-3.2161e-06,1.2784e-07,-2.6123e-11,3.2421e-06,2.2382e-06,3.6226e-06,-2.1791e-05,6.26e-08,-4.1922e-08,-8.8789e-06,7.9674e-05,-7.4272e-07,-3.0083e-07,1.1007e-06,-3.9487e-07,1.5794e-07,1.748e-08,-2.2307e-08,2.8077e-08,-3.5708e-06,-2.5268e-07,5.0434e-08,2.9312e-09
omega_b04,1.2025e-05,2.3508e-05,2.3937e-05,0.00014593,2.7889e-08,-1.0898e-09,-4.2289e-06,1.4397e-06,-3.978e-05,-8.643e-06,6.6627e-06,-1.8775e-06,8.4031e-06,-1.587e-06,1.2289e-06,-3.5308e-06,-6.2204e-06,5.909e-07,-2.7549e-06,0.00058446,-2.3106e-05,nan,9.5367e-13,-1.7137e-06,-1.4527e-06,-0.00030748,-2.1717e-06,3.7137e-05,-4.2455e-08,8.6012e-12,-2.9891e-05,-1.6856e-05,-2.0626e-05,8.258e-05,1.3172e-06,-1.1468e-07,1.7568e-06,-7.4272e-07,0.0056263,-4.9959e-06,-9.982e-07,-1.9312e-06,-4.1741e-07,1.0709e-06,6.5458e-07,-1.3632e-07,2.1986e-06,-5.7223e-05,4.2531e-07,-1.9172e-07
omega_b14,4.0458e-06,2.4949e-06,2.6633e-06,0.00020446,-1.915e-07,6.7427e-08,1.393e-06,-6.8791e-08,-1.7675e-06,7.086e-07,1.182e-06,-6.7309e-07,-2.3936e-06,-1.4888e-08,1.2072e-07,-2.3484e-07,8.0059e-07,-1.0843e-07,4.5545e-07,-8.7346e-05,-6.1695e-06,nan,1.0407e-13,-1.8375e-07,-9.3198e-08,0.00020432,2.0776e-06,-4.1978e-06,-4.497e-09,9.7238e-13,3.6244e-06,-2.7066e-06,-3.2943e-06,-2.2215e-05,-4.5343e-08,3.6828e-08,2.0431e-07,-3.0083e-07,-4.9959e-06,3.5159e-05,1.7134e-08,-2.6436e-07,-9.4526e-07,-9.2481e-08,-2.1269e-07,1.2068e-08,-3.9176e-07,-9.205e-06,-1.1678e-08,4.8942e-08
omega_b05,-7.6411e-06,-6.1818e-06,-3.885e-06,-8.8663e-05,1.434e-07,-1.2091e-07,2.7267e-07,-1.582e-07,4.4426e-06,-6.3925e-07,0.00013189,-6.079e-06,6.8363e-07,9.6681e-07,-3.1977e-06,6.9239e-06,5.2975e-06,-1.5713e-06,7.6809e-06,-0.0012056,5.1968e-05,nan,-2.2786e-12,4.0761e-06,-1.1242e-06,-0.00011377,1.0066e-06,-2.2543e-06,1.0663e-07,-2.1735e-11,-7.9061e-06,5.1891e-06,2.7829e-06,2.0194e-05,2.4803e-07,1.2441e-07,-8.6377e-07,1.1007e-06,-9.982e-07,1.7134e-08,0.0018887,-7.3704e-06,5.4537e-06,-1.0866e-06,-2.3253e-07,6.7375e-09,7.0781e-07,-2.1748e-06,-7.9617e-06,2.019e-07
omega_b15,-4.6565e-06,-1.3191e-06,-2.2079e-06,-0.00011349,5.2134e-08,9.1396e-09,3.9343e-07,1.5074e-07,5.421e-08,2.9668e-07,-5.7279e-06,1.2877e-06,-1.1572e-06,-1.2878e-07,-1.0071e-08,6.9962e-07,1.5863e-07,-6.5527e-08,1.9183e-06,-5.3609e-05,-2.2479e-06,nan,1.3308e-15,-7.0956e-11,-6.2468e-07,7.6773e-05,1.0443e-06,-1.8647e-06,-1.618e-10,9.6991e-15,-9.3991e-07,1.3476e-06,2.6746e-06,1.4769e-05,-9.8801e-08,6.1979e-09,1.8702e-06,-3.9487e-07,-1.9312e-06,-2.6436e-07,-7.3704e-06,4.4941e-05,8.4939e-07,-1.3305e-07,-3.9747e-08,5.5236e-09,-2.5787e-07,4.4437e-07,-7.7746e-07,-1.2047e-07
omega_b06,-2.0654e-05,3.7842e-07,-4.2842e-06,0.00029049,-1.042e-07,-1.4158e-08,3.5302e-06,-2.9384e-07,-4.3988e-06,5.8746e-07,-3.665e-06,1.2941e-06,0.00014596,-1.1638e-05,5.3886e-07,-2.2564e-06,-1.2696e-07,2.9906e-08,-9.495e-07,0.0003931,-4.8206e-06,nan,1.1864e-12,-2.1312e-06,-2.914e-06,-0.0004022,-3.8347e-06,1.5596e-05,-4.6886e-08,1.0555e-11,-4.1664e-06,-2.889e-06,2.253e-06,-4.0507e-06,-4.3973e-07,1.6415e-08,-7.8738e-06,1.5794e-07,-4.1741e-07,-9.4526e-07,5.4537e-06,8.4939e-07,0.0013414,-1.8418e-05,-1.0616e-06,5.957e-08,1.3096e-06,1.6629e-08,1.3529e-08,-8.9202e-06
omega_b16,4.4474e-06,1.4408e-06,2.7026e-06,2.6829e-05,1.7352e-08,4.3357e-09,2.2561e-07,7.9499e-08,-1.4045e-06,4.1548e-07,1.3261e-06,-7.1059e-07,-1.5871e-05,3.6806e-06,2.6315e-07,-5.277e-07,-6.6512e-08,-1.283e-07,-1.8491e-06,0.00011651,-3.9049e-06,nan,5.5534e-14,-9.911e-08,1.1543e-07,-9.4863e-06,3.57e-07,1.1007e-06,-3.8262e-09,6.0233e-13,3.4159e-07,-1.095e-06,-1.3179e-06,-3.0091e-06,1.3292e-07,-4.0947e-08,3.9261e-07,1.748e-08,1.0709e-06,-9.2481e-08,-1.0866e-06,-1.3305e-07,-1.8418e-05,3.9746e-05,-7.0098e-08,3.1241e-09,-3.3894e-08,-2.5321e-07,-1.413e-08,-1.374e-06
b_1,-2.9671e-05,-1.7208e-07,2.1344e-06,-0.00045675,7.5795e-08,-3.067e-08,1.0084e-06,-9.5325e-08,-3.5894e-07,2.9212e-07,1.3574e-06,-4.2175e-07,-2.8763e-07,-2.5643e-08,1.525e-07,-4.6947e-07,-2.5246e-06,-2.9776e-07,3.5186e-06,0.00011141,2.5278e-06,nan,1.4323e-13,-2.5423e-07,-2.3291e-06,-0.00012524,-1.3889e-06,4.0006e-06,-6.1549e-09,1.2588e-12,-6.8969e-05,7.786e-07,-2.6441e-06,3.465e-05,-7.4029e-10,-1.7671e-08,-1.3857e-07,-2.2307e-08,6.5458e-07,-2.1269e-07,-2.3253e-07,-3.9747e-08,-1.0616e-06,-7.0098e-08,3.5988e-05,-4.5519e-09,2.5158e-07,2.3964e-07,2.3417e-08,-4.2694e-09
a_2,2.408e-09,-1.1241e-07,-1.1278e-07,2.6824e-06,-2.3594e-09,3.7251e-09,5.656e-09,3.8884e-08,1.2854e-07,-1.8113e-08,-5.7603e-08,6.2476e-09,-2.1224e-08,-2.5074e-09,-1.2179e-07,4.664e-07,2.4541e-08,2.3737e-08,2.1881e-07,-0.00014237,-1.1441e-07,nan,-1.0091e-13,1.8095e-07,-1.0536e-08,3.703e-05,2.5745e-07,-6.0976e-07,4.5401e-09,-9.4342e-13,5.9743e-08,7.2036e-08,4.0992e-08,-9.7908e-07,-1.7983e-07,-1.6216e-08,-1.0972e-07,2.8077e-08,-1.3632e-07,1.2068e-08,6.7375e-09,5.5236e-09,5.957e-08,3.1241e-09,-4.5519e-09,5.7156e-07,-1.3864e-08,7.6828e-09,-1.4519e-09,2.1897e-09
a_3,-8.085e-07,4.9881e-06,4.5902e-06,-5.0395e-05,9.7719e-08,-3.7023e-08,-1.5903e-06,-1.1336e-06,-9.5447e-07,3.1091e-07,3.5129e-07,5.1317e-08,5.7801e-07,-2.4309e-07,-1.6601e-06,6.1877e-07,-9.0935e-07,8.4537e-07,3.49e-06,-0.00021878,5.5193e-05,nan,-1.5253e-12,2.7242e-06,1.4585e-06,-0.00030978,-7.3727e-06,1.0106e-05,6.7267e-08,-1.4133e-11,-4.3108e-06,-3.2297e-06,-4.3665e-06,3.3651e-05,-6.2664e-08,3.995e-08,-4.6772e-05,-3.5708e-06,2.1986e-06,-3.9176e-07,7.0781e-07,-2.5787e-07,1.3096e-06,-3.3894e-08,2.5158e-07,-1.3864e-08,0.00016633,1.4166e-07,-1.2364e-07,6.0435e-08
a_4,2.4193e-07,-2.568e-07,-2.2171e-07,-0.00014312,1.4327e-07,-5.0375e-08,-6.4348e-07,1.83e-07,5.8529e-06,-1.169e-06,-1.3345e-06,-6.2757e-08,1.4208e-06,1.6127e-08,-4.1684e-07,1.003e-06,1.9692e-07,-2.4902e-07,1.2839e-06,0.0001106,1.3466e-05,nan,-3.4448e-13,6.1756e-07,1.6629e-06,1.6539e-05,-5.4544e-07,-1.1563e-05,1.525e-08,-3.1019e-12,2.0134e-06,9.0882e-07,-1.6219e-06,3.2749e-05,-1.7529e-07,-3.4319e-09,1.052e-06,-2.5268e-07,-5.7223e-05,-9.205e-06,-2.1748e-06,4.4437e-07,1.6629e-08,-2.5321e-07,2.3964e-07,7.6828e-09,1.4166e-07,0.00028458,2.5931e-08,2.0775e-08
b_5,5.0446e-07,6.1833e-08,-9.3256e-09,6.1923e-07,-1.5809e-08,2.4603e-09,1.8938e-07,-7.9273e-09,4.5013e-08,5.8787e-08,-1.7718e-06,4.0232e-08,1.2015e-07,1.9003e-09,6.1495e-08,-1.9804e-07,-1.4411e-07,7.295e-08,-3.9385e-07,3.4893e-05,-7.7185e-07,nan,4.723e-14,-8.5065e-08,1.3686e-07,-1.7499e-05,-2.4116e-07,8.0985e-07,-2.1044e-09,4.4168e-13,3.4382e-07,-6.5661e-08,-6.3231e-08,8.2942e-07,6.4011e-09,-2.6096e-10,1.4833e-07,5.0434e-08,4.2531e-07,-1.1678e-08,-7.9617e-06,-7.7746e-07,1.3529e-08,-1.413e-08,2.3417e-08,-1.4519e-09,-1.2364e-07,2.5931e-08,3.6041e-06,1.3353e-09
b_6,3.4732e-07,7.2081e-08,1.8148e-07,6.4758e-06,-2.1256e-09,3.0478e-09,7.5846e-07,-1.3121e-07,-5.2596e-07,1.3287e-07,2.9367e-07,-3.3805e-08,-3.3622e-06,1.5509e-07,-2.6271e-08,-1.6808e-07,-4.1439e-08,1.4715e-08,5.9414e-08,-1.5584e-05,8.2814e-07,nan,-4.0703e-14,7.2875e-08,1.0959e-07,2.7278e-06,-6.6549e-08,-6.2185e-08,1.6912e-09,-3.6827e-13,-2.4069e-07,2.3662e-08,-2.7133e-07,-1.7359e-06,-4.1475e-09,-1.3657e-09,-4.5412e-07,2.9312e-09,-1.9172e-07,4.8942e-08,2.019e-07,-1.2047e-07,-8.9202e-06,-1.374e-06,-4.2694e-09,2.1897e-09,6.0435e-08,2.0775e-08,1.3353e-09,5.6521e-06
