b01_pop,0.021979,-0.00014263,0.00035059,-0.013944,-8.1295e-07,1.097e-07,1.0557e-05,1.5996e-06,-1.386e-05,-1.3967e-06,8.8738e-06,-1.391e-06,-2.1627e-05,9.2681e-06,0.0034579,-0.00013833,1.0896e-05,-1.2117e-05,1.8904e-05,9.4896e-06,-1.4081e-05,0.00042486,-7.944e-05,-4.913e-10,2.6742e-05,-1.9359e-17,-6.7735e-07,2.2381e-05,nan,7.8275e-06,-1.7574e-05,-4.2549e-08,7.7844e-14,-1.2059e-06,0.0027306,8.3021e-05,-0.0001559,0.0016389,9.3759e-08,1.2802e-08,6.0049e-06,1.0906e-06,6.2872e-06,4.4153e-07,-1.5507e-05,1.6887e-06,1.3765e-05,nan,-0.0032259,0.00057044,nan,1.7044e-07,1.4674e-07,1.0368e-06,-6.0088e-07,nan,nan
b11_pop,-0.00014263,0.00025112,0.00017823,-0.0027773,1.8872e-08,-5.739e-08,-7.1955e-07,1.3812e-06,-7.8053e-06,1.6215e-06,7.068e-06,-2.5348e-06,1.409e-06,2.238e-06,9.405e-05,-0.00036608,-1.3656e-05,1.8065e-05,8.5244e-06,-9.5141e-06,9.6254e-06,-0.0002598,-6.0319e-06,2.0555e-10,2.917e-05,5.4742e-18,-4.3367e-07,7.9016e-07,nan,1.1023e-05,2.8092e-05,2.7547e-08,-2.7549e-14,9.2478e-07,-2.5205e-05,-7.9472e-05,-9.411e-05,0.00089765,-2.1313e-07,-1.3136e-07,-3.1356e-06,1.8098e-06,-4.1086e-06,1.0559e-06,-8.3821e-07,-1.2369e-06,6.9906e-06,nan,8.0621e-05,-0.00048421,nan,1.1196e-07,-6.5044e-08,2.4514e-06,-1.1275e-07,nan,nan
b21_pop,0.00035059,0.00017823,0.0002643,-0.0049991,-6.4137e-08,-5.7261e-08,2.6149e-06,1.3413e-06,-7.9427e-06,1.0555e-06,6.9041e-06,-2.4217e-06,-2.3776e-06,4.0691e-06,0.0009109,-0.00016333,-4.2088e-06,1.0103e-05,5.7165e-06,-4.2483e-06,-1.305e-06,-0.00021954,-1.8619e-05,1.4659e-10,1.4577e-05,5.2869e-17,-3.9873e-07,-6.2886e-06,nan,5.0696e-06,2.1623e-06,-4.8295e-09,-2.4415e-14,5.7126e-09,0.00016978,-5.202e-05,-0.00013004,0.0011731,-2.0986e-07,-1.2731e-07,-2.4961e-06,2.0555e-06,-1.9843e-06,1.1505e-06,-4.5694e-06,-7.3746e-07,8.7294e-06,nan,-0.0015871,0.00013252,nan,1.364e-07,-2.6771e-07,2.0239e-06,-2.5244e-07,nan,nan
a1_pop,-0.013944,-0.0027773,-0.0049991,1.0351,5.7255e-05,-7.2845e-06,-0.0003112,2.4308e-05,0.0006039,-4.6601e-05,9.1241e-05,-1.0421e-05,0.00063261,-0.00020473,-0.16287,0.014361,-0.00037425,0.00019581,-4.0709e-05,-0.00032265,0.001414,0.023273,0.0016214,7.0668e-09,-0.00077916,-4.8342e-15,1.7002e-05,0.00011738,nan,0.00042248,0.0016281,2.1969e-06,-8.5255e-13,5.1518e-05,-0.020998,-0.0037412,-0.00051692,-0.12696,-2.418e-05,-2.4082e-06,-0.00027223,5.6899e-06,-0.00022294,-0.0001318,0.00096141,-0.00017395,-0.0004394,nan,0.036686,-0.023372,nan,-1.118e-06,-8.1992e-05,-6.4565e-05,2.6673e-06,nan,nan
b02_pop,-8.1295e-07,1.8872e-08,-6.4137e-08,5.7255e-05,9.2129e-06,-3.3972e-07,-1.5768e-07,-1.0632e-08,2.7432e-08,3.2286e-09,-3.3404e-08,5.771e-08,2.6703e-08,1.2357e-08,-6.5683e-05,8.4335e-06,-1.1616e-06,3.1193e-06,5.5828e-08,-5.5857e-07,1.0229e-06,0.00011444,-1.2992e-06,1.9266e-11,-1.2067e-06,-4.0325e-18,-3.0329e-08,-2.5697e-08,nan,9.2274e-07,2.8934e-06,3.3599e-09,-2.3549e-15,5.4765e-08,-1.4452e-06,-3.7014e-07,-2.4513e-07,-7.5359e-06,7.3939e-08,-2.7318e-08,2.2036e-07,-6.165e-08,-2.864e-08,-1.6666e-08,9.2592e-08,2.4616e-08,-1.1501e-07,nan,-5.7838e-05,-4.2259e-06,nan,5.5351e-09,1.0308e-08,3.0954e-08,8.398e-10,nan,nan
b12_pop,1.097e-07,-5.739e-08,-5.7261e-08,-7.2845e-06,-3.3972e-07,2.4314e-07,1.6388e-08,7.6413e-08,-7.7736e-09,-1.0062e-08,1.1215e-08,-4.8792e-09,1.3325e-08,-4.4155e-10,1.271e-05,-6.7662e-07,9.2579e-07,-9.0462e-07,-4.3783e-09,1.187e-07,-6.3942e-07,2.0432e-06,-1.0045e-06,-1.0785e-11,-5.1115e-07,1.6028e-18,2.1707e-09,6.0462e-08,nan,-1.2345e-07,-7.5481e-07,-8.3158e-10,1.1761e-15,-1.5063e-08,2.0532e-07,9.5356e-08,7.7299e-08,5.1672e-07,-4.8417e-08,1.6053e-08,3.4337e-08,3.348e-08,-5.7709e-08,4.9524e-10,-7.7579e-08,-1.0855e-09,-4.5196e-09,nan,7.3678e-06,2.1691e-06,nan,-2.0071e-09,-1.3874e-08,-1.8026e-09,4.7263e-10,nan,nan
b03_pop,1.0557e-05,-7.1955e-07,2.6149e-06,-0.0003112,-1.5768e-07,1.6388e-08,0.0039851,-0.00012072,-4.5455e-06,1.72e-07,-5.863e-06,2.0904e-06,1.3526e-06,1.1023e-06,0.00048484,-1.3272e-05,4.2185e-05,-8.3443e-05,-2.6159e-06,2.6704e-05,-2.9616e-05,-0.00015544,7.2187e-05,-6.74e-10,-5.5218e-05,6.8629e-17,5.2121e-07,1.6064e-06,nan,-2.5591e-05,-7.4379e-05,-7.3241e-08,8.9666e-14,-1.619e-06,-2.1468e-06,2.2626e-06,-2.5183e-06,8.2989e-05,-2.193e-07,1.0578e-08,1.3365e-05,8.234e-06,1.5329e-06,-9.0487e-08,1.9935e-06,-2.4591e-07,4.3761e-06,nan,9.4752e-05,0.00033981,nan,-6.6031e-09,-2.917e-06,-1.6521e-07,-6.3506e-08,nan,nan
b13_pop,1.5996e-06,1.3812e-06,1.3413e-06,2.4308e-05,-1.0632e-08,7.6413e-08,-0.00012072,0.00015971,1.8652e-07,7.2757e-07,1.8677e-06,-3.7464e-07,-4.9343e-07,-2.034e-07,-0.00030213,-7.4581e-05,-4.0194e-05,4.3304e-05,1.4208e-05,-1.5359e-05,2.6279e-05,-0.00042518,-2.2026e-05,4.9224e-10,8.0537e-05,-5.7312e-17,-2.5771e-08,-3.1577e-07,nan,2.0907e-05,5.0052e-05,4.3652e-08,-6.0536e-14,1.1633e-06,1.8992e-06,-2.0127e-06,3.7662e-07,-1.5889e-05,2.4533e-08,-1.2428e-08,6.4861e-06,-4.1902e-06,-1.8046e-07,1.5721e-07,-3.0135e-07,-3.2313e-07,-8.4642e-07,nan,0.00025394,-0.00027846,nan,7.1049e-09,-4.5428e-07,-9.1934e-09,2.1531e-08,nan,nan
b04_pop,-1.386e-05,-7.8053e-06,-7.9427e-06,0.0006039,2.7432e-08,-7.7736e-09,-4.5455e-06,1.8652e-07,0.010549,-7.9594e-05,-2.7937e-06,4.0403e-07,4.792e-06,-1.4302e-06,0.00031357,-8.7675e-05,-2.5884e-06,4.7878e-06,-1.8122e-07,-4.7368e-06,3.3496e-06,0.00031509,-1.2972e-06,7.1656e-11,3.9599e-06,-6.4239e-17,-2.402e-08,6.4697e-07,nan,7.3761e-06,2.7293e-05,3.002e-08,-1.0632e-14,2.5012e-07,-3.619e-05,6.6916e-07,7.99e-07,-8.7846e-05,-7.9121e-08,-1.9705e-08,1.03e-06,3.4998e-07,7.1657e-05,-2.0211e-06,-2.8366e-07,8.9222e-08,-2.9428e-06,nan,0.00015041,-6.7651e-05,nan,-2.7971e-08,-5.4371e-07,5.0495e-07,-3.6709e-08,nan,nan
b14_pop,-1.3967e-06,1.6215e-06,1.0555e-06,-4.6601e-05,3.2286e-09,-1.0062e-08,1.72e-07,7.2757e-07,-7.9594e-05,6.0731e-05,2.033e-07,7.5784e-08,-8.9899e-07,1.5752e-07,-0.0001301,1.9872e-05,-3.7321e-06,7.1929e-06,3.1935e-07,-3.4544e-06,5.0225e-06,0.00043995,-2.6904e-06,8.0231e-11,-5.9107e-06,-6.7222e-17,-6.9521e-08,-3.6545e-08,nan,8.3079e-06,2.9914e-05,3.5689e-08,-1.0616e-14,3.5877e-07,3.171e-06,-6.4413e-07,-2.3646e-07,1.6109e-06,3.7561e-08,-4.9379e-09,-9.6723e-08,-1.2853e-08,1.6266e-06,8.6999e-07,2.8453e-07,-1.6395e-07,3.7894e-07,nan,5.3062e-05,-6.8657e-05,nan,1.3388e-09,3.1524e-07,-1.6894e-06,3.3923e-09,nan,nan
b05_pop,8.8738e-06,7.068e-06,6.9041e-06,9.1241e-05,-3.3404e-08,1.1215e-08,-5.863e-06,1.8677e-06,-2.7937e-06,2.033e-07,0.0029753,-6.5461e-05,-9.4214e-07,-4.1876e-08,-0.00020796,-4.2614e-05,-2.6335e-06,2.7837e-06,1.2718e-07,-2.4251e-06,2.7252e-06,-3.5669e-05,-2.0067e-06,4.3136e-11,1.2539e-05,-1.1006e-17,5.9685e-08,5.5973e-08,nan,1.4997e-06,8.3243e-06,2.2579e-08,-6.3567e-15,2.999e-07,-3.6145e-06,-4.2234e-06,-4.0697e-06,-1.388e-05,-3.3311e-07,-2.1612e-08,-2.0148e-06,3.1733e-07,3.1767e-07,-3.2129e-07,0.00011692,-7.2747e-06,2.6796e-06,nan,0.00038447,-0.00026481,nan,1.2624e-08,-4.0436e-07,1.2326e-06,-1.0131e-06,nan,nan
b15_pop,-1.391e-06,-2.5348e-06,-2.4217e-06,-1.0421e-05,5.771e-08,-4.8792e-09,2.0904e-06,-3.7464e-07,4.0403e-07,7.5784e-08,-6.5461e-05,6.9652e-05,8.9455e-09,6.1739e-08,9.3147e-05,-1.1337e-05,2.1333e-07,2.0767e-07,-3.396e-07,1.5555e-07,3.3932e-07,8.1733e-05,5.1371e-06,1.8828e-11,-2.3435e-05,-7.2745e-19,-1.3992e-08,-1.3962e-07,nan,2.5932e-07,-9.695e-08,1.3754e-08,-1.6668e-15,-1.8162e-08,9.7696e-07,1.2191e-06,1.344e-06,-3.559e-06,7.2937e-08,-8.6668e-09,-1.9402e-07,-2.9422e-07,2.4207e-07,-1.0065e-07,-1.1658e-05,2.0399e-06,-4.2029e-07,nan,7.0317e-05,8.4377e-06,nan,-1.4429e-09,1.976e-07,-2.0871e-07,1.4333e-08,nan,nan
b06_pop,-2.1627e-05,1.409e-06,-2.3776e-06,0.00063261,2.6703e-08,1.3325e-08,1.3526e-06,-4.9343e-07,4.792e-06,-8.9899e-07,-9.4214e-07,8.9455e-09,0.0022663,-7.6784e-05,-0.00012802,-2.9476e-05,-8.5027e-08,-3.2616e-07,1.6828e-07,-1.5907e-07,3.6662e-06,0.00017607,2.489e-06,1.1054e-11,-8.3607e-06,-1.7197e-17,9.2304e-08,-2.9029e-07,nan,8.4235e-08,3.5285e-06,5.06e-09,-1.3151e-15,4.8213e-08,-1.5595e-05,-5.2271e-06,9.2947e-09,-5.7146e-05,-1.1535e-07,-6.458e-08,2.7277e-06,5.7158e-07,-1.6888e-06,-3.4426e-07,7.7555e-07,2.0785e-07,0.00013905,nan,-0.00019953,-0.00013756,nan,-1.0594e-09,-1.1289e-06,2.4812e-07,-3.3137e-08,nan,nan
b16_pop,9.2681e-06,2.238e-06,4.0691e-06,-0.00020473,1.2357e-08,-4.4155e-10,1.1023e-06,-2.034e-07,-1.4302e-06,1.5752e-07,-4.1876e-08,6.1739e-08,-7.6784e-05,6.6529e-05,3.2921e-05,-2.6644e-06,-4.5051e-08,2.0666e-07,-5.2811e-08,-3.2255e-07,-4.9064e-07,1.4191e-05,1.5253e-07,5.333e-12,6.7499e-07,3.7036e-18,-8.1894e-09,-1.3198e-07,nan,7.158e-07,-1.4414e-07,-1.7522e-10,-9.8236e-16,1.4935e-08,3.2518e-06,1.9896e-07,-1.9013e-06,2.9101e-05,9.401e-09,3.0813e-08,-4.4798e-07,3.3822e-08,-2.3365e-07,5.2344e-07,-6.8761e-07,-1.2078e-07,-7.2406e-06,nan,0.00026804,4.2763e-05,nan,6.166e-10,3.372e-07,-2.7626e-07,2.7531e-08,nan,nan
b07_pop,0.0034579,9.405e-05,0.0009109,-0.16287,-6.5683e-05,1.271e-05,0.00048484,-0.00030213,0.00031357,-0.0001301,-0.00020796,9.3147e-05,-0.00012802,3.2921e-05,46.438,-0.64562,0.00099292,-0.005338,0.0030187,0.0012542,-0.0012089,0.00069747,0.00084956,-1.2536e-08,-0.00095579,-2.2436e-16,0.00023089,-0.00081912,nan,0.00049509,-0.0028811,-1.9095e-06,1.5035e-12,-7.8217e-05,0.0028104,0.00073491,-0.00053847,0.034438,2.261e-05,-1.687e-06,0.00074171,-6.0437e-05,-0.00058602,4.55e-05,-7.0184e-06,-3.3338e-05,0.00057698,nan,4.6188,-0.030284,nan,2.378e-06,-0.00010771,7.3794e-05,-1.3836e-05,nan,nan
b17_pop,-0.00013833,-0.00036608,-0.00016333,0.014361,8.4335e-06,-6.7662e-07,-1.3272e-05,-7.4581e-05,-8.7675e-05,1.9872e-05,-4.2614e-05,-1.1337e-05,-2.9476e-05,-2.6644e-06,-0.64562,0.34141,-0.00094757,0.00078343,0.00082434,-0.00027134,0.0006811,-0.025889,0.0015218,1.4813e-08,0.0001478,6.8009e-18,1.7805e-06,-0.00023613,nan,0.00060991,0.00017855,-3.271e-07,-1.8775e-12,-1.3932e-05,-0.00085726,0.00018418,-0.00019313,0.0016193,2.3527e-06,1.9521e-06,-0.00016076,-1.2118e-05,9.8466e-05,-4.0217e-06,-0.00014513,3.6801e-05,-7.631e-05,nan,-0.4613,0.11059,nan,-1.5299e-06,-2.1861e-06,2.006e-05,-1.4006e-06,nan,nan
p1_pop,1.0896e-05,-1.3656e-05,-4.2088e-06,-0.00037425,-1.1616e-06,9.2579e-07,4.2185e-05,-4.0194e-05,-2.5884e-06,-3.7321e-06,-2.6335e-06,2.1333e-07,-8.5027e-08,-4.5051e-08,0.00099292,-0.00094757,0.0007301,-0.00051718,-2.2927e-06,4.304e-05,-0.00054342,0.021377,-0.0021169,-8.5377e-09,0.00027275,8.7267e-16,4.6187e-06,4.4912e-05,nan,8.908e-07,-0.00032156,-2.8234e-07,8.7786e-13,-7.4149e-06,-3.3014e-06,3.0348e-06,2.5731e-06,2.2884e-05,5.4861e-08,-7.3633e-08,2.3718e-05,-1.2737e-05,-1.4367e-06,-7.0118e-07,-4.1107e-07,5.3079e-07,2.9695e-06,nan,-0.00027781,0.00066189,nan,-5.0613e-08,-4.85e-06,8.8639e-07,7.01e-09,nan,nan
g1_pop,-1.2117e-05,1.8065e-05,1.0103e-05,0.00019581,3.1193e-06,-9.0462e-07,-8.3443e-05,4.3304e-05,4.7878e-06,7.1929e-06,2.7837e-06,2.0767e-07,-3.2616e-07,2.0666e-07,-0.005338,0.00078343,-0.00051718,0.00083647,3.769e-06,-0.0001109,0.00040838,0.008416,0.00032093,6.8517e-09,-0.00039615,-4.0573e-16,-2.1791e-05,-1.6945e-05,nan,0.00016712,0.00063276,5.4899e-07,-7.5632e-13,1.2285e-05,-1.716e-06,-6.2332e-06,-4.08e-06,-4.8527e-05,-9.4718e-08,8.4341e-08,-3.4105e-05,2.0788e-05,1.5938e-06,1.2263e-06,6.7027e-07,-8.2132e-07,-2.7058e-06,nan,-0.00056316,-0.0016749,nan,2.957e-08,-4.1968e-07,-1.4396e-06,8.9571e-08,nan,nan
p2_pop,1.8904e-05,8.5244e-06,5.7165e-06,-4.0709e-05,5.5828e-08,-4.3783e-09,-2.6159e-06,1.4208e-05,-1.8122e-07,3.1935e-07,1.2718e-07,-3.396e-07,1.6828e-07,-5.2811e-08,0.0030187,0.00082434,-2.2927e-06,3.769e-06,0.00065238,-2.2692e-05,2.2336e-05,0.0049148,-7.8858e-05,2.5034e-10,8.7103e-05,1.6688e-16,2.6557e-06,-6.1964e-06,nan,0.00013092,0.00013386,2.1496e-07,-5.0844e-14,-8.8111e-08,6.9028e-06,2.2973e-06,-8.929e-06,0.00011751,1.3322e-07,2.8348e-08,1.6036e-06,1.8808e-06,-8.666e-07,2.6843e-07,-1.3425e-06,1.1226e-07,-4.4806e-07,nan,-0.0011248,0.0010424,nan,-1.9081e-08,-6.0702e-07,1.7062e-07,-3.863e-08,nan,nan
g2_pop,9.4896e-06,-9.5141e-06,-4.2483e-06,-0.00032265,-5.5857e-07,1.187e-07,2.6704e-05,-1.5359e-05,-4.7368e-06,-3.4544e-06,-2.4251e-06,1.5555e-07,-1.5907e-07,-3.2255e-07,0.0012542,-0.00027134,4.304e-05,-0.0001109,-2.2692e-05,0.00024129,-7.676e-05,-0.0095041,0.00018836,-3.2522e-09,-3.1721e-05,-5.7304e-17,-1.6775e-07,2.9603e-05,nan,-0.00031297,-0.00035142,-3.6245e-07,5.6353e-13,-9.2005e-06,-8.8654e-07,5.4493e-06,4.0955e-07,9.4021e-05,-4.43e-08,-2.2402e-08,-2.727e-06,-3.0654e-06,-5.9562e-07,-8.3826e-07,-1.1928e-06,2.7324e-07,1.6604e-06,nan,-0.0020963,0.0016263,nan,4.2517e-09,2.3162e-06,8.4988e-07,-3.7308e-08,nan,nan
alpha11_pop,-1.4081e-05,9.6254e-06,-1.305e-06,0.001414,1.0229e-06,-6.3942e-07,-2.9616e-05,2.6279e-05,3.3496e-06,5.0225e-06,2.7252e-06,3.3932e-07,3.6662e-06,-4.9064e-07,-0.0012089,0.0006811,-0.00054342,0.00040838,2.2336e-05,-7.676e-05,0.00084968,-0.0026177,0.0018177,8.1615e-09,-0.00067744,-1.3941e-15,-4.0768e-06,-0.00011147,nan,6.7367e-05,0.00042877,5.1533e-07,-9.4346e-13,9.5296e-06,-1.1231e-05,-1.4951e-05,-2.4485e-06,-9.9765e-05,1.1148e-07,1.19e-07,-2.1823e-05,5.8724e-06,1.948e-06,9.7504e-07,1.7328e-06,-9.1871e-07,-8.0453e-06,nan,0.00073623,-0.0011455,nan,-1.5048e-08,4.7568e-06,-1.4465e-06,-1.0706e-07,nan,nan
alpha12_pop,0.00042486,-0.0002598,-0.00021954,0.023273,0.00011444,2.0432e-06,-0.00015544,-0.00042518,0.00031509,0.00043995,-3.5669e-05,8.1733e-05,0.00017607,1.4191e-05,0.00069747,-0.025889,0.021377,0.008416,0.0049148,-0.0095041,-0.0026177,6.9299,-0.084256,-8.5932e-09,-0.057509,-4.4537e-14,0.00017393,-0.0055146,nan,0.02614,0.036216,6.0403e-05,-1.3868e-11,0.00040963,0.00016552,-0.00039759,0.00026933,-0.0071343,8.4894e-05,2.4968e-05,0.00062238,-0.00059521,5.5987e-05,4.9058e-05,0.00017343,-7.7647e-05,-0.00022977,nan,0.20727,-0.10552,nan,-1.7204e-05,-0.00024209,-7.4564e-05,4.4029e-06,nan,nan
alpha13_pop,-7.944e-05,-6.0319e-06,-1.8619e-05,0.0016214,-1.2992e-06,-1.0045e-06,7.2187e-05,-2.2026e-05,-1.2972e-06,-2.6904e-06,-2.0067e-06,5.1371e-06,2.489e-06,1.5253e-07,0.00084956,0.0015218,-0.0021169,0.00032093,-7.8858e-05,0.00018836,0.0018177,-0.084256,0.015516,2.6743e-08,-0.0055149,-2.3238e-15,-9.2357e-06,-0.00020563,nan,-0.00062144,-0.00033794,-2.4709e-07,-2.5128e-12,-5.9131e-06,-3.9351e-05,1.1466e-05,3.8346e-06,2.461e-05,-8.8037e-07,5.831e-07,-8.3195e-05,-7.2341e-05,5.9476e-06,-1.4789e-06,6.3626e-07,-5.1099e-06,-4.463e-06,nan,-0.0052227,0.0034055,nan,-4.2837e-09,5.8264e-05,-5.1789e-07,-2.2713e-07,nan,nan
alpha14_pop,-4.913e-10,2.0555e-10,1.4659e-10,7.0668e-09,1.9266e-11,-1.0785e-11,-6.74e-10,4.9224e-10,7.1656e-11,8.0231e-11,4.3136e-11,1.8828e-11,1.1054e-11,5.333e-12,-1.2536e-08,1.4813e-08,-8.5377e-09,6.8517e-09,2.5034e-10,-3.2522e-09,8.1615e-09,-8.5932e-09,2.6743e-08,1.9868e-10,-2.3188e-08,2.6666e-17,2.7916e-11,-6.0184e-09,nan,3.4062e-09,6.8332e-09,5.4588e-11,-1.8431e-14,1.8002e-10,-1.4901e-10,-1.3821e-10,-3.2233e-11,3.2819e-10,6.3268e-13,1.9658e-12,-2.782e-10,1.2835e-10,3.665e-11,1.4005e-11,2.2788e-11,-2.7599e-11,-6.904e-11,nan,2.0412e-08,-2.097e-08,nan,1.917e-13,4.0872e-11,-1.7734e-11,3.8101e-13,nan,nan
alpha15_pop,2.6742e-05,2.917e-05,1.4577e-05,-0.00077916,-1.2067e-06,-5.1115e-07,-5.5218e-05,8.0537e-05,3.9599e-06,-5.9107e-06,1.2539e-05,-2.3435e-05,-8.3607e-06,6.7499e-07,-0.00095579,0.0001478,0.00027275,-0.00039615,8.7103e-05,-3.1721e-05,-0.00067744,-0.057509,-0.0055149,-2.3188e-08,0.018966,-7.3029e-16,-6.1083e-06,0.00025763,nan,0.00011853,-0.00016426,-1.4534e-06,2.3841e-12,1.6799e-06,3.2905e-05,-9.9877e-06,-1.0693e-05,7.3848e-05,1.1349e-06,-5.1239e-07,1.009e-05,4.1264e-05,-5.0633e-06,1.8489e-06,-1.2614e-05,1.9055e-05,7.3745e-06,nan,0.0014646,-0.0010681,nan,5.3028e-08,-1.3035e-05,2.0982e-06,-5.9752e-07,nan,nan
alpha16_pop,-1.9359e-17,5.4742e-18,5.2869e-17,-4.8342e-15,-4.0325e-18,1.6028e-18,6.8629e-17,-5.7312e-17,-6.4239e-17,-6.7222e-17,-1.1006e-17,-7.2745e-19,-1.7197e-17,3.7036e-18,-2.2436e-16,6.8009e-18,8.7267e-16,-4.0573e-16,1.6688e-16,-5.7304e-17,-1.3941e-15,-4.4537e-14,-2.3238e-15,2.6666e-17,-7.3029e-16,2.39e-20,-7.2632e-17,-1.1141e-15,nan,-6.7068e-16,-5.9083e-15,-3.9127e-16,-4.5794e-21,-2.4714e-17,-5.0706e-17,2.4015e-17,-2.1788e-17,1.2358e-15,-8.3458e-20,-4.2026e-19,1.3072e-17,-1.4033e-17,1.1753e-18,-1.4402e-17,-1.0503e-17,3.5862e-19,2.2657e-17,nan,-1.26e-14,6.6709e-15,nan,8.0987e-20,1.1016e-18,1.282e-17,-8.8432e-20,nan,nan
alpha17_pop,-6.7735e-07,-4.3367e-07,-3.9873e-07,1.7002e-05,-3.0329e-08,2.1707e-09,5.2121e-07,-2.5771e-08,-2.402e-08,-6.9521e-08,5.9685e-08,-1.3992e-08,9.2304e-08,-8.1894e-09,0.00023089,1.7805e-06,4.6187e-06,-2.1791e-05,2.6557e-06,-1.6775e-07,-4.0768e-06,0.00017393,-9.2357e-06,2.7916e-11,-6.1083e-06,-7.2632e-17,2.7529e-06,-5.1941e-06,nan,-3.4353e-07,-7.4241e-06,1.8507e-08,-8.1466e-15,-8.5742e-08,1.1547e-07,5.543e-08,3.4714e-07,-5.3018e-06,-8.3998e-09,2.6878e-09,7.4955e-07,6.5691e-08,-5.3627e-08,-2.8631e-09,1.2143e-07,-3.3695e-09,-1.6194e-07,nan,0.00017921,-1.7935e-05,nan,6.8818e-10,-1.3099e-07,9.46e-09,-1.8139e-09,nan,nan
alpha21_pop,2.2381e-05,7.9016e-07,-6.2886e-06,0.00011738,-2.5697e-08,6.0462e-08,1.6064e-06,-3.1577e-07,6.4697e-07,-3.6545e-08,5.5973e-08,-1.3962e-07,-2.9029e-07,-1.3198e-07,-0.00081912,-0.00023613,4.4912e-05,-1.6945e-05,-6.1964e-06,2.9603e-05,-0.00011147,-0.0055146,-0.00020563,-6.0184e-09,0.00025763,-1.1141e-15,-5.1941e-06,0.00045067,nan,-2.5199e-05,3.0746e-05,-1.9167e-08,1.0516e-12,-9.2681e-07,1.3815e-05,4.9335e-06,8.915e-07,-0.0001525,-1.4029e-07,-5.4547e-08,5.2487e-06,-5.3307e-07,-9.8529e-07,-4.8524e-08,4.8889e-07,-1.7165e-08,1.3181e-06,nan,0.0003329,-0.00018491,nan,2.0966e-08,-4.009e-07,-1.7141e-07,6.5434e-08,nan,nan
alpha22_pop,nan,nan,nan,nan,nan,nan,nan,nan,nan,nan,nan,nan,nan,nan,nan,nan,nan,nan,nan,nan,nan,nan,nan,nan,nan,nan,nan,nan,nan,nan,nan,nan,nan,nan,nan,nan,nan,nan,nan,nan,nan,nan,nan,nan,nan,nan,nan,nan,nan,nan,nan,nan,nan,nan,nan,nan,nan
alpha23_pop,7.8275e-06,1.1023e-05,5.0696e-06,0.00042248,9.2274e-07,-1.2345e-07,-2.5591e-05,2.0907e-05,7.3761e-06,8.3079e-06,1.4997e-06,2.5932e-07,8.4235e-08,7.158e-07,0.00049509,0.00060991,8.908e-07,0.00016712,0.00013092,-0.00031297,6.7367e-05,0.02614,-0.00062144,3.4062e-09,0.00011853,-6.7068e-16,-3.4353e-07,-2.5199e-05,nan,0.0011595,0.00077726,-7.1843e-07,-6.4215e-13,1.0563e-05,2.7132e-06,-7.2952e-06,-5.0599e-06,-5.5419e-05,3.4606e-07,7.7729e-08,2.1507e-05,1.1176e-06,4.6474e-08,1.6842e-06,9.0935e-07,-2.5809e-07,-2.0053e-06,nan,0.0014788,-0.0012857,nan,-5.137e-08,-1.062e-05,-1.4892e-06,2.4934e-08,nan,nan
alpha24_pop,-1.7574e-05,2.8092e-05,2.1623e-06,0.0016281,2.8934e-06,-7.5481e-07,-7.4379e-05,5.0052e-05,2.7293e-05,2.9914e-05,8.3243e-06,-9.695e-08,3.5285e-06,-1.4414e-07,-0.0028811,0.00017855,-0.00032156,0.00063276,0.00013386,-0.00035142,0.00042877,0.036216,-0.00033794,6.8332e-09,-0.00016426,-5.9083e-15,-7.4241e-06,3.0746e-05,nan,0.00077726,0.0027101,3.1256e-06,-9.2643e-13,3.2693e-05,2.4393e-05,-2.3701e-05,7.5584e-06,-0.00048688,1.7684e-07,1.0705e-07,-8.5304e-06,1.6159e-05,1.9461e-06,6.4242e-06,6.6817e-06,-1.4828e-06,-7.0233e-06,nan,0.0099079,-0.0066751,nan,-1.6638e-08,-5.5259e-06,-5.7811e-06,1.9087e-07,nan,nan
alpha25_pop,-4.2549e-08,2.7547e-08,-4.8295e-09,2.1969e-06,3.3599e-09,-8.3158e-10,-7.3241e-08,4.3652e-08,3.002e-08,3.5689e-08,2.2579e-08,1.3754e-08,5.06e-09,-1.7522e-10,-1.9095e-06,-3.271e-07,-2.8234e-07,5.4899e-07,2.1496e-07,-3.6245e-07,5.1533e-07,6.0403e-05,-2.4709e-07,5.4588e-11,-1.4534e-06,-3.9127e-16,1.8507e-08,-1.9167e-08,nan,-7.1843e-07,3.1256e-06,2.4847e-06,-2.3783e-15,4.3023e-08,3.4223e-08,-2.9959e-08,2.3262e-08,-7.5391e-07,1.2713e-10,2.0641e-10,-4.0082e-08,2.7085e-08,3.3113e-09,7.2473e-09,-1.4909e-08,-1.2388e-09,-1.088e-08,nan,1.6357e-05,-9.6518e-06,nan,-4.2384e-11,4.1962e-09,-7.6034e-09,1.3739e-09,nan,nan
alpha26_pop,7.7844e-14,-2.7549e-14,-2.4415e-14,-8.5255e-13,-2.3549e-15,1.1761e-15,8.9666e-14,-6.0536e-14,-1.0632e-14,-1.0616e-14,-6.3567e-15,-1.6668e-15,-1.3151e-15,-9.8236e-16,1.5035e-12,-1.8775e-12,8.7786e-13,-7.5632e-13,-5.0844e-14,5.6353e-13,-9.4346e-13,-1.3868e-11,-2.5128e-12,-1.8431e-14,2.3841e-12,-4.5794e-21,-8.1466e-15,1.0516e-12,nan,-6.4215e-13,-9.2643e-13,-2.3783e-15,3.415e-18,-2.6349e-14,2.7617e-14,2.3224e-14,4.5273e-15,-9.7613e-14,-2.6675e-16,-2.5666e-16,2.851e-14,-1.5262e-14,-4.9984e-15,-2.0898e-15,-2.7332e-15,2.8742e-15,9.304e-15,nan,-3.524e-12,3.2916e-12,nan,8.837e-18,-1.9959e-15,2.2411e-15,-1.1232e-17,nan,nan
alpha27_pop,-1.2059e-06,9.2478e-07,5.7126e-09,5.1518e-05,5.4765e-08,-1.5063e-08,-1.619e-06,1.1633e-06,2.5012e-07,3.5877e-07,2.999e-07,-1.8162e-08,4.8213e-08,1.4935e-08,-7.8217e-05,-1.3932e-05,-7.4149e-06,1.2285e-05,-8.8111e-08,-9.2005e-06,9.5296e-06,0.00040963,-5.9131e-06,1.8002e-10,1.6799e-06,-2.4714e-17,-8.5742e-08,-9.2681e-07,nan,1.0563e-05,3.2693e-05,4.3023e-08,-2.6349e-14,1.0519e-06,5.5877e-07,-8.0732e-07,4.903e-07,-1.7397e-05,-7.987e-09,-1.8454e-10,-3.6048e-07,4.1381e-07,7.7077e-08,8.2754e-08,2.2389e-07,-4.0766e-08,-1.6961e-07,nan,0.00039967,-0.00024148,nan,1.6115e-09,-3.4036e-08,-9.5123e-08,6.3114e-09,nan,nan
omega_b01,0.0027306,-2.5205e-05,0.00016978,-0.020998,-1.4452e-06,2.0532e-07,-2.1468e-06,1.8992e-06,-3.619e-05,3.171e-06,-3.6145e-06,9.7696e-07,-1.5595e-05,3.2518e-06,0.0028104,-0.00085726,-3.3014e-06,-1.716e-06,6.9028e-06,-8.8654e-07,-1.1231e-05,0.00016552,-3.9351e-05,-1.4901e-10,3.2905e-05,-5.0706e-17,1.1547e-07,1.3815e-05,nan,2.7132e-06,2.4393e-05,3.4223e-08,2.7617e-14,5.5877e-07,0.013989,0.00013235,8.2142e-05,0.0013796,7.0895e-07,1.6947e-07,1.7303e-06,-2.4998e-06,2.7536e-06,3.6412e-06,-2.1752e-05,1.995e-06,1.2869e-05,nan,0.002392,-0.0013359,nan,4.9925e-08,6.8129e-07,2.9361e-06,-5.4899e-08,nan,nan
omega_b11,8.3021e-05,-7.9472e-05,-5.202e-05,-0.0037412,-3.7014e-07,9.5356e-08,2.2626e-06,-2.0127e-06,6.6916e-07,-6.4413e-07,-4.2234e-06,1.2191e-06,-5.2271e-06,1.9896e-07,0.00073491,0.00018418,3.0348e-06,-6.2332e-06,2.2973e-06,5.4493e-06,-1.4951e-05,-0.00039759,1.1466e-05,-1.3821e-10,-9.9877e-06,2.4015e-17,5.543e-08,4.9335e-06,nan,-7.2952e-06,-2.3701e-05,-2.9959e-08,2.3224e-14,-8.0732e-07,0.00013235,0.0001069,5.1403e-05,9.7901e-05,2.3188e-07,8.4528e-08,3.4542e-06,-7.9949e-07,2.5984e-06,5.6916e-08,-5.6108e-06,1.6896e-06,-4.2504e-07,nan,-0.00076083,0.000526,nan,-4.3748e-08,3.8723e-07,-9.6604e-07,7.3246e-08,nan,nan
omega_b21,-0.0001559,-9.411e-05,-0.00013004,-0.00051692,-2.4513e-07,7.7299e-08,-2.5183e-06,3.7662e-07,7.99e-07,-2.3646e-07,-4.0697e-06,1.344e-06,9.2947e-09,-1.9013e-06,-0.00053847,-0.00019313,2.5731e-06,-4.08e-06,-8.929e-06,4.0955e-07,-2.4485e-06,0.00026933,3.8346e-06,-3.2233e-11,-1.0693e-05,-2.1788e-17,3.4714e-07,8.915e-07,nan,-5.0599e-06,7.5584e-06,2.3262e-08,4.5273e-15,4.903e-07,8.2142e-05,5.1403e-05,0.00013494,-0.00051754,2.5604e-07,1.1237e-07,3.1453e-06,-1.7174e-06,3.0706e-06,3.301e-07,-3.8834e-07,1.3344e-06,-2.2615e-06,nan,0.0023898,-0.00062373,nan,-8.5414e-08,7.9076e-07,-1.4121e-06,2.4579e-07,nan,nan
omega_a1,0.0016389,0.00089765,0.0011731,-0.12696,-7.5359e-06,5.1672e-07,8.2989e-05,-1.5889e-05,-8.7846e-05,1.6109e-06,-1.388e-05,-3.559e-06,-5.7146e-05,2.9101e-05,0.034438,0.0016193,2.2884e-05,-4.8527e-05,0.00011751,9.4021e-05,-9.9765e-05,-0.0071343,2.461e-05,3.2819e-10,7.3848e-05,1.2358e-15,-5.3018e-06,-0.0001525,nan,-5.5419e-05,-0.00048688,-7.5391e-07,-9.7613e-14,-1.7397e-05,0.0013796,9.7901e-05,-0.00051754,0.029671,2.3563e-06,-1.5522e-07,8.4847e-06,1.5707e-06,1.5929e-05,1.6402e-05,-0.000151,2.0698e-05,5.6165e-05,nan,-0.035075,0.014546,nan,4.451e-07,1.1736e-05,2.6376e-05,-1.6373e-06,nan,nan
omega_b02,9.3759e-08,-2.1313e-07,-2.0986e-07,-2.418e-05,7.3939e-08,-4.8417e-08,-2.193e-07,2.4533e-08,-7.9121e-08,3.7561e-08,-3.3311e-07,7.2937e-08,-1.1535e-07,9.401e-09,2.261e-05,2.3527e-06,5.4861e-08,-9.4718e-08,1.3322e-07,-4.43e-08,1.1148e-07,8.4894e-05,-8.8037e-07,6.3268e-13,1.1349e-06,-8.3458e-20,-8.3998e-09,-1.4029e-07,nan,3.4606e-07,1.7684e-07,1.2713e-10,-2.6675e-16,-7.987e-09,7.0895e-07,2.3188e-07,2.5604e-07,2.3563e-06,6.4779e-06,-8.391e-08,-2.4238e-07,2.4121e-09,1.0047e-07,-1.7198e-08,-3.0517e-07,2.1115e-08,-3.115e-08,nan,-6.1676e-06,1.5357e-05,nan,-2.0262e-07,2.1487e-08,-1.4753e-08,-3.1999e-09,nan,nan
omega_b12,1.2802e-08,-1.3136e-07,-1.2731e-07,-2.4082e-06,-2.7318e-08,1.6053e-08,1.0578e-08,-1.2428e-08,-1.9705e-08,-4.9379e-09,-2.1612e-08,-8.6668e-09,-6.458e-08,3.0813e-08,-1.687e-06,1.9521e-06,-7.3633e-08,8.4341e-08,2.8348e-08,-2.2402e-08,1.19e-07,2.4968e-05,5.831e-07,1.9658e-12,-5.1239e-07,-4.2026e-19,2.6878e-09,-5.4547e-08,nan,7.7729e-08,1.0705e-07,2.0641e-10,-2.5666e-16,-1.8454e-10,1.6947e-07,8.4528e-08,1.1237e-07,-1.5522e-07,-8.391e-08,1.458e-07,-7.9821e-09,-1.1715e-08,-4.0935e-08,-1.0614e-08,-2.211e-08,-1.1327e-08,-2.3505e-08,nan,1.9739e-07,2.3554e-06,nan,-6.4896e-09,1.5393e-10,-5.0654e-10,2.2286e-09,nan,nan
omega_b03,6.0049e-06,-3.1356e-06,-2.4961e-06,-0.00027223,2.2036e-07,3.4337e-08,1.3365e-05,6.4861e-06,1.03e-06,-9.6723e-08,-2.0148e-06,-1.9402e-07,2.7277e-06,-4.4798e-07,0.00074171,-0.00016076,2.3718e-05,-3.4105e-05,1.6036e-06,-2.727e-06,-2.1823e-05,0.00062238,-8.3195e-05,-2.782e-10,1.009e-05,1.3072e-17,7.4955e-07,5.2487e-06,nan,2.1507e-05,-8.5304e-06,-4.0082e-08,2.851e-14,-3.6048e-07,1.7303e-06,3.4542e-06,3.1453e-06,8.4847e-06,-2.4238e-07,-7.9821e-09,0.0024271,-9.5756e-06,2.7216e-06,-7.9415e-08,-1.0362e-06,-4.9499e-07,4.1753e-07,nan,0.0003225,-9.6573e-05,nan,-2.1793e-08,-5.4378e-05,-1.7103e-06,2.8254e-08,nan,nan
omega_b13,1.0906e-06,1.8098e-06,2.0555e-06,5.6899e-06,-6.165e-08,3.348e-08,8.234e-06,-4.1902e-06,3.4998e-07,-1.2853e-08,3.1733e-07,-2.9422e-07,5.7158e-07,3.3822e-08,-6.0437e-05,-1.2118e-05,-1.2737e-05,2.0788e-05,1.8808e-06,-3.0654e-06,5.8724e-06,-0.00059521,-7.2341e-05,1.2835e-10,4.1264e-05,-1.4033e-17,6.5691e-08,-5.3307e-07,nan,1.1176e-06,1.6159e-05,2.7085e-08,-1.5262e-14,4.1381e-07,-2.4998e-06,-7.9949e-07,-1.7174e-06,1.5707e-06,2.4121e-09,-1.1715e-08,-9.5756e-06,8.9818e-05,3.2144e-07,6.4155e-08,-3.3188e-07,-7.4152e-08,-2.8826e-07,nan,1.709e-05,-6.4159e-05,nan,5.0375e-09,-6.1086e-06,-1.3729e-07,4.3579e-08,nan,nan
omega_b04,6.2872e-06,-4.1086e-06,-1.9843e-06,-0.00022294,-2.864e-08,-5.7709e-08,1.5329e-06,-1.8046e-07,7.1657e-05,1.6266e-06,3.1767e-07,2.4207e-07,-1.6888e-06,-2.3365e-07,-0.00058602,9.8466e-05,-1.4367e-06,1.5938e-06,-8.666e-07,-5.9562e-07,1.948e-06,5.5987e-05,5.9476e-06,3.665e-11,-5.0633e-06,1.1753e-18,-5.3627e-08,-9.8529e-07,nan,4.6474e-08,1.9461e-06,3.3113e-09,-4.9984e-15,7.7077e-08,2.7536e-06,2.5984e-06,3.0706e-06,1.5929e-05,1.0047e-07,-4.0935e-08,2.7216e-06,3.2144e-07,0.0057431,7.8395e-07,-4.5592e-07,4.7791e-07,-2.4018e-06,nan,-0.00013418,-6.0884e-05,nan,3.4583e-09,-1.6284e-07,-5.7547e-05,-4.2723e-08,nan,nan
omega_b14,4.4153e-07,1.0559e-06,1.1505e-06,-0.0001318,-1.6666e-08,4.9524e-10,-9.0487e-08,1.5721e-07,-2.0211e-06,8.6999e-07,-3.2129e-07,-1.0065e-07,-3.4426e-07,5.2344e-07,4.55e-05,-4.0217e-06,-7.0118e-07,1.2263e-06,2.6843e-07,-8.3826e-07,9.7504e-07,4.9058e-05,-1.4789e-06,1.4005e-11,1.8489e-06,-1.4402e-17,-2.8631e-09,-4.8524e-08,nan,1.6842e-06,6.4242e-06,7.2473e-09,-2.0898e-15,8.2754e-08,3.6412e-06,5.6916e-08,3.301e-07,1.6402e-05,-1.7198e-08,-1.0614e-08,-7.9415e-08,6.4155e-08,7.8395e-07,4.1014e-05,4.8578e-07,-3.8356e-08,-7.2117e-07,nan,7.6997e-06,-2.3357e-05,nan,3.605e-09,-1.8622e-08,-1.084e-05,6.1835e-09,nan,nan
omega_b05,-1.5507e-05,-8.3821e-07,-4.5694e-06,0.00096141,9.2592e-08,-7.7579e-08,1.9935e-06,-3.0135e-07,-2.8366e-07,2.8453e-07,0.00011692,-1.1658e-05,7.7555e-07,-6.8761e-07,-7.0184e-06,-0.00014513,-4.1107e-07,6.7027e-07,-1.3425e-06,-1.1928e-06,1.7328e-06,0.00017343,6.3626e-07,2.2788e-11,-1.2614e-05,-1.0503e-17,1.2143e-07,4.8889e-07,nan,9.0935e-07,6.6817e-06,-1.4909e-08,-2.7332e-15,2.2389e-07,-2.1752e-05,-5.6108e-06,-3.8834e-07,-0.000151,-3.0517e-07,-2.211e-08,-1.0362e-06,-3.3188e-07,-4.5592e-07,4.8578e-07,0.001826,-1.6995e-05,-3.9686e-06,nan,0.00066729,-0.00030132,nan,1.7135e-08,-7.9304e-08,2.0185e-06,-7.4537e-06,nan,nan
omega_b15,1.6887e-06,-1.2369e-06,-7.3746e-07,-0.00017395,2.4616e-08,-1.0855e-09,-2.4591e-07,-3.2313e-07,8.9222e-08,-1.6395e-07,-7.2747e-06,2.0399e-06,2.0785e-07,-1.2078e-07,-3.3338e-05,3.6801e-05,5.3079e-07,-8.2132e-07,1.1226e-07,2.7324e-07,-9.1871e-07,-7.7647e-05,-5.1099e-06,-2.7599e-11,1.9055e-05,3.5862e-19,-3.3695e-09,-1.7165e-08,nan,-2.5809e-07,-1.4828e-06,-1.2388e-09,2.8742e-15,-4.0766e-08,1.995e-06,1.6896e-06,1.3344e-06,2.0698e-05,2.1115e-08,-1.1327e-08,-4.9499e-07,-7.4152e-08,4.7791e-07,-3.8356e-08,-1.6995e-05,4.6546e-05,4.4818e-07,nan,-8.2303e-05,3.5455e-05,nan,-5.1855e-10,1.6438e-07,7.3651e-08,-1.2613e-06,nan,nan
omega_b06,1.3765e-05,6.9906e-06,8.7294e-06,-0.0004394,-1.1501e-07,-4.5196e-09,4.3761e-06,-8.4642e-07,-2.9428e-06,3.7894e-07,2.6796e-06,-4.2029e-07,0.00013905,-7.2406e-06,0.00057698,-7.631e-05,2.9695e-06,-2.7058e-06,-4.4806e-07,1.6604e-06,-8.0453e-06,-0.00022977,-4.463e-06,-6.904e-11,7.3745e-06,2.2657e-17,-1.6194e-07,1.3181e-06,nan,-2.0053e-06,-7.0233e-06,-1.088e-08,9.304e-15,-1.6961e-07,1.2869e-05,-4.2504e-07,-2.2615e-06,5.6165e-05,-3.115e-08,-2.3505e-08,4.1753e-07,-2.8826e-07,-2.4018e-06,-7.2117e-07,-3.9686e-06,4.4818e-07,0.0014407,nan,0.00052472,0.00013662,nan,1.4593e-08,7.6756e-07,2.2262e-06,3.7699e-08,nan,nan
omega_b16,nan,nan,nan,nan,nan,nan,nan,nan,nan,nan,nan,nan,nan,nan,nan,nan,nan,nan,nan,nan,nan,nan,nan,nan,nan,nan,nan,nan,nan,nan,nan,nan,nan,nan,nan,nan,nan,nan,nan,nan,nan,nan,nan,nan,nan,nan,nan,nan,nan,nan,nan,nan,nan,nan,nan,nan,nan
omega_b07,-0.0032259,8.0621e-05,-0.0015871,0.036686,-5.7838e-05,7.3678e-06,9.4752e-05,0.00025394,0.00015041,5.3062e-05,0.00038447,7.0317e-05,-0.00019953,0.00026804,4.6188,-0.4613,-0.00027781,-0.00056316,-0.0011248,-0.0020963,0.00073623,0.20727,-0.0052227,2.0412e-08,0.0014646,-1.26e-14,0.00017921,0.0003329,nan,0.0014788,0.0099079,1.6357e-05,-3.524e-12,0.00039967,0.002392,-0.00076083,0.0023898,-0.035075,-6.1676e-06,1.9739e-07,0.0003225,1.709e-05,-0.00013418,7.6997e-06,0.00066729,-8.2303e-05,0.00052472,nan,29.148,-0.71837,nan,2.1322e-06,7.7858e-05,-4.6327e-05,-8.8288e-06,nan,nan
omega_b17,0.00057044,-0.00048421,0.00013252,-0.023372,-4.2259e-06,2.1691e-06,0.00033981,-0.00027846,-6.7651e-05,-6.8657e-05,-0.00026481,8.4377e-06,-0.00013756,4.2763e-05,-0.030284,0.11059,0.00066189,-0.0016749,0.0010424,0.0016263,-0.0011455,-0.10552,0.0034055,-2.097e-08,-0.0010681,6.6709e-15,-1.7935e-05,-0.00018491,nan,-0.0012857,-0.0066751,-9.6518e-06,3.2916e-12,-0.00024148,-0.0013359,0.000526,-0.00062373,0.014546,1.5357e-05,2.3554e-06,-9.6573e-05,-6.4159e-05,-6.0884e-05,-2.3357e-05,-0.00030132,3.5455e-05,0.00013662,nan,-0.71837,0.43692,nan,-2.6503e-06,-2.2004e-05,6.7451e-05,-4.1875e-06,nan,nan
b_1,nan,nan,nan,nan,nan,nan,nan,nan,nan,nan,nan,nan,nan,nan,nan,nan,nan,nan,nan,nan,nan,nan,nan,nan,nan,nan,nan,nan,nan,nan,nan,nan,nan,nan,nan,nan,nan,nan,nan,nan,nan,nan,nan,nan,nan,nan,nan,nan,nan,nan,nan,nan,nan,nan,nan,nan,nan
a_2,1.7044e-07,1.1196e-07,1.364e-07,-1.118e-06,5.5351e-09,-2.0071e-09,-6.6031e-09,7.1049e-09,-2.7971e-08,1.3388e-09,1.2624e-08,-1.4429e-09,-1.0594e-09,6.166e-10,2.378e-06,-1.5299e-06,-5.0613e-08,2.957e-08,-1.9081e-08,4.2517e-09,-1.5048e-08,-1.7204e-05,-4.2837e-09,1.917e-13,5.3028e-08,8.0987e-20,6.8818e-10,2.0966e-08,nan,-5.137e-08,-1.6638e-08,-4.2384e-11,8.837e-18,1.6115e-09,4.9925e-08,-4.3748e-08,-8.5414e-08,4.451e-07,-2.0262e-07,-6.4896e-09,-2.1793e-08,5.0375e-09,3.4583e-09,3.605e-09,1.7135e-08,-5.1855e-10,1.4593e-08,nan,2.1322e-06,-2.6503e-06,nan,6.0568e-07,-4.8149e-09,1.0129e-08,-2.2612e-10,nan,nan
a_3,1.4674e-07,-6.5044e-08,-2.6771e-07,-8.1992e-05,1.0308e-08,-1.3874e-08,-2.917e-06,-4.5428e-07,-5.4371e-07,3.1524e-07,-4.0436e-07,1.976e-07,-1.1289e-06,3.372e-07,-0.00010771,-2.1861e-06,-4.85e-06,-4.1968e-07,-6.0702e-07,2.3162e-06,4.7568e-06,-0.00024209,5.8264e-05,4.0872e-11,-1.3035e-05,1.1016e-18,-1.3099e-07,-4.009e-07,nan,-1.062e-05,-5.5259e-06,4.1962e-09,-1.9959e-15,-3.4036e-08,6.8129e-07,3.8723e-07,7.9076e-07,1.1736e-05,2.1487e-08,1.5393e-10,-5.4378e-05,-6.1086e-06,-1.6284e-07,-1.8622e-08,-7.9304e-08,1.6438e-07,7.6756e-07,nan,7.7858e-05,-2.2004e-05,nan,-4.8149e-09,0.00018818,1.9253e-07,-3.4742e-08,nan,nan
a_4,1.0368e-06,2.4514e-06,2.0239e-06,-6.4565e-05,3.0954e-08,-1.8026e-09,-1.6521e-07,-9.1934e-09,5.0495e-07,-1.6894e-06,1.2326e-06,-2.0871e-07,2.4812e-07,-2.7626e-07,7.3794e-05,2.006e-05,8.8639e-07,-1.4396e-06,1.7062e-07,8.4988e-07,-1.4465e-06,-7.4564e-05,-5.1789e-07,-1.7734e-11,2.0982e-06,1.282e-17,9.46e-09,-1.7141e-07,nan,-1.4892e-06,-5.7811e-06,-7.6034e-09,2.2411e-15,-9.5123e-08,2.9361e-06,-9.6604e-07,-1.4121e-06,2.6376e-05,-1.4753e-08,-5.0654e-10,-1.7103e-06,-1.3729e-07,-5.7547e-05,-1.084e-05,2.0185e-06,7.3651e-08,2.2262e-06,nan,-4.6327e-05,6.7451e-05,nan,1.0129e-08,1.9253e-07,0.00025744,2.5019e-08,nan,nan
b_5,-6.0088e-07,-1.1275e-07,-2.5244e-07,2.6673e-06,8.398e-10,4.7263e-10,-6.3506e-08,2.1531e-08,-3.6709e-08,3.3923e-09,-1.0131e-06,1.4333e-08,-3.3137e-08,2.7531e-08,-1.3836e-05,-1.4006e-06,7.01e-09,8.9571e-08,-3.863e-08,-3.7308e-08,-1.0706e-07,4.4029e-06,-2.2713e-07,3.8101e-13,-5.9752e-07,-8.8432e-20,-1.8139e-09,6.5434e-08,nan,2.4934e-08,1.9087e-07,1.3739e-09,-1.1232e-17,6.3114e-09,-5.4899e-08,7.3246e-08,2.4579e-07,-1.6373e-06,-3.1999e-09,2.2286e-09,2.8254e-08,4.3579e-08,-4.2723e-08,6.1835e-09,-7.4537e-06,-1.2613e-06,3.7699e-08,nan,-8.8288e-06,-4.1875e-06,nan,-2.2612e-10,-3.4742e-08,2.5019e-08,3.6546e-06,nan,nan
b_6,nan,nan,nan,nan,nan,nan,nan,nan,nan,nan,nan,nan,nan,nan,nan,nan,nan,nan,nan,nan,nan,nan,nan,nan,nan,nan,nan,nan,nan,nan,nan,nan,nan,nan,nan,nan,nan,nan,nan,nan,nan,nan,nan,nan,nan,nan,nan,nan,nan,nan,nan,nan,nan,nan,nan,nan,nan
b_7,nan,nan,nan,nan,nan,nan,nan,nan,nan,nan,nan,nan,nan,nan,nan,nan,nan,nan,nan,nan,nan,nan,nan,nan,nan,nan,nan,nan,nan,nan,nan,nan,nan,nan,nan,nan,nan,nan,nan,nan,nan,nan,nan,nan,nan,nan,nan,nan,nan,nan,nan,nan,nan,nan,nan,nan,nan
