b01_pop,1,-0.17137,-0.060815,-0.061235,0.00027427,0.0071102,-0.0024941,-0.0017664,-0.0012186,0.00053958,-0.0020579,-0.0035539,-0.00089467,0.0032004,-0.00088235,-0.00083566,0.037682,-0.026511,0.015559,0.006111,-0.047717,0.036503,0.017162,nan,-0.033887,-0.0014576,-0.02424,0.00065929,0.0014246,-0.0011996,0.0062977,-0.00063825,-0.0014409,-0.0055293,0.21283,0.15554,0.10064,-0.072291,0.01119,0.00027633,0.0087736,-0.00052338,-0.00088919,-0.0027317,-7.2341e-05,0.0026262,0.0004432,0.0046407,0.00083328,0.010856,-0.072467,-0.0035644,-0.0029886,0.0024196,-0.0034608,-0.0014149,-0.0030814
b11_pop,-0.17137,1,0.90932,-0.24961,0.0064516,-0.052939,0.025281,0.0057625,0.015262,-0.034962,0.0042844,0.019953,0.0029011,-0.038005,0.010644,-0.012502,-0.21935,0.12772,-0.084831,-0.041509,0.27398,-0.2073,-0.10974,nan,0.19411,0.0087642,0.13395,-0.0036611,-0.0085153,0.014959,-0.027461,0.0040291,0.0087209,0.031668,-0.13371,-0.90502,-0.84072,0.70097,-0.080823,-0.0040968,-0.022555,0.037083,0.015797,0.00955,0.00054832,-0.0089651,-0.02323,0.014737,-0.0076602,-0.0752,0.45713,0.024704,-0.00765,-0.019253,0.0021319,0.039494,0.034102
b21_pop,-0.060815,0.90932,1,-0.26829,0.0065819,-0.051143,0.027319,0.0017658,0.016211,-0.039078,0.0034587,0.016699,0.0013749,-0.038657,0.011335,-0.017652,-0.18628,0.10976,-0.071543,-0.037004,0.24214,-0.17589,-0.095288,nan,0.16706,0.0074781,0.1126,-0.0029918,-0.0072262,0.015992,-0.020865,0.0034737,0.0074482,0.025058,-0.074232,-0.86015,-0.88611,0.69595,-0.076448,-0.0059679,-0.018328,0.040571,0.017417,0.005792,0.00040761,-0.008926,-0.028101,0.019506,-0.0078558,-0.075358,0.4518,0.023729,-0.011547,-0.019724,0.0013334,0.043782,0.032932
a1_pop,-0.061235,-0.24961,-0.26829,1,-0.009074,0.024985,-0.0029428,-0.0062225,-0.0045441,0.013702,0.0017004,-0.0028301,0.0070244,0.0057186,-0.0031473,0.013933,4.5369e-05,-0.0053138,-0.0033769,0.0041707,-0.0017824,-0.0046067,-0.008692,nan,0.0059127,-8.5319e-05,-0.0048545,-0.00021888,3.1686e-05,-0.0036469,-0.0091005,-0.00017877,-7.1854e-05,0.0034189,-0.062559,0.081659,0.18885,-0.65223,0.020848,-0.010585,-0.011856,-0.040398,-0.0087671,-0.014525,0.015264,4.5656e-05,0.0072722,-0.0035799,-0.00099265,0.032477,-0.20948,-0.0076456,0.014612,0.012164,0.0099071,-0.017127,-0.020575
b02_pop,0.00027427,0.0064516,0.0065819,-0.009074,1,-0.22269,0.0018877,-0.0049345,0.00041678,-0.0029333,-0.0041102,-0.0028556,0.00016442,-0.0021208,-0.00036154,-0.0046902,0.025819,0.010568,0.0082751,0.0062537,-0.022036,0.02731,0.027688,nan,-0.02855,-0.00042433,-0.0098885,2.2024e-05,0.00045945,-0.0065402,0.0046063,-0.00047399,-0.00042469,-0.0021745,-0.00021957,-0.007056,-0.005296,0.010439,0.015788,0.012274,0.0032392,-0.0024408,-0.00034688,0.0014065,-0.0045795,-0.00062699,-0.0014348,0.0014693,0.00025958,0.0085698,0.0084834,-0.0065865,8.9278e-05,-0.00013237,0.0011871,0.00095733,-0.0019465
b12_pop,0.0071102,-0.052939,-0.051143,0.024985,-0.22269,1,-0.0038613,0.010617,-0.0021028,0.0028234,0.0021512,-0.010233,-0.0019549,0.0073921,-0.0055619,-0.0090481,0.16027,-0.11328,0.068988,0.016512,-0.1464,0.14298,0.036,nan,-0.10717,-0.0088788,-0.12096,0.0051349,0.0087387,0.022094,0.030916,-0.0028667,-0.0088682,-0.043683,0.0047932,0.052396,0.052319,-0.0561,-0.011353,-0.010546,-0.00047441,0.0026346,-0.0017098,-0.001326,-0.0062348,0.0062103,0.00078564,0.00040484,-0.0023452,-0.00099444,-0.031265,0.00030678,-0.0004048,0.0019726,0.001532,-0.0020325,-0.0072482
b03_pop,-0.0024941,0.025281,0.027319,-0.0029428,0.0018877,-0.0038613,1,-0.15528,0.00067253,-0.0045949,-0.0010846,0.0019191,-0.00061548,-0.0015392,-0.0001932,-0.00017869,-0.0034786,-0.0084729,0.0015047,0.018033,0.0049278,-0.0027979,-0.0036064,nan,0.0039674,0.00020702,-0.00086354,-0.0009827,-0.00021481,-0.0029805,-0.00018074,-0.00091523,0.00022264,-0.00086327,-0.0038648,-0.024117,-0.024885,0.01586,-0.0031992,0.0031089,0.0030989,0.0052128,-9.7381e-05,0.00072272,-6.8421e-05,-0.0031222,0.00062763,0.0023911,0.0012378,0.0017601,0.01009,0.0011983,-0.0082936,-0.00093625,-0.00016831,-0.00011118,-0.00093586
b13_pop,-0.0017664,0.0057625,0.0017658,-0.0062225,-0.0049345,0.010617,-0.15528,1,-0.00028938,0.01227,-0.00016739,-0.0021746,-0.0001011,0.0025239,-0.00050116,0.0011744,-0.040196,0.033886,0.029352,-0.048748,0.034644,-0.029356,0.0024149,nan,0.01923,0.0018496,0.029224,0.00094066,-0.0018605,0.016577,-0.015285,0.0031293,0.0018068,0.020759,0.00075968,-0.0078325,-0.0046916,0.010079,-0.0073418,-0.0072241,-0.0019458,0.036041,0.00048439,-0.0047353,-0.0023273,0.0010429,-0.001902,-0.0060521,-0.0030045,-0.0082344,0.006296,0.0020212,0.0010749,0.00080452,0.0017814,0.0034638,0.004296
b04_pop,-0.0012186,0.015262,0.016211,-0.0045441,0.00041678,-0.0021028,0.00067253,-0.00028938,1,-0.1032,-0.00096343,0.0018556,0.0003367,-0.0011947,0.00023978,-0.0010113,-0.006465,0.0032575,-0.0063277,-0.0083544,0.0071685,-0.0062512,-0.0026559,nan,0.0050812,0.00022509,0.0051308,0.00025957,-0.00020782,0.0010919,0.00015858,0.00048258,0.00021847,0.00085391,-0.0017558,-0.014578,-0.016152,0.011935,-0.0029031,-0.00089612,-0.0015413,0.00048374,0.0042282,-0.0081208,0.00059954,0.0019346,-0.0012204,-7.5673e-05,-0.001021,-0.0025337,0.0082031,0.00061582,-0.00045013,0.0020312,-0.0010399,0.0015228,0.0013644
b14_pop,0.00053958,-0.034962,-0.039078,0.013702,-0.0029333,0.0028234,-0.0045949,0.01227,-0.1032,1,0.0017566,-0.00059782,0.00034106,-0.0011344,-0.00094164,0.0051471,0.0023499,5.2615e-05,-0.029548,0.037241,-0.0075041,0.0052772,0.0065402,nan,-0.0042247,0.00030253,0.00053224,-0.0018594,-0.00026637,-0.026018,0.03865,-0.0019938,0.00032758,-0.0083599,0.0037771,0.033068,0.038144,-0.029482,0.0081446,0.003095,0.003966,0.0011712,-0.010186,0.033656,0.0010307,-0.0018922,0.0029793,0.0040831,0.0010132,0.001581,-0.021604,-0.0010373,0.0018853,0.0010335,0.0015575,-0.0027891,-0.0019911
b05_pop,-0.0020579,0.0042844,0.0034587,0.0017004,-0.0041102,0.0021512,-0.0010846,-0.00016739,-0.00096343,0.0017566,1,-0.15056,0.00011713,-9.5519e-05,-0.00059602,0.0039168,-0.014328,-0.0053457,-0.0040077,-0.0028026,0.012441,-0.01509,-0.022331,nan,0.020762,-0.00010489,0.0019684,0.0001985,8.3852e-05,0.0048527,-0.0011911,0.00014135,-0.00010391,-0.001731,-0.0012493,-0.0038885,0.0007079,-0.001499,-0.0031833,0.0020997,-0.0019877,0.0018506,-0.0010887,0.00058493,0.0664,-0.012708,0.0021305,0.0014687,-0.00080859,0.0029948,0.002647,-9.8163e-05,-0.0001063,0.00064975,-0.030151,-0.0016382,1.7423e-05
b15_pop,-0.0035539,0.019953,0.016699,-0.0028301,-0.0028556,-0.010233,0.0019191,-0.0021746,0.0018556,-0.00059782,-0.15056,1,0.0017198,-0.0022224,0.0046306,0.0023109,-0.14153,0.12273,-0.058118,-0.012765,0.12987,-0.12348,-0.070498,nan,0.12577,0.0056201,0.08378,-0.0031654,-0.005578,-0.010707,-0.019254,0.0019809,0.0056019,0.025804,-0.0035684,-0.021174,-0.022737,0.022058,-0.011692,-0.014544,-0.0013953,-0.0037538,0.0019639,-0.001597,0.002748,0.028259,4.9934e-05,0.0013974,0.00094315,-0.012425,0.0096542,0.007268,0.0011282,0.00064556,0.0102,0.00061893,0.005956
b06_pop,-0.00089467,0.0029011,0.0013749,0.0070244,0.00016442,-0.0019549,-0.00061548,-0.0001011,0.0003367,0.00034106,0.00011713,0.0017198,1,-0.15238,4.9478e-05,0.0016255,-0.0055036,0.0029642,-0.0024226,-0.00091307,0.0060705,-0.0052935,-0.0032813,nan,0.0053522,0.00035648,0.0032656,-0.0001806,-0.0003415,-0.00030905,-0.0009712,0.00011677,0.00036338,0.0014556,-0.00033385,-0.0057445,-0.003406,-0.00046126,0.0011838,-0.0021248,0.00091429,-0.0006516,0.0005553,-0.00055939,0.00093977,0.00011028,0.053367,-0.032141,6.8947e-05,0.0015395,0.0027106,-0.00021141,0.00053235,0.0012353,-2.2311e-05,-0.010739,0.00060856
b16_pop,0.0032004,-0.038005,-0.038657,0.0057186,-0.0021208,0.0073921,-0.0015392,0.0025239,-0.0011947,-0.0011344,-9.5519e-05,-0.0022224,-0.15238,1,-0.00063273,-0.0018348,0.015766,-0.0073973,0.0071056,0.0030239,-0.017894,0.01527,0.0059908,nan,-0.012414,-0.00031936,-0.011039,0.0001422,0.00036689,-0.00057046,0.0010012,-0.00030177,-0.00029222,-0.0035388,0.0040088,0.038434,0.041254,-0.029276,0.00052268,0.0050536,-0.00041077,-0.00069872,-0.0013652,1.144e-05,-0.0023058,-0.0051322,-0.03188,0.063194,-0.0014927,0.00095806,-0.018583,-0.00027744,0.00015654,-0.00045036,0.00073659,-0.0039901,-0.002407
b07_pop,-0.00088235,0.010644,0.011335,-0.0031473,-0.00036154,-0.0055619,-0.0001932,-0.00050116,0.00023978,-0.00094164,-0.00059602,0.0046306,4.9478e-05,-0.00063273,1,-0.16193,-0.025619,0.00068977,-0.005079,0.002198,0.022702,-0.023152,-0.0043335,nan,0.014486,0.0022215,0.027334,-0.0016612,-0.0022395,-0.0036588,-0.0084107,0.00044976,0.002238,0.014373,-0.001663,-0.010964,-0.010401,0.0092152,-0.0045968,-7.2268e-05,-0.0013311,-4.0493e-05,0.00099135,-0.0026441,0.002462,0.0025832,0.00088668,0.00077126,0.095969,0.00036563,0.0058395,0.0017779,-0.00052458,3.1498e-05,-9.1701e-05,0.00018055,-0.056204
b17_pop,-0.00083566,-0.012502,-0.017652,0.013933,-0.0046902,-0.0090481,-0.00017869,0.0011744,-0.0010113,0.0051471,0.0039168,0.0023109,0.0016255,-0.0018348,-0.16193,1,-0.090461,0.012053,-0.046547,-0.067169,0.069063,-0.083905,0.018564,nan,0.027117,0.013471,0.1237,-0.0068625,-0.013807,-0.024345,-0.050266,0.0074662,0.013652,0.13479,0.0013393,0.011514,0.012951,-0.017551,-0.0053358,-0.0034883,0.00013604,0.0020162,0.00040606,0.0057785,0.0037614,-0.0052109,0.0011744,-0.0056691,-0.070308,-0.0010982,-0.0053455,0.0028339,0.0040988,-0.0015301,-0.0036432,-0.0012476,0.065293
p1_pop,0.037682,-0.21935,-0.18628,4.5369e-05,0.025819,0.16027,-0.0034786,-0.040196,-0.006465,0.0023499,-0.014328,-0.14153,-0.0055036,0.015766,-0.025619,-0.090461,1,-0.5209,0.41958,0.13628,-0.92371,0.93185,0.32615,nan,-0.7572,-0.051444,-0.74067,0.028019,0.050845,0.083029,0.19437,-0.019044,-0.051336,-0.25283,0.028751,0.21364,0.20048,-0.15711,0.096417,0.021789,0.02691,-0.011117,-0.006813,0.0028991,-0.060283,-0.023528,0.00024474,0.00033848,-0.0019534,0.040264,-0.10697,-0.048752,-0.0053267,0.0060101,0.022164,-0.00087791,-0.051053
g1_pop,-0.026511,0.12772,0.10976,-0.0053138,0.010568,-0.11328,-0.0084729,0.033886,0.0032575,5.2615e-05,-0.0053457,0.12273,0.0029642,-0.0073973,0.00068977,0.012053,-0.5209,1,-0.1985,-0.016228,0.56438,-0.47287,-0.5797,nan,0.70632,0.00083176,0.039908,7.0392e-05,-0.0012034,0.026412,0.0029034,0.0013189,0.00074793,-0.012898,-0.020262,-0.11494,-0.11467,0.08805,-0.046041,0.012943,-0.030367,0.0021132,0.0019638,0.00080033,0.046248,0.024884,-0.0028525,0.0024043,-0.0020112,-0.011583,0.056782,0.019179,0.0039811,-0.001764,-0.02453,0.0010448,0.005434
p2_pop,0.015559,-0.084831,-0.071543,-0.0033769,0.0082751,0.068988,0.0015047,0.029352,-0.0063277,-0.029548,-0.0040077,-0.058118,-0.0024226,0.0071056,-0.005079,-0.046547,0.41958,-0.1985,1,0.20124,-0.38294,0.41307,0.13512,nan,-0.30308,-0.041501,-0.37409,0.019794,0.041611,0.12673,0.03328,-0.021286,-0.042167,-0.32616,0.012645,0.082663,0.077835,-0.058085,0.045088,0.012144,0.012613,0.0098356,-0.0034182,0.00039898,-0.022516,-0.010983,-0.00043385,-0.00074549,0.0062394,0.020379,-0.041968,-0.022543,-0.0044186,0.0029393,0.0083892,2.9753e-05,-0.032236
g2_pop,0.006111,-0.041509,-0.037004,0.0041707,0.0062537,0.016512,0.018033,-0.048748,-0.0083544,0.037241,-0.0028026,-0.012765,-0.00091307,0.0030239,0.002198,-0.067169,0.13628,-0.016228,0.20124,1,-0.13785,0.15246,0.044017,nan,-0.082761,-0.036943,-0.1424,-0.023869,0.034519,-0.5029,0.10793,-0.060428,-0.038206,-0.31244,0.0047572,0.042812,0.040192,-0.03256,0.018434,0.0095022,0.001122,0.0055401,-0.004503,0.0026738,-0.0070465,-0.00097289,7.8353e-05,0.0006427,0.0054064,0.009263,-0.023066,-0.0090298,0.0013645,0.0030474,0.0027296,-0.00053102,-0.018677
alpha11_pop,-0.047717,0.27398,0.24214,-0.0017824,-0.022036,-0.1464,0.0049278,0.034644,0.0071685,-0.0075041,0.012441,0.12987,0.0060705,-0.017894,0.022702,0.069063,-0.92371,0.56438,-0.38294,-0.13785,1,-0.90036,-0.40786,nan,0.76209,0.041681,0.60424,-0.021293,-0.041152,-0.025989,-0.17553,0.016794,0.041564,0.19968,-0.03458,-0.27839,-0.2567,0.20091,-0.098372,-0.025691,-0.028989,0.007785,0.00709,-0.0032783,0.059065,0.018054,-0.0013424,0.0017891,-0.00015591,-0.043528,0.13934,0.04844,0.0049736,-0.0063256,-0.021313,0.00097287,0.045363
alpha12_pop,0.036503,-0.2073,-0.17589,-0.0046067,0.02731,0.14298,-0.0027979,-0.029356,-0.0062512,0.0052772,-0.01509,-0.12348,-0.0052935,0.01527,-0.023152,-0.083905,0.93185,-0.47287,0.41307,0.15246,-0.90036,1,0.45003,nan,-0.75627,-0.046844,-0.67836,0.024924,0.046881,0.046215,0.21772,-0.019474,-0.046845,-0.25749,0.029679,0.20586,0.18978,-0.1463,0.10408,0.038967,0.028,-0.0029476,-0.0068409,0.0032052,-0.062434,-0.017347,-7.2115e-05,3.1394e-05,-0.00058886,0.037464,-0.10376,-0.052948,-0.0051666,0.0055905,0.023839,-0.00073648,-0.048204
alpha13_pop,0.017162,-0.10974,-0.095288,-0.008692,0.027688,0.036,-0.0036064,0.0024149,-0.0026559,0.0065402,-0.022331,-0.070498,-0.0032813,0.0059908,-0.0043335,0.018564,0.32615,-0.5797,0.13512,0.044017,-0.40786,0.45003,1,nan,-0.81437,0.018246,0.10552,-0.012888,-0.016369,-0.1487,-0.018848,0.00027168,0.018191,0.094927,0.010117,0.11498,0.098762,-0.076421,0.027093,0.024328,0.025857,0.029429,-0.0013774,-0.00069423,-0.083396,0.015214,0.0028109,-0.0045012,-0.003646,0.0076287,-0.04823,-0.016152,-0.0024501,0.0003409,0.035398,2.3461e-06,0.0067669
alpha14_pop,nan,nan,nan,nan,nan,nan,nan,nan,nan,nan,nan,nan,nan,nan,nan,nan,nan,nan,nan,nan,nan,nan,nan,nan,nan,nan,nan,nan,nan,nan,nan,nan,nan,nan,nan,nan,nan,nan,nan,nan,nan,nan,nan,nan,nan,nan,nan,nan,nan,nan,nan,nan,nan,nan,nan,nan,nan
alpha15_pop,-0.033887,0.19411,0.16706,0.0059127,-0.02855,-0.10717,0.0039674,0.01923,0.0050812,-0.0042247,0.020762,0.12577,0.0053522,-0.012414,0.014486,0.027117,-0.7572,0.70632,-0.30308,-0.082761,0.76209,-0.75627,-0.81437,nan,1,0.011659,0.27751,-0.0042845,-0.01226,0.052568,-0.066242,0.0077088,0.01155,0.02972,-0.023438,-0.19433,-0.17634,0.13679,-0.066876,-0.022736,-0.033747,-0.014207,0.0042696,-0.00075564,0.087239,-0.0043056,-0.0024965,0.0031889,0.0027757,-0.026449,0.091628,0.034755,0.0060672,-0.0032862,-0.032282,0.00027938,0.019736
alpha16_pop,-0.0014576,0.0087642,0.0074781,-8.5319e-05,-0.00042433,-0.0088788,0.00020702,0.0018496,0.00022509,0.00030253,-0.00010489,0.0056201,0.00035648,-0.00031936,0.0022215,0.013471,-0.051444,0.00083176,-0.041501,-0.036943,0.041681,-0.046844,0.018246,nan,0.011659,1,0.070086,-0.45649,-0.82254,-0.035172,-0.025486,0.081108,0.94682,0.078737,-0.0013455,-0.0083603,-0.0084321,0.0062394,-0.0063302,-0.0013022,-0.00058189,0.0021869,0.00063472,-0.00012843,0.0002386,0.0022907,0.00068142,0.00039285,-0.0002799,-0.0030223,0.004753,0.0029559,0.0002554,-0.00067545,4.8785e-05,1.553e-07,0.0055074
alpha17_pop,-0.02424,0.13395,0.1126,-0.0048545,-0.0098885,-0.12096,-0.00086354,0.029224,0.0051308,0.00053224,0.0019684,0.08378,0.0032656,-0.011039,0.027334,0.1237,-0.74067,0.039908,-0.37409,-0.1424,0.60424,-0.67836,0.10552,nan,0.27751,0.070086,1,-0.04062,-0.069286,-0.18805,-0.22364,0.023754,0.070116,0.37544,-0.020749,-0.12816,-0.12336,0.097199,-0.086033,-0.021732,-0.013597,0.018998,0.00623,-0.0029128,0.015876,0.025545,0.0014505,-0.0034029,0.0011437,-0.038116,0.071917,0.042623,0.0046124,-0.006019,-0.0041931,0.00096656,0.066152
alpha21_pop,0.00065929,-0.0036611,-0.0029918,-0.00021888,2.2024e-05,0.0051349,-0.0009827,0.00094066,0.00025957,-0.0018594,0.0001985,-0.0031654,-0.0001806,0.0001422,-0.0016612,-0.0068625,0.028019,7.0392e-05,0.019794,-0.023869,-0.021293,0.024924,-0.012888,nan,-0.0042845,-0.45649,-0.04062,1,0.65549,0.047578,0.01395,0.046547,-0.47141,-0.047086,0.00066843,0.0033207,0.0034842,-0.0023842,0.0034392,0.00055682,0.00037603,-0.0017,-0.0002442,-1.6433e-05,0.00013322,-0.0015046,-0.00040189,-0.00017545,-1.0018e-05,0.0016181,-0.0019739,-0.0015923,-0.00026085,0.00032078,-0.00012046,3.2936e-06,-0.0029888
alpha22_pop,0.0014246,-0.0085153,-0.0072262,3.1686e-05,0.00045945,0.0087387,-0.00021481,-0.0018605,-0.00020782,-0.00026637,8.3852e-05,-0.005578,-0.0003415,0.00036689,-0.0022395,-0.013807,0.050845,-0.0012034,0.041611,0.034519,-0.041152,0.046881,-0.016369,nan,-0.01226,-0.82254,-0.069286,0.65549,1,0.034577,0.025837,-0.34519,-0.82115,-0.082423,0.0013236,0.0081118,0.0081659,-0.0060104,0.0062882,0.0013842,0.00061858,-0.0021054,-0.00063394,0.00013509,-0.00031928,-0.0022525,-0.0006269,-0.00030815,0.00029918,0.0029922,-0.0046189,-0.0029454,-0.00027097,0.00066534,3.3499e-06,-1.4439e-05,-0.0055199
alpha23_pop,-0.0011996,0.014959,0.015992,-0.0036469,-0.0065402,0.022094,-0.0029805,0.016577,0.0010919,-0.026018,0.0048527,-0.010707,-0.00030905,-0.00057046,-0.0036588,-0.024345,0.083029,0.026412,0.12673,-0.5029,-0.025989,0.046215,-0.1487,nan,0.052568,-0.035172,-0.18805,0.047578,0.034577,1,0.075468,0.019448,-0.036227,-0.21167,0.00011634,-0.01944,-0.014697,0.014351,0.01038,-0.0026411,-0.00022673,-0.03161,-0.0015784,-0.0023783,0.0094957,-0.010996,-0.0018745,0.0016193,0.0013264,0.0032844,0.0073487,-0.0040998,-0.0022739,0.0013544,-0.0042164,-0.00066505,-0.01249
alpha24_pop,0.0062977,-0.027461,-0.020865,-0.0091005,0.0046063,0.030916,-0.00018074,-0.015285,0.00015858,0.03865,-0.0011911,-0.019254,-0.0009712,0.0010012,-0.0084107,-0.050266,0.19437,0.0029034,0.03328,0.10793,-0.17553,0.21772,-0.018848,nan,-0.066242,-0.025486,-0.22364,0.01395,0.025837,0.075468,1,-0.012527,-0.025673,-0.29891,0.0071369,0.028688,0.025603,-0.01463,0.026941,0.013022,0.00048845,-0.0021752,-0.018976,0.01729,-0.0048178,-0.0065526,-0.00077483,0.00034387,0.0013226,0.014044,-0.016092,-0.013389,-0.00062001,0.009699,0.0017418,0.00086282,-0.019966
alpha25_pop,-0.00063825,0.0040291,0.0034737,-0.00017877,-0.00047399,-0.0028667,-0.00091523,0.0031293,0.00048258,-0.0019938,0.00014135,0.0019809,0.00011677,-0.00030177,0.00044976,0.0074662,-0.019044,0.0013189,-0.021286,-0.060428,0.016794,-0.019474,0.00027168,nan,0.0077088,0.081108,0.023754,0.046547,-0.34519,0.019448,-0.012527,1,0.071296,0.041941,-0.00055377,-0.0039998,-0.0038612,0.0029632,-0.0024743,-0.0009181,-0.00023661,0.00014753,0.00039758,-0.00018329,0.00049664,0.00056748,9.4466e-05,-4.9942e-05,-0.00039518,-0.0012041,0.0022208,0.001186,8.862e-06,-0.00031868,-0.00017994,4.7962e-05,0.0023893
alpha26_pop,-0.0014409,0.0087209,0.0074482,-7.1854e-05,-0.00042469,-0.0088682,0.00022264,0.0018068,0.00021847,0.00032758,-0.00010391,0.0056019,0.00036338,-0.00029222,0.002238,0.013652,-0.051336,0.00074793,-0.042167,-0.038206,0.041564,-0.046845,0.018191,nan,0.01155,0.94682,0.070116,-0.47141,-0.82115,-0.036227,-0.025673,0.071296,1,0.080801,-0.0013348,-0.0083217,-0.0084089,0.0062042,-0.006339,-0.0013092,-0.00057179,0.0022033,0.00063887,-0.00011889,0.00023565,0.0022949,0.00071116,0.00043041,-0.00028893,-0.0030343,0.0047307,0.0029543,0.00025173,-0.00068486,4.7813e-05,-4.0307e-06,0.0055387
alpha27_pop,-0.0055293,0.031668,0.025058,0.0034189,-0.0021745,-0.043683,-0.00086327,0.020759,0.00085391,-0.0083599,-0.001731,0.025804,0.0014556,-0.0035388,0.014373,0.13479,-0.25283,-0.012898,-0.32616,-0.31244,0.19968,-0.25749,0.094927,nan,0.02972,0.078737,0.37544,-0.047086,-0.082423,-0.21167,-0.29891,0.041941,0.080801,1,-0.0062699,-0.029514,-0.03082,0.01887,-0.035941,-0.01156,-0.00254,0.013204,0.0064357,-0.0025209,-0.0022809,0.013995,0.0024742,-0.0017787,-0.0059755,-0.018309,0.018552,0.016381,0.0019586,-0.0053652,0.00066852,0.0008175,0.040108
omega_b01,0.21283,-0.13371,-0.074232,-0.062559,-0.00021957,0.0047932,-0.0038648,0.00075968,-0.0017558,0.0037771,-0.0012493,-0.0035684,-0.00033385,0.0040088,-0.001663,0.0013393,0.028751,-0.020262,0.012645,0.0047572,-0.03458,0.029679,0.010117,nan,-0.023438,-0.0013455,-0.020749,0.00066843,0.0013236,0.00011634,0.0071369,-0.00055377,-0.0013348,-0.0062699,1,0.1216,0.086356,-0.038031,0.01052,0.00052276,0.0057541,-0.00082293,-0.0012223,0.00087465,-0.00062543,0.0050368,0.0012304,0.0027782,0.0014687,0.0049105,-0.13007,-0.0022671,-0.0003291,0.0012117,-0.0032449,-0.003399,-0.00052948
omega_b11,0.15554,-0.90502,-0.86015,0.081659,-0.007056,0.052396,-0.024117,-0.0078325,-0.014578,0.033068,-0.0038885,-0.021174,-0.0057445,0.038434,-0.010964,0.011514,0.21364,-0.11494,0.082663,0.042812,-0.27839,0.20586,0.11498,nan,-0.19433,-0.0083603,-0.12816,0.0033207,0.0081118,-0.01944,0.028688,-0.0039998,-0.0083217,-0.029514,0.1216,1,0.83431,-0.63326,0.080652,0.0034026,0.023688,-0.030085,-0.014274,-0.0053531,-0.0032859,0.0097081,0.022114,-0.013386,0.0089638,0.071642,-0.45743,-0.023894,0.0044258,0.017025,-0.0035807,-0.036305,-0.032663
omega_b21,0.10064,-0.84072,-0.88611,0.18885,-0.005296,0.052319,-0.024885,-0.0046916,-0.016152,0.038144,0.0007079,-0.022737,-0.003406,0.041254,-0.010401,0.012951,0.20048,-0.11467,0.077835,0.040192,-0.2567,0.18978,0.098762,nan,-0.17634,-0.0084321,-0.12336,0.0034842,0.0081659,-0.014697,0.025603,-0.0038612,-0.0084089,-0.03082,0.086356,0.83431,1,-0.69558,0.076539,0.0073463,0.018018,-0.042042,-0.016263,-0.0033675,-0.001876,0.0079446,0.026296,-0.014906,0.0090773,0.078272,-0.4203,-0.025064,0.010188,0.020344,-0.0021155,-0.038983,-0.036903
omega_a1,-0.072291,0.70097,0.69595,-0.65223,0.010439,-0.0561,0.01586,0.010079,0.011935,-0.029482,-0.001499,0.022058,-0.00046126,-0.029276,0.0092152,-0.017551,-0.15711,0.08805,-0.058085,-0.03256,0.20091,-0.1463,-0.076421,nan,0.13679,0.0062394,0.097199,-0.0023842,-0.0060104,0.014351,-0.01463,0.0029632,0.0062042,0.01887,-0.038031,-0.63326,-0.69558,1,-0.068947,0.005638,-0.0060283,0.046311,0.015387,0.019154,-0.0091854,-0.0047173,-0.019018,0.0085857,-0.0047935,-0.0626,0.3746,0.023277,-0.012753,-0.021436,-0.0058367,0.035226,0.036048
omega_b02,0.01119,-0.080823,-0.076448,0.020848,0.015788,-0.011353,-0.0031992,-0.0073418,-0.0029031,0.0081446,-0.0031833,-0.011692,0.0011838,0.00052268,-0.0045968,-0.0053358,0.096417,-0.046041,0.045088,0.018434,-0.098372,0.10408,0.027093,nan,-0.066876,-0.0063302,-0.086033,0.0034392,0.0062882,0.01038,0.026941,-0.0024743,-0.006339,-0.035941,0.01052,0.080652,0.076539,-0.068947,1,-0.028553,0.0050559,-0.0049107,-0.0014572,-0.0033036,-0.0048188,0.0038987,0.002618,0.00017913,-0.0013795,0.0071955,-0.040304,-0.11022,-0.0013458,0.0034322,0.00050695,-0.00019006,-0.0078142
omega_b12,0.00027633,-0.0040968,-0.0059679,-0.010585,0.012274,-0.010546,0.0031089,-0.0072241,-0.00089612,0.003095,0.0020997,-0.014544,-0.0021248,0.0050536,-7.2268e-05,-0.0034883,0.021789,0.012943,0.012144,0.0095022,-0.025691,0.038967,0.024328,nan,-0.022736,-0.0013022,-0.021732,0.00055682,0.0013842,-0.0026411,0.013022,-0.0009181,-0.0013092,-0.01156,0.00052276,0.0034026,0.0073463,0.005638,-0.028553,1,0.0042611,-0.0042774,-0.00024447,0.010611,-0.0036819,-0.007736,-0.003867,0.00086063,0.0014743,-0.0086467,0.0020076,-0.049953,0.00062088,-0.0018367,0.00047207,-0.00017645,0.0011536
omega_b03,0.0087736,-0.022555,-0.018328,-0.011856,0.0032392,-0.00047441,0.0030989,-0.0019458,-0.0015413,0.003966,-0.0019877,-0.0013953,0.00091429,-0.00041077,-0.0013311,0.00013604,0.02691,-0.030367,0.012613,0.001122,-0.028989,0.028,0.025857,nan,-0.033747,-0.00058189,-0.013597,0.00037603,0.00061858,-0.00022673,0.00048845,-0.00023661,-0.00057179,-0.00254,0.0057541,0.023688,0.018018,-0.0060283,0.0050559,0.0042611,1,-0.037085,-9.6163e-05,-0.0040645,-0.0057635,-0.00168,0.0013618,0.002607,-0.00098691,0.0002357,-0.0053891,-0.0014299,-0.094052,0.0014327,0.0026187,-0.0021545,0.0012332
omega_b13,-0.00052338,0.037083,0.040571,-0.040398,-0.0024408,0.0026346,0.0052128,0.036041,0.00048374,0.0011712,0.0018506,-0.0037538,-0.0006516,-0.00069872,-4.0493e-05,0.0020162,-0.011117,0.0021132,0.0098356,0.0055401,0.007785,-0.0029476,0.029429,nan,-0.014207,0.0021869,0.018998,-0.0017,-0.0021054,-0.03161,-0.0021752,0.00014753,0.0022033,0.013204,-0.00082293,-0.030085,-0.042042,0.046311,-0.0049107,-0.0042774,-0.037085,1,0.00052428,-0.0024685,-0.00064896,0.0019215,0.00050652,-0.00059416,0.0002216,-0.0099684,0.022536,0.0024287,-0.039552,2.4149e-05,0.00054381,0.00039283,0.0019032
omega_b04,-0.00088919,0.015797,0.017417,-0.0087671,-0.00034688,-0.0017098,-9.7381e-05,0.00048439,0.0042282,-0.010186,-0.0010887,0.0019639,0.0005553,-0.0013652,0.00099135,0.00040606,-0.006813,0.0019638,-0.0034182,-0.004503,0.00709,-0.0068409,-0.0013774,nan,0.0042696,0.00063472,0.00623,-0.0002442,-0.00063394,-0.0015784,-0.018976,0.00039758,0.00063887,0.0064357,-0.0012223,-0.014274,-0.016263,0.015387,-0.0014572,-0.00024447,-9.6163e-05,0.00052428,1,-0.0064338,-0.0011997,0.0017259,0.00035015,0.00073074,-0.0002642,-0.0024999,0.0080056,0.00012652,-0.00021468,-0.04751,-9.1969e-05,0.00052826,0.0011573
omega_b14,-0.0027317,0.00955,0.005792,-0.014525,0.0014065,-0.001326,0.00072272,-0.0047353,-0.0081208,0.033656,0.00058493,-0.001597,-0.00055939,1.144e-05,-0.0026441,0.0057785,0.0028991,0.00080033,0.00039898,0.0026738,-0.0032783,0.0032052,-0.00069423,nan,-0.00075564,-0.00012843,-0.0029128,-1.6433e-05,0.00013509,-0.0023783,0.01729,-0.00018329,-0.00011889,-0.0025209,0.00087465,-0.0053531,-0.0033675,0.019154,-0.0033036,0.010611,-0.0040645,-0.0024685,-0.0064338,1,-0.0068414,0.00036717,-0.0010158,0.003019,-0.00063255,-0.0065109,0.0028002,-0.0012836,0.0011288,-0.085575,3.7459e-05,0.0015865,0.0010389
omega_b05,-7.2341e-05,0.00054832,0.00040761,0.015264,-0.0045795,-0.0062348,-6.8421e-05,-0.0023273,0.00059954,0.0010307,0.0664,0.002748,0.00093977,-0.0023058,0.002462,0.0037614,-0.060283,0.046248,-0.022516,-0.0070465,0.059065,-0.062434,-0.083396,nan,0.087239,0.0002386,0.015876,0.00013322,-0.00031928,0.0094957,-0.0048178,0.00049664,0.00023565,-0.0022809,-0.00062543,-0.0032859,-0.001876,-0.0091854,-0.0048188,-0.0036819,-0.0057635,-0.00064896,-0.0011997,-0.0068414,1,-0.053376,0.0015865,0.0012557,0.001997,0.0032973,0.00041317,0.0040394,0.00053502,0.0032299,-0.099702,-0.0022652,0.00070435
omega_b15,0.0026262,-0.0089651,-0.008926,4.5656e-05,-0.00062699,0.0062103,-0.0031222,0.0010429,0.0019346,-0.0018922,-0.012708,0.028259,0.00011028,-0.0051322,0.0025832,-0.0052109,-0.023528,0.024884,-0.010983,-0.00097289,0.018054,-0.017347,0.015214,nan,-0.0043056,0.0022907,0.025545,-0.0015046,-0.0022525,-0.010996,-0.0065526,0.00056748,0.0022949,0.013995,0.0050368,0.0097081,0.0079446,-0.0047173,0.0038987,-0.007736,-0.00168,0.0019215,0.0017259,0.00036717,-0.053376,1,4.326e-05,-0.003215,0.00062867,-0.0067265,-0.0061894,-0.00020859,0.0020771,-0.0013909,-0.070251,0.0023607,0.0038469
omega_b06,0.0004432,-0.02323,-0.028101,0.0072722,-0.0014348,0.00078564,0.00062763,-0.001902,-0.0012204,0.0029793,0.0021305,4.9934e-05,0.053367,-0.03188,0.00088668,0.0011744,0.00024474,-0.0028525,-0.00043385,7.8353e-05,-0.0013424,-7.2115e-05,0.0028109,nan,-0.0024965,0.00068142,0.0014505,-0.00040189,-0.0006269,-0.0018745,-0.00077483,9.4466e-05,0.00071116,0.0024742,0.0012304,0.022114,0.026296,-0.019018,0.002618,-0.003867,0.0013618,0.00050652,0.00035015,-0.0010158,0.0015865,4.326e-05,1,-0.031873,0.0014464,0.003221,-0.011963,-0.00035239,-0.0005627,0.00015135,0.00089479,-0.12869,-0.00079826
omega_b16,0.0046407,0.014737,0.019506,-0.0035799,0.0014693,0.00040484,0.0023911,-0.0060521,-7.5673e-05,0.0040831,0.0014687,0.0013974,-0.032141,0.063194,0.00077126,-0.0056691,0.00033848,0.0024043,-0.00074549,0.0006427,0.0017891,3.1394e-05,-0.0045012,nan,0.0031889,0.00039285,-0.0034029,-0.00017545,-0.00030815,0.0016193,0.00034387,-4.9942e-05,0.00043041,-0.0017787,0.0027782,-0.013386,-0.014906,0.0085857,0.00017913,0.00086063,0.002607,-0.00059416,0.00073074,0.003019,0.0012557,-0.003215,-0.031873,1,0.00074195,-0.004069,0.0059699,-0.00011782,-0.001337,-0.0015058,0.00027541,-0.060015,-0.002756
omega_b07,0.00083328,-0.0076602,-0.0078558,-0.00099265,0.00025958,-0.0023452,0.0012378,-0.0030045,-0.001021,0.0010132,-0.00080859,0.00094315,6.8947e-05,-0.0014927,0.095969,-0.070308,-0.0019534,-0.0020112,0.0062394,0.0054064,-0.00015591,-0.00058886,-0.003646,nan,0.0027757,-0.0002799,0.0011437,-1.0018e-05,0.00029918,0.0013264,0.0013226,-0.00039518,-0.00028893,-0.0059755,0.0014687,0.0089638,0.0090773,-0.0047935,-0.0013795,0.0014743,-0.00098691,0.0002216,-0.0002642,-0.00063255,0.001997,0.00062867,0.0014464,0.00074195,1,0.028406,-0.0042239,-0.0003362,-0.0007251,0.00019322,0.0017966,-0.0021774,-0.11578
omega_b17,0.010856,-0.0752,-0.075358,0.032477,0.0085698,-0.00099444,0.0017601,-0.0082344,-0.0025337,0.001581,0.0029948,-0.012425,0.0015395,0.00095806,0.00036563,-0.0010982,0.040264,-0.011583,0.020379,0.009263,-0.043528,0.037464,0.0076287,nan,-0.026449,-0.0030223,-0.038116,0.0016181,0.0029922,0.0032844,0.014044,-0.0012041,-0.0030343,-0.018309,0.0049105,0.071642,0.078272,-0.0626,0.0071955,-0.0086467,0.0002357,-0.0099684,-0.0024999,-0.0065109,0.0032973,-0.0067265,0.003221,-0.004069,0.028406,1,-0.036445,-0.0020465,0.0025489,0.00058285,0.001155,-0.0013699,-0.13585
b_1,-0.072467,0.45713,0.4518,-0.20948,0.0084834,-0.031265,0.01009,0.006296,0.0082031,-0.021604,0.002647,0.0096542,0.0027106,-0.018583,0.0058395,-0.0053455,-0.10697,0.056782,-0.041968,-0.023066,0.13934,-0.10376,-0.04823,nan,0.091628,0.004753,0.071917,-0.0019739,-0.0046189,0.0073487,-0.016092,0.0022208,0.0047307,0.018552,-0.13007,-0.45743,-0.4203,0.3746,-0.040304,0.0020076,-0.0053891,0.022536,0.0080056,0.0028002,0.00041317,-0.0061894,-0.011963,0.0059699,-0.0042239,-0.036445,1,0.011389,-0.0069482,-0.0097327,-0.0024349,0.016503,0.018902
a_2,-0.0035644,0.024704,0.023729,-0.0076456,-0.0065865,0.00030678,0.0011983,0.0020212,0.00061582,-0.0010373,-9.8163e-05,0.007268,-0.00021141,-0.00027744,0.0017779,0.0028339,-0.048752,0.019179,-0.022543,-0.0090298,0.04844,-0.052948,-0.016152,nan,0.034755,0.0029559,0.042623,-0.0015923,-0.0029454,-0.0040998,-0.013389,0.001186,0.0029543,0.016381,-0.0022671,-0.023894,-0.025064,0.023277,-0.11022,-0.049953,-0.0014299,0.0024287,0.00012652,-0.0012836,0.0040394,-0.00020859,-0.00035239,-0.00011782,-0.0003362,-0.0020465,0.011389,1,0.00025101,-0.0009911,-0.0012533,-0.00095125,0.0032449
a_3,-0.0029886,-0.00765,-0.011547,0.014612,8.9278e-05,-0.0004048,-0.0082936,0.0010749,-0.00045013,0.0018853,-0.0001063,0.0011282,0.00053235,0.00015654,-0.00052458,0.0040988,-0.0053267,0.0039811,-0.0044186,0.0013645,0.0049736,-0.0051666,-0.0024501,nan,0.0060672,0.0002554,0.0046124,-0.00026085,-0.00027097,-0.0022739,-0.00062001,8.862e-06,0.00025173,0.0019586,-0.0003291,0.0044258,0.010188,-0.012753,-0.0013458,0.00062088,-0.094052,-0.039552,-0.00021468,0.0011288,0.00053502,0.0020771,-0.0005627,-0.001337,-0.0007251,0.0025489,-0.0069482,0.00025101,1,0.0011952,-0.001076,-0.00091014,-0.0009519
a_4,0.0024196,-0.019253,-0.019724,0.012164,-0.00013237,0.0019726,-0.00093625,0.00080452,0.0020312,0.0010335,0.00064975,0.00064556,0.0012353,-0.00045036,3.1498e-05,-0.0015301,0.0060101,-0.001764,0.0029393,0.0030474,-0.0063256,0.0055905,0.0003409,nan,-0.0032862,-0.00067545,-0.006019,0.00032078,0.00066534,0.0013544,0.009699,-0.00031868,-0.00068486,-0.0053652,0.0012117,0.017025,0.020344,-0.021436,0.0034322,-0.0018367,0.0014327,2.4149e-05,-0.04751,-0.085575,0.0032299,-0.0013909,0.00015135,-0.0015058,0.00019322,0.00058285,-0.0097327,-0.0009911,0.0011952,1,-9.0525e-05,-4.6949e-07,-0.0013695
b_5,-0.0034608,0.0021319,0.0013334,0.0099071,0.0011871,0.001532,-0.00016831,0.0017814,-0.0010399,0.0015575,-0.030151,0.0102,-2.2311e-05,0.00073659,-9.1701e-05,-0.0036432,0.022164,-0.02453,0.0083892,0.0027296,-0.021313,0.023839,0.035398,nan,-0.032282,4.8785e-05,-0.0041931,-0.00012046,3.3499e-06,-0.0042164,0.0017418,-0.00017994,4.7813e-05,0.00066852,-0.0032449,-0.0035807,-0.0021155,-0.0058367,0.00050695,0.00047207,0.0026187,0.00054381,-9.1969e-05,3.7459e-05,-0.099702,-0.070251,0.00089479,0.00027541,0.0017966,0.001155,-0.0024349,-0.0012533,-0.001076,-9.0525e-05,1,-0.0022736,-0.0026733
b_6,-0.0014149,0.039494,0.043782,-0.017127,0.00095733,-0.0020325,-0.00011118,0.0034638,0.0015228,-0.0027891,-0.0016382,0.00061893,-0.010739,-0.0039901,0.00018055,-0.0012476,-0.00087791,0.0010448,2.9753e-05,-0.00053102,0.00097287,-0.00073648,2.3461e-06,nan,0.00027938,1.553e-07,0.00096656,3.2936e-06,-1.4439e-05,-0.00066505,0.00086282,4.7962e-05,-4.0307e-06,0.0008175,-0.003399,-0.036305,-0.038983,0.035226,-0.00019006,-0.00017645,-0.0021545,0.00039283,0.00052826,0.0015865,-0.0022652,0.0023607,-0.12869,-0.060015,-0.0021774,-0.0013699,0.016503,-0.00095125,-0.00091014,-4.6949e-07,-0.0022736,1,0.0019447
b_7,-0.0030814,0.034102,0.032932,-0.020575,-0.0019465,-0.0072482,-0.00093586,0.004296,0.0013644,-0.0019911,1.7423e-05,0.005956,0.00060856,-0.002407,-0.056204,0.065293,-0.051053,0.005434,-0.032236,-0.018677,0.045363,-0.048204,0.0067669,nan,0.019736,0.0055074,0.066152,-0.0029888,-0.0055199,-0.01249,-0.019966,0.0023893,0.0055387,0.040108,-0.00052948,-0.032663,-0.036903,0.036048,-0.0078142,0.0011536,0.0012332,0.0019032,0.0011573,0.0010389,0.00070435,0.0038469,-0.00079826,-0.002756,-0.11578,-0.13585,0.018902,0.0032449,-0.0009519,-0.0013695,-0.0026733,0.0019447,1
