b01_pop,0.016827,-0.00022836,0.00022033,-0.013156,-1.5052e-06,1.7895e-07,4.004e-06,4.8591e-07,5.8069e-06,-2.1363e-06,-4.9427e-06,3.41e-07,-0.0011605,-3.881e-05,2.0829e-05,-2.2783e-05,-2.139e-05,6.7977e-06,-4.7807e-05,0.002081,-0.0001223,nan,-4.4301e-10,9.6496e-08,-1.6249e-05,-4.9823e-10,4.5984e-09,1.9875e-09,3.4343e-07,-1.1574e-07,0.0028519,0.00017957,-5.4236e-05,0.00048707,6.7197e-07,-1.0858e-07,7.6347e-06,9.4353e-08,7.6249e-06,1.9312e-06,8.738e-07,-1.4002e-06,-0.00049105,5.5252e-05,-1.8381e-05,-1.3085e-07,-1.1602e-07,-1.9932e-06,7.9923e-08,-1.9816e-06
b11_pop,-0.00022836,0.00018552,9.4536e-05,0.00026505,1.8722e-07,-1.2428e-07,9.5052e-06,-1.9726e-06,2.0359e-06,-8.0598e-07,-3.2275e-06,-3.3042e-07,0.0004758,-0.00010114,-8.38e-06,4.1417e-06,2.4034e-05,-1.0135e-06,1.039e-05,-0.0004406,4.0329e-05,nan,2.4921e-11,-9.7267e-10,1.7441e-05,-6.7438e-11,5.2748e-10,2.3863e-10,4.2405e-08,-4.5852e-08,-1.9749e-05,-8.5479e-05,-5.9293e-05,0.0004484,6.0443e-07,2.6323e-08,-7.6176e-06,9.749e-07,2.6645e-06,2.2739e-06,-2.0991e-06,2.9851e-08,0.00068683,-7.1803e-05,1.4138e-06,-6.761e-08,-2.8438e-07,-1.272e-06,1.3411e-07,4.7172e-07
b21_pop,0.00022033,9.4536e-05,0.0001494,-0.0020366,-1.774e-08,-1.115e-07,8.5645e-06,-1.1451e-06,2.2671e-06,-7.5434e-07,-4.5493e-06,-3.6746e-07,0.00031532,-0.00011831,-1.6008e-06,1.8373e-06,1.1243e-05,-3.7291e-06,-1.7276e-06,5.9682e-05,1.8041e-05,nan,1.7942e-10,-2.1812e-08,-3.9391e-06,4.5852e-11,-5.0704e-10,-2.0712e-10,-3.4064e-08,-7.3479e-08,0.00015463,-4.4305e-05,-7.4494e-05,0.00064799,6.5883e-07,4.1768e-08,-6.7275e-06,6.9108e-07,3.8873e-06,2.7245e-06,-3.4055e-06,-1.663e-07,0.00062096,-6.1662e-05,4.8461e-06,-8.9198e-08,-1.9762e-07,-1.8196e-06,1.3654e-07,2.3728e-07
a1_pop,-0.013156,0.00026505,-0.0020366,1.0169,-8.5688e-06,1.3112e-06,0.00022564,-5.2785e-06,-0.00027499,0.00010601,-0.00015044,1.2781e-05,0.086732,-0.0088889,9.1244e-05,0.00028324,6.9441e-05,0.00018542,-4.0013e-05,-0.024017,-0.0015729,nan,-8.8064e-09,7.555e-07,0.00021074,-2.7591e-09,2.5218e-08,1.1643e-08,1.9414e-06,-3.2488e-07,-0.013376,-0.0042821,-0.0011955,-0.12768,-3.07e-05,1.603e-06,0.00014539,6.1261e-06,0.00021665,2.3204e-06,0.00060886,5.0979e-05,0.051641,0.00079843,-0.0003843,4.0098e-06,-3.8371e-05,6.889e-05,-1.412e-05,2.098e-05
b02_pop,-1.5052e-06,1.8722e-07,-1.774e-08,-8.5688e-06,9.6456e-06,-3.472e-07,-3.84e-09,-2.1701e-09,1.5261e-07,-1.6908e-08,-5.2862e-09,4.443e-10,-5.0985e-05,4.8802e-06,6.2287e-08,2.5353e-06,5.6256e-08,4.1196e-09,-1.7547e-08,-1.0178e-05,1.14e-06,nan,4.2518e-12,-1.2657e-09,7.9493e-08,8.2788e-12,-7.5533e-11,-3.2429e-11,-5.645e-09,-2.6667e-09,-8.76e-07,-1.6727e-07,1.6514e-08,2.1125e-06,-2.1558e-07,-1.1808e-08,-2.9124e-07,-7.0091e-08,1.1701e-07,9.8167e-09,2.3061e-08,4.9367e-09,-2.7049e-05,-2.0595e-06,3.2505e-08,2.0836e-08,5.0159e-08,-5.2033e-08,2.5681e-10,1.0297e-08
b12_pop,1.7895e-07,-1.2428e-07,-1.115e-07,1.3112e-06,-3.472e-07,2.462e-07,-2.9254e-08,8.0096e-08,-5.7854e-08,6.9354e-09,5.4517e-08,-1.9883e-09,4.2874e-06,-8.9238e-07,4.8164e-07,-7.7753e-07,-1.012e-07,1.7649e-08,-3.9002e-07,3.2545e-05,-1.8701e-06,nan,-6.265e-12,2.9248e-09,5.3745e-08,-1.2851e-11,1.2528e-10,5.0529e-11,8.7737e-09,6.5877e-10,-1.8039e-08,1.0484e-07,7.7152e-08,-1.3435e-06,-3.2162e-08,8.0457e-09,7.6051e-08,5.9628e-08,-1.0563e-08,-7.4869e-09,4.2801e-08,-4.6079e-09,2.922e-06,8.493e-07,-4.9641e-09,1.3505e-10,-2.354e-08,1.4344e-08,-2.3346e-10,-2.0816e-09
b03_pop,4.004e-06,9.5052e-06,8.5645e-06,0.00022564,-3.84e-09,-2.9254e-08,0.0039328,-0.00010636,-5.5328e-07,-1.2084e-06,-2.2807e-07,2.5487e-07,0.00045697,-2.7499e-05,8.4435e-07,-4.836e-05,-8.0001e-07,-3.4852e-07,-3.4063e-07,0.0009852,7.8714e-06,nan,-3.3637e-11,7.8871e-09,-3.568e-07,-9.7187e-11,8.4615e-10,3.7784e-10,6.6066e-08,1.0888e-07,9.593e-06,-6.6462e-06,-6.3389e-06,-1.0542e-05,-1.1889e-07,1.0405e-08,3.3038e-05,6.8213e-06,-2.1688e-06,2.5805e-07,-3.086e-07,-9.0052e-07,0.00037265,-4.9706e-06,-1.3728e-07,-1.1249e-09,-4.2018e-06,-6.5772e-07,1.4234e-07,2.5464e-08
b13_pop,4.8591e-07,-1.9726e-06,-1.1451e-06,-5.2785e-06,-2.1701e-09,8.0096e-08,-0.00010636,0.00011446,-3.2143e-07,4.6515e-07,2.3993e-07,-2.6603e-07,-0.00014567,4.8379e-06,-1.2089e-05,1.86e-05,1.7316e-06,-3.1169e-07,1.008e-05,-0.00069613,4.4133e-05,nan,1.3866e-10,-6.3115e-08,-2.0117e-06,2.7675e-10,-2.6497e-09,-1.09e-09,-1.8897e-07,-2.6438e-08,-7.3172e-07,5.0471e-07,7.0826e-07,8.5894e-06,4.0005e-08,-2.1883e-08,-1.524e-06,-5.9308e-06,6.1607e-07,1.0689e-08,9.7308e-07,1.1265e-07,-0.00012773,6.5191e-06,1.0589e-07,1.0748e-10,2.6798e-06,-6.7017e-08,-3.4409e-08,3.5509e-08
b04_pop,5.8069e-06,2.0359e-06,2.2671e-06,-0.00027499,1.5261e-07,-5.7854e-08,-5.5328e-07,-3.2143e-07,0.0098737,-9.3514e-05,1.3117e-06,-3.1623e-07,-0.00027165,9.0669e-05,8.1778e-07,-1.1206e-06,2.003e-07,-1.2972e-07,-1.4128e-06,0.00017433,-5.2529e-06,nan,-3.0165e-11,1.918e-08,1.1362e-06,-8.1461e-11,8.0239e-10,3.1951e-10,5.546e-08,2.4717e-08,1.3768e-05,-5.0175e-07,-1.2944e-06,7.0113e-05,3.4546e-07,-4.8223e-08,-6.474e-07,-3.6499e-07,-2.05e-05,-3.9773e-06,6.5275e-07,6.8455e-07,-0.0005984,4.0218e-05,-3.8674e-08,-5.2857e-08,9.5178e-08,3.2417e-06,-6.9356e-08,3.5921e-07
b14_pop,-2.1363e-06,-8.0598e-07,-7.5434e-07,0.00010601,-1.6908e-08,6.9354e-09,-1.2084e-06,4.6515e-07,-9.3514e-05,6.5721e-05,-4.5982e-07,-1.2126e-07,1.8191e-05,-1.669e-05,-5.3136e-08,6.8494e-07,-2.2732e-07,6.402e-08,-2.6578e-07,-2.1305e-05,-3.3703e-07,nan,-4.7561e-12,-1.3952e-09,-1.0578e-07,-9.5426e-13,-1.3319e-11,4.6192e-12,7.0699e-10,-6.0234e-09,-3.9079e-06,9.6211e-08,5.6677e-07,-3.0843e-05,-4.6405e-08,3.248e-10,-3.4216e-09,4.6594e-07,2.7882e-06,3.944e-06,-1.0999e-07,-2.6569e-07,3.7013e-05,5.3652e-06,5.9092e-08,8.5581e-09,-1.5791e-07,-3.1897e-06,1.4427e-08,-7.4423e-08
b05_pop,-4.9427e-06,-3.2275e-06,-4.5493e-06,-0.00015044,-5.2862e-09,5.4517e-08,-2.2807e-07,2.3993e-07,1.3117e-06,-4.5982e-07,0.0025596,-7.0296e-05,-1.883e-05,-1.0555e-07,1.6763e-06,-1.6254e-06,-1.4453e-06,1.3637e-07,-2.0907e-06,0.00018452,-8.7916e-06,nan,-1.2024e-10,2.0335e-08,7.1157e-08,-2.3249e-10,1.9499e-09,9.0682e-10,1.5805e-07,4.2516e-10,5.3382e-06,2.0795e-06,4.317e-06,1.8729e-05,-2.9096e-07,1.3952e-08,4.4022e-06,-6.0003e-08,-7.8435e-07,-1.3525e-06,0.00010462,-7.4623e-06,-0.00013402,1.9821e-05,-9.0354e-08,1.1801e-08,1.1727e-07,1.8373e-06,-1.7937e-06,3.0813e-07
b15_pop,3.41e-07,-3.3042e-07,-3.6746e-07,1.2781e-05,4.443e-10,-1.9883e-09,2.5487e-07,-2.6603e-07,-3.1623e-07,-1.2126e-07,-7.0296e-05,6.2196e-05,1.4162e-05,-4.4379e-06,-1.1553e-07,1.8933e-07,5.8892e-08,2.5785e-08,-1.9198e-07,-2.3387e-05,3.5303e-07,nan,-1.6752e-10,4.073e-09,1.2836e-07,-3.0785e-10,2.3591e-09,1.1952e-09,2.0869e-07,-9.6109e-10,-2.8135e-06,3.4582e-07,3.0699e-07,-3.8372e-06,-3.4259e-08,-3.8323e-10,-1.0717e-06,2.087e-07,4.4572e-07,1.5117e-07,-1.0557e-05,1.6025e-06,-1.6718e-05,-3.6074e-06,-8.596e-08,1.1966e-09,-1.7613e-09,-3.5601e-07,1.6623e-07,-3.4617e-08
b07_pop,-0.0011605,0.0004758,0.00031532,0.086732,-5.0985e-05,4.2874e-06,0.00045697,-0.00014567,-0.00027165,1.8191e-05,-1.883e-05,1.4162e-05,47.048,-0.5481,4.7048e-05,-0.0004817,-0.00019379,2.8967e-06,-0.00020341,0.021514,0.00018686,nan,-1.8261e-08,4.4222e-06,0.00026564,-2.298e-08,2.0599e-07,9.1827e-08,1.5738e-05,9.5869e-05,-0.00060785,-0.00083742,-0.00054476,-0.011557,-7.6745e-06,5.5229e-07,-0.00069919,-2.3498e-05,0.00030071,-8.8857e-05,0.00016453,3.3201e-05,3.9167,-0.11072,-2.6043e-05,4.1696e-06,1.9533e-05,5.8078e-05,-5.4343e-06,-0.0014214
b17_pop,-3.881e-05,-0.00010114,-0.00011831,-0.0088889,4.8802e-06,-8.9238e-07,-2.7499e-05,4.8379e-06,9.0669e-05,-1.669e-05,-1.0555e-07,-4.4379e-06,-0.5481,0.2225,1.5859e-05,4.7809e-06,0.0002425,-0.00020198,-2.5705e-05,0.0045464,-0.00016502,nan,4.5511e-09,-1.2721e-07,3.916e-05,-3.3391e-09,2.4804e-08,1.2311e-08,2.1812e-06,2.6623e-05,-0.00011046,0.00012702,0.00012436,0.00054974,6.3624e-06,-5.1815e-08,8.4897e-05,9.145e-06,-4.0039e-05,2.3079e-05,-2.6151e-05,-2.1091e-05,-0.15653,0.023778,3.177e-06,-7.3689e-07,1.5195e-07,-2.0107e-05,1.913e-06,-6.6297e-06
p1_pop,2.0829e-05,-8.38e-06,-1.6008e-06,9.1244e-05,6.2287e-08,4.8164e-07,8.4435e-07,-1.2089e-05,8.1778e-07,-5.3136e-08,1.6763e-06,-1.1553e-07,4.7048e-05,1.5859e-05,0.00021058,-0.00012015,-3.6992e-05,5.3435e-06,-0.00023366,0.015566,-0.0011991,nan,-1.6184e-09,9.7086e-07,1.5867e-05,-3.951e-09,3.9196e-08,1.5523e-08,2.6965e-06,1.2806e-07,2.2833e-06,-2.5069e-06,1.3437e-06,-0.00014748,-5.0928e-07,-6.9805e-08,1.9438e-06,-7.8739e-07,6.4559e-07,-7.6058e-08,7.902e-07,-8.6134e-08,-1.0785e-06,1.1644e-05,-5.7602e-07,2.6326e-08,-1.5876e-06,1.0113e-07,-1.3186e-08,8.1358e-08
g1_pop,-2.2783e-05,4.1417e-06,1.8373e-06,0.00028324,2.5353e-06,-7.7753e-07,-4.836e-05,1.86e-05,-1.1206e-06,6.8494e-07,-1.6254e-06,1.8933e-07,-0.0004817,4.7809e-06,-0.00012015,0.00049833,3.5943e-05,-3.6764e-06,0.00011256,-0.014732,0.0001488,nan,4.2389e-09,-1.9558e-06,-3.6162e-06,8.8376e-09,-8.51e-08,-3.4728e-08,-6.0283e-06,-5.0756e-07,-2.451e-05,5.5005e-06,-1.8441e-06,-0.00014599,-6.146e-07,1.7094e-07,-2.4982e-05,1.2948e-05,1.8546e-07,3.6835e-07,-5.7715e-08,1.5571e-07,-0.00023426,-8.6115e-10,7.3656e-07,1.93e-08,-1.4485e-06,-3.7189e-07,-4.1119e-09,-1.0034e-07
p2_pop,-2.139e-05,2.4034e-05,1.1243e-05,6.9441e-05,5.6256e-08,-1.012e-07,-8.0001e-07,1.7316e-06,2.003e-07,-2.2732e-07,-1.4453e-06,5.8892e-08,-0.00019379,0.0002425,-3.6992e-05,3.5943e-05,0.001197,-0.00017246,5.6716e-05,-0.0028579,0.00022558,nan,8.9589e-09,-1.2903e-06,5.045e-06,3.6373e-09,-3.8679e-08,-1.5878e-08,-2.6798e-06,-2.5837e-07,1.1087e-05,4.9582e-06,-9.423e-06,0.00019214,1.5974e-07,3.108e-08,-2.4401e-06,1.6545e-07,-1.0599e-06,3.4167e-07,-8.2149e-07,-9.1548e-08,0.00017248,4.2007e-05,-2.2661e-06,-1.3104e-08,2.7904e-07,-9.0925e-08,1.5028e-08,-4.1928e-07
g2_pop,6.7977e-06,-1.0135e-06,-3.7291e-06,0.00018542,4.1196e-09,1.7649e-08,-3.4852e-07,-3.1169e-07,-1.2972e-07,6.402e-08,1.3637e-07,2.5785e-08,2.8967e-06,-0.00020198,5.3435e-06,-3.6764e-06,-0.00017246,0.00011174,-7.4584e-06,0.00035815,-5.502e-05,nan,-4.6417e-09,6.4964e-07,3.7318e-05,-6.165e-10,8.2199e-09,3.1379e-09,4.8664e-07,-2.2896e-06,-1.1924e-08,-2.5122e-06,1.5308e-06,-5.9383e-05,-4.8808e-08,-6.8017e-09,-1.4522e-07,2.1566e-07,7.144e-08,-9.5235e-08,3.9036e-07,8.2635e-08,-0.000122,-6.1783e-05,-3.9077e-07,5.5884e-09,-9.0082e-08,9.7393e-08,-1.3125e-08,4.3509e-08
alpha11_pop,-4.7807e-05,1.039e-05,-1.7276e-06,-4.0013e-05,-1.7547e-08,-3.9002e-07,-3.4063e-07,1.008e-05,-1.4128e-06,-2.6578e-07,-2.0907e-06,-1.9198e-07,-0.00020341,-2.5705e-05,-0.00023366,0.00011256,5.6716e-05,-7.4584e-06,0.00059107,-0.014318,0.0013824,nan,1.0587e-09,-9.8646e-07,-2.7692e-05,3.8308e-09,-3.8697e-08,-1.5017e-08,-2.6129e-06,-1.947e-07,-5.8974e-06,-2.0975e-06,-1.5572e-07,0.00035837,2.4579e-07,9.3931e-08,-4.5841e-06,7.5407e-07,-2.7025e-06,-2.2357e-07,-1.9365e-06,-2.9731e-07,-1.0035e-05,-1.1022e-05,7.1112e-06,1.7857e-08,1.9564e-06,5.0318e-07,7.2409e-08,-1.0219e-07
alpha12_pop,0.002081,-0.0004406,5.9682e-05,-0.024017,-1.0178e-05,3.2545e-05,0.0009852,-0.00069613,0.00017433,-2.1305e-05,0.00018452,-2.3387e-05,0.021514,0.0045464,0.015566,-0.014732,-0.0028579,0.00035815,-0.014318,4.1641,-0.030378,nan,-2.6989e-07,0.00016379,0.00013718,-7.1743e-07,6.9795e-06,2.8125e-06,0.00048875,3.3739e-05,0.0015046,-0.00021263,-4.4655e-05,0.0023225,-7.4999e-05,2.6352e-05,0.00087982,-0.00059961,5.7534e-05,2.3054e-05,0.000103,-1.5244e-05,0.015368,0.0015686,-0.0001443,-4.7373e-06,5.8355e-05,-4.1574e-05,1.2322e-06,-1.2682e-06
alpha13_pop,-0.0001223,4.0329e-05,1.8041e-05,-0.0015729,1.14e-06,-1.8701e-06,7.8714e-06,4.4133e-05,-5.2529e-06,-3.3703e-07,-8.7916e-06,3.5303e-07,0.00018686,-0.00016502,-0.0011991,0.0001488,0.00022558,-5.502e-05,0.0013824,-0.030378,0.012311,nan,2.4123e-08,-1.2249e-05,-0.00020544,5.1673e-08,-5.0683e-07,-2.0301e-07,-3.5248e-05,1.9637e-06,-2.2383e-05,2.2866e-05,-7.8562e-06,0.00099324,-7.7035e-07,8.1278e-07,-1.9261e-05,-4.9011e-05,-1.7244e-06,-1.0229e-07,-1.2211e-06,7.4924e-07,0.00045262,-8.187e-05,2.4077e-06,-2.9122e-08,2.9296e-05,-9.0561e-07,7.0974e-08,-1.0405e-06
alpha14_pop,nan,nan,nan,nan,nan,nan,nan,nan,nan,nan,nan,nan,nan,nan,nan,nan,nan,nan,nan,nan,nan,nan,nan,nan,nan,nan,nan,nan,nan,nan,nan,nan,nan,nan,nan,nan,nan,nan,nan,nan,nan,nan,nan,nan,nan,nan,nan,nan,nan,nan
alpha15_pop,-4.4301e-10,2.4921e-11,1.7942e-10,-8.8064e-09,4.2518e-12,-6.265e-12,-3.3637e-11,1.3866e-10,-3.0165e-11,-4.7561e-12,-1.2024e-10,-1.6752e-10,-1.8261e-08,4.5511e-09,-1.6184e-09,4.2389e-09,8.9589e-09,-4.6417e-09,1.0587e-09,-2.6989e-07,2.4123e-08,nan,1.7709e-09,-7.2252e-10,-3.7671e-09,1.8677e-11,6.7388e-10,-2.7338e-10,-2.8453e-08,1.754e-10,-1.3522e-11,1.9563e-10,-5.2026e-11,3.9696e-09,6.6178e-12,1.229e-12,1.4949e-10,-8.668e-11,1.6674e-11,-3.685e-12,1.9187e-10,9.327e-11,2.5635e-09,2.0951e-09,1.595e-12,-5.4544e-13,2.7958e-11,5.0927e-12,-2.4608e-11,-3.3884e-11
alpha17_pop,9.6496e-08,-9.7267e-10,-2.1812e-08,7.555e-07,-1.2657e-09,2.9248e-09,7.8871e-09,-6.3115e-08,1.918e-08,-1.3952e-09,2.0335e-08,4.073e-09,4.4222e-06,-1.2721e-07,9.7086e-07,-1.9558e-06,-1.2903e-06,6.4964e-07,-9.8646e-07,0.00016379,-1.2249e-05,nan,-7.2252e-10,3.2497e-07,1.3384e-06,-1.4591e-09,1.4046e-08,5.7316e-09,9.9473e-07,-6.0954e-08,-7.2988e-09,-5.8391e-08,-2.3797e-09,-1.0413e-06,-3.3708e-09,-2.3162e-10,-5.4467e-08,3.3024e-08,-1.08e-09,1.8745e-09,5.9012e-09,-1.9458e-09,-8.2468e-07,-4.05e-07,1.5719e-09,1.5093e-10,-1.3659e-08,-1.8225e-09,5.6747e-10,1.5603e-08
alpha21_pop,-1.6249e-05,1.7441e-05,-3.9391e-06,0.00021074,7.9493e-08,5.3745e-08,-3.568e-07,-2.0117e-06,1.1362e-06,-1.0578e-07,7.1157e-08,1.2836e-07,0.00026564,3.916e-05,1.5867e-05,-3.6162e-06,5.045e-06,3.7318e-05,-2.7692e-05,0.00013718,-0.00020544,nan,-3.7671e-09,1.3384e-06,0.00042546,-5.9254e-09,5.7664e-08,2.334e-08,4.0437e-06,3.5471e-07,-1.5968e-05,-7.5756e-06,-3.8886e-06,-0.00014617,-2.2383e-08,-9.7526e-09,-1.0323e-06,1.214e-06,2.9468e-07,7.7817e-08,-1.1357e-07,3.848e-07,8.2339e-05,-1.412e-05,-1.9171e-07,3.8735e-09,-4.9119e-07,2.5704e-07,-1.7883e-08,1.9839e-07
alpha22_pop,-4.9823e-10,-6.7438e-11,4.5852e-11,-2.7591e-09,8.2788e-12,-1.2851e-11,-9.7187e-11,2.7675e-10,-8.1461e-11,-9.5426e-13,-2.3249e-10,-3.0785e-10,-2.298e-08,-3.3391e-09,-3.951e-09,8.8376e-09,3.6373e-09,-6.165e-10,3.8308e-09,-7.1743e-07,5.1673e-08,nan,1.8677e-11,-1.4591e-09,-5.9254e-09,8.7138e-11,-6.2057e-10,-2.9734e-10,-5.2744e-08,2.4076e-10,-7.7895e-11,2.2089e-10,4.6192e-11,4.382e-09,1.2526e-11,9.7245e-13,2.9328e-10,-1.318e-10,3.4361e-11,-1.6402e-11,3.7218e-10,1.7231e-10,3.1328e-09,7.2686e-10,-3.0468e-12,-3.7635e-13,5.0963e-11,1.77e-11,-4.5798e-11,-6.955e-11
alpha23_pop,4.5984e-09,5.2748e-10,-5.0704e-10,2.5218e-08,-7.5533e-11,1.2528e-10,8.4615e-10,-2.6497e-09,8.0239e-10,-1.3319e-11,1.9499e-09,2.3591e-09,2.0599e-07,2.4804e-08,3.9196e-08,-8.51e-08,-3.8679e-08,8.2199e-09,-3.8697e-08,6.9795e-06,-5.0683e-07,nan,6.7388e-10,1.4046e-08,5.7664e-08,-6.2057e-10,1.3864e-08,2.0212e-09,4.0732e-07,-2.3868e-09,5.2558e-10,-2.1988e-09,-3.9182e-10,-4.2622e-08,-1.2475e-10,-9.4142e-12,-2.8574e-09,1.1707e-09,-2.8406e-10,1.4094e-10,-2.7583e-09,-1.3195e-09,-3.4688e-08,-9.2337e-09,4.6373e-11,4.0473e-12,-4.7962e-10,-1.4741e-10,3.5082e-10,6.7336e-10
alpha24_pop,1.9875e-09,2.3863e-10,-2.0712e-10,1.1643e-08,-3.2429e-11,5.0529e-11,3.7784e-10,-1.09e-09,3.1951e-10,4.6192e-12,9.0682e-10,1.1952e-09,9.1827e-08,1.2311e-08,1.5523e-08,-3.4728e-08,-1.5878e-08,3.1379e-09,-1.5017e-08,2.8125e-06,-2.0301e-07,nan,-2.7338e-10,5.7316e-09,2.334e-08,-2.9734e-10,2.0212e-09,1.2177e-09,2.0481e-07,-9.4983e-10,2.9002e-10,-8.8146e-10,-1.6522e-10,-1.7533e-08,-4.9529e-11,-3.9088e-12,-1.143e-09,5.2404e-10,-1.3075e-10,6.349e-11,-1.4408e-09,-6.6877e-10,-1.2055e-08,-3.0442e-09,1.2926e-11,1.5414e-12,-2.02e-10,-6.9012e-11,1.7776e-10,2.7322e-10
alpha25_pop,3.4343e-07,4.2405e-08,-3.4064e-08,1.9414e-06,-5.645e-09,8.7737e-09,6.6066e-08,-1.8897e-07,5.546e-08,7.0699e-10,1.5805e-07,2.0869e-07,1.5738e-05,2.1812e-06,2.6965e-06,-6.0283e-06,-2.6798e-06,4.8664e-07,-2.6129e-06,0.00048875,-3.5248e-05,nan,-2.8453e-08,9.9473e-07,4.0437e-06,-5.2744e-08,4.0732e-07,2.0481e-07,3.5759e-05,-1.6468e-07,5.1249e-08,-1.5201e-07,-2.9626e-08,-3.0243e-06,-8.5722e-09,-6.7327e-10,-1.9932e-07,9.0089e-08,-2.3096e-08,1.1074e-08,-2.5191e-07,-1.1679e-07,-2.1605e-06,-5.1874e-07,2.3133e-09,2.6254e-10,-3.4846e-08,-1.1995e-08,3.1041e-08,4.7448e-08
alpha27_pop,-1.1574e-07,-4.5852e-08,-7.3479e-08,-3.2488e-07,-2.6667e-09,6.5877e-10,1.0888e-07,-2.6438e-08,2.4717e-08,-6.0234e-09,4.2516e-10,-9.6109e-10,9.5869e-05,2.6623e-05,1.2806e-07,-5.0756e-07,-2.5837e-07,-2.2896e-06,-1.947e-07,3.3739e-05,1.9637e-06,nan,1.754e-10,-6.0954e-08,3.5471e-07,2.4076e-10,-2.3868e-09,-9.4983e-10,-1.6468e-07,4.168e-07,-7.613e-08,3.8062e-08,4.9378e-08,-2.1178e-07,2.5927e-09,2.0507e-10,7.3824e-08,-3.4644e-08,8.7169e-09,3.4691e-09,-1.9066e-08,-5.7694e-09,5.4748e-05,9.2387e-06,-7.5784e-09,-3.002e-10,6.4875e-09,-4.0693e-09,9.8735e-10,-1.5197e-08
omega_b01,0.0028519,-1.9749e-05,0.00015463,-0.013376,-8.76e-07,-1.8039e-08,9.593e-06,-7.3172e-07,1.3768e-05,-3.9079e-06,5.3382e-06,-2.8135e-06,-0.00060785,-0.00011046,2.2833e-06,-2.451e-05,1.1087e-05,-1.1924e-08,-5.8974e-06,0.0015046,-2.2383e-05,nan,-1.3522e-11,-7.2988e-09,-1.5968e-05,-7.7895e-11,5.2558e-10,2.9002e-10,5.1249e-08,-7.613e-08,0.010163,3.7725e-05,-4.9985e-05,0.001725,1.2129e-06,-1.0714e-07,-6.0557e-06,-1.9291e-06,3.1634e-07,1.9597e-06,-1.3786e-05,-1.9548e-06,0.00022323,4.8046e-06,-6.0946e-05,-1.3498e-07,2.9405e-06,1.3116e-06,4.9205e-07,-8.3476e-07
omega_b11,0.00017957,-8.5479e-05,-4.4305e-05,-0.0042821,-1.6727e-07,1.0484e-07,-6.6462e-06,5.0471e-07,-5.0175e-07,9.6211e-08,2.0795e-06,3.4582e-07,-0.00083742,0.00012702,-2.5069e-06,5.5005e-06,4.9582e-06,-2.5122e-06,-2.0975e-06,-0.00021263,2.2866e-05,nan,1.9563e-10,-5.8391e-08,-7.5756e-06,2.2089e-10,-2.1988e-09,-8.8146e-10,-1.5201e-07,3.8062e-08,3.7725e-05,0.00012317,4.68e-05,0.00012312,-3.2035e-07,-1.2819e-08,4.2104e-06,-4.2996e-07,-2.8592e-06,-1.4997e-06,-1.2803e-06,-1.4788e-07,-0.00079673,5.5756e-05,1.4108e-07,3.333e-08,3.3485e-07,8.9674e-07,-3.5841e-08,-4.8619e-07
omega_b21,-5.4236e-05,-5.9293e-05,-7.4494e-05,-0.0011955,1.6514e-08,7.7152e-08,-6.3389e-06,7.0826e-07,-1.2944e-06,5.6677e-07,4.317e-06,3.0699e-07,-0.00054476,0.00012436,1.3437e-06,-1.8441e-06,-9.423e-06,1.5308e-06,-1.5572e-07,-4.4655e-05,-7.8562e-06,nan,-5.2026e-11,-2.3797e-09,-3.8886e-06,4.6192e-11,-3.9182e-10,-1.6522e-10,-2.9626e-08,4.9378e-08,-4.9985e-05,4.68e-05,8.9635e-05,-0.00021629,-2.9371e-07,-8.3108e-08,3.8207e-06,-4.5213e-07,-3.5176e-06,-1.7783e-06,1.7858e-06,-1.7017e-07,-0.00072327,3.522e-05,-5.0543e-06,4.4681e-08,3.7449e-07,1.5332e-06,-9.376e-08,-4.1206e-07
omega_a1,0.00048707,0.0004484,0.00064799,-0.12768,2.1125e-06,-1.3435e-06,-1.0542e-05,8.5894e-06,7.0113e-05,-3.0843e-05,1.8729e-05,-3.8372e-06,-0.011557,0.00054974,-0.00014748,-0.00014599,0.00019214,-5.9383e-05,0.00035837,0.0023225,0.00099324,nan,3.9696e-09,-1.0413e-06,-0.00014617,4.382e-09,-4.2622e-08,-1.7533e-08,-3.0243e-06,-2.1178e-07,0.001725,0.00012312,-0.00021629,0.035568,9.9299e-06,3.0338e-07,-7.329e-05,-3.1241e-06,-4.391e-05,1.369e-05,-0.00012621,-8.9225e-06,-0.0040111,-0.00060801,2.8658e-05,-1.2502e-06,7.4657e-06,-2.6062e-05,2.9875e-06,1.0053e-06
omega_b02,6.7197e-07,6.0443e-07,6.5883e-07,-3.07e-05,-2.1558e-07,-3.2162e-08,-1.1889e-07,4.0005e-08,3.4546e-07,-4.6405e-08,-2.9096e-07,-3.4259e-08,-7.6745e-06,6.3624e-06,-5.0928e-07,-6.146e-07,1.5974e-07,-4.8808e-08,2.4579e-07,-7.4999e-05,-7.7035e-07,nan,6.6178e-12,-3.3708e-09,-2.2383e-08,1.2526e-11,-1.2475e-10,-4.9529e-11,-8.5722e-09,2.5927e-09,1.2129e-06,-3.2035e-07,-2.9371e-07,9.9299e-06,6.9031e-06,-4.8486e-08,-2.9718e-07,-7.4372e-08,1.813e-07,-1.7944e-08,-2.3495e-07,2.8801e-08,1.1517e-05,1.0981e-06,-2.4321e-08,-2.2506e-07,7.9165e-08,-9.1226e-08,-2.1486e-11,1.4872e-08
omega_b12,-1.0858e-07,2.6323e-08,4.1768e-08,1.603e-06,-1.1808e-08,8.0457e-09,1.0405e-08,-2.1883e-08,-4.8223e-08,3.248e-10,1.3952e-08,-3.8323e-10,5.5229e-07,-5.1815e-08,-6.9805e-08,1.7094e-07,3.108e-08,-6.8017e-09,9.3931e-08,2.6352e-05,8.1278e-07,nan,1.229e-12,-2.3162e-10,-9.7526e-09,9.7245e-13,-9.4142e-12,-3.9088e-12,-6.7327e-10,2.0507e-10,-1.0714e-07,-1.2819e-08,-8.3108e-08,3.0338e-07,-4.8486e-08,1.4328e-07,1.5894e-08,3.9143e-09,-6.4129e-08,2.4543e-09,4.0181e-08,-3.9326e-09,2.3678e-06,-1.1246e-07,4.4392e-09,-1.0592e-08,-1.4062e-08,-2.0296e-09,-1.1522e-09,-4.7684e-09
omega_b03,7.6347e-06,-7.6176e-06,-6.7275e-06,0.00014539,-2.9124e-07,7.6051e-08,3.3038e-05,-1.524e-06,-6.474e-07,-3.4216e-09,4.4022e-06,-1.0717e-06,-0.00069919,8.4897e-05,1.9438e-06,-2.4982e-05,-2.4401e-06,-1.4522e-07,-4.5841e-06,0.00087982,-1.9261e-05,nan,1.4949e-10,-5.4467e-08,-1.0323e-06,2.9328e-10,-2.8574e-09,-1.143e-09,-1.9932e-07,7.3824e-08,-6.0557e-06,4.2104e-06,3.8207e-06,-7.329e-05,-2.9718e-07,1.5894e-08,0.002397,-2.1193e-05,2.3905e-06,-6.2236e-07,-2.3065e-07,3.2836e-07,-0.00021765,5.9045e-05,-8.8579e-08,2.6818e-08,-4.2827e-05,5.2531e-07,-4.5459e-08,-1.6387e-08
omega_b13,9.4353e-08,9.749e-07,6.9108e-07,6.1261e-06,-7.0091e-08,5.9628e-08,6.8213e-06,-5.9308e-06,-3.6499e-07,4.6594e-07,-6.0003e-08,2.087e-07,-2.3498e-05,9.145e-06,-7.8739e-07,1.2948e-05,1.6545e-07,2.1566e-07,7.5407e-07,-0.00059961,-4.9011e-05,nan,-8.668e-11,3.3024e-08,1.214e-06,-1.318e-10,1.1707e-09,5.2404e-10,9.0089e-08,-3.4644e-08,-1.9291e-06,-4.2996e-07,-4.5213e-07,-3.1241e-06,-7.4372e-08,3.9143e-09,-2.1193e-05,7.0398e-05,9.0407e-08,1.3275e-07,-1.532e-06,2.639e-08,2.2048e-05,3.4731e-06,1.4041e-07,5.4717e-09,-7.086e-06,-1.0475e-07,5.5262e-08,-3.4111e-09
omega_b04,7.6249e-06,2.6645e-06,3.8873e-06,0.00021665,1.1701e-07,-1.0563e-08,-2.1688e-06,6.1607e-07,-2.05e-05,2.7882e-06,-7.8435e-07,4.4572e-07,0.00030071,-4.0039e-05,6.4559e-07,1.8546e-07,-1.0599e-06,7.144e-08,-2.7025e-06,5.7534e-05,-1.7244e-06,nan,1.6674e-11,-1.08e-09,2.9468e-07,3.4361e-11,-2.8406e-10,-1.3075e-10,-2.3096e-08,8.7169e-09,3.1634e-07,-2.8592e-06,-3.5176e-06,-4.391e-05,1.813e-07,-6.4129e-08,2.3905e-06,9.0407e-08,0.0054495,-5.9014e-07,2.7868e-07,8.6592e-07,-0.00010848,-6.1977e-05,1.8647e-07,-9.9253e-09,-2.22e-08,-7.4468e-05,-6.4848e-08,2.2193e-07
omega_b14,1.9312e-06,2.2739e-06,2.7245e-06,2.3204e-06,9.8167e-09,-7.4869e-09,2.5805e-07,1.0689e-08,-3.9773e-06,3.944e-06,-1.3525e-06,1.5117e-07,-8.8857e-05,2.3079e-05,-7.6058e-08,3.6835e-07,3.4167e-07,-9.5235e-08,-2.2357e-07,2.3054e-05,-1.0229e-07,nan,-3.685e-12,1.8745e-09,7.7817e-08,-1.6402e-11,1.4094e-10,6.349e-11,1.1074e-08,3.4691e-09,1.9597e-06,-1.4997e-06,-1.7783e-06,1.369e-05,-1.7944e-08,2.4543e-09,-6.2236e-07,1.3275e-07,-5.9014e-07,4.3444e-05,5.0166e-07,-5.0146e-08,9.9981e-06,-8.8044e-06,1.4935e-07,-8.1671e-10,1.4551e-07,-1.1103e-05,7.1296e-09,8.0327e-08
omega_b05,8.738e-07,-2.0991e-06,-3.4055e-06,0.00060886,2.3061e-08,4.2801e-08,-3.086e-07,9.7308e-07,6.5275e-07,-1.0999e-07,0.00010462,-1.0557e-05,0.00016453,-2.6151e-05,7.902e-07,-5.7715e-08,-8.2149e-07,3.9036e-07,-1.9365e-06,0.000103,-1.2211e-06,nan,1.9187e-10,5.9012e-09,-1.1357e-07,3.7218e-10,-2.7583e-09,-1.4408e-09,-2.5191e-07,-1.9066e-08,-1.3786e-05,-1.2803e-06,1.7858e-06,-0.00012621,-2.3495e-07,4.0181e-08,-2.3065e-07,-1.532e-06,2.7868e-07,5.0166e-07,0.0016388,-8.3218e-06,-1.9801e-05,-4.521e-05,4.2796e-07,3.2378e-09,-7.1288e-07,-2.2914e-09,-9.2321e-06,2.5987e-07
omega_b15,-1.4002e-06,2.9851e-08,-1.663e-07,5.0979e-05,4.9367e-09,-4.6079e-09,-9.0052e-07,1.1265e-07,6.8455e-07,-2.6569e-07,-7.4623e-06,1.6025e-06,3.3201e-05,-2.1091e-05,-8.6134e-08,1.5571e-07,-9.1548e-08,8.2635e-08,-2.9731e-07,-1.5244e-05,7.4924e-07,nan,9.327e-11,-1.9458e-09,3.848e-07,1.7231e-10,-1.3195e-09,-6.6877e-10,-1.1679e-07,-5.7694e-09,-1.9548e-06,-1.4788e-07,-1.7017e-07,-8.9225e-06,2.8801e-08,-3.9326e-09,3.2836e-07,2.639e-08,8.6592e-07,-5.0146e-08,-8.3218e-06,4.1741e-05,-4.1392e-05,-4.5119e-06,-1.8737e-08,-1.1726e-08,8.9584e-08,-3.3116e-07,-1.0232e-06,-3.3748e-08
omega_b07,-0.00049105,0.00068683,0.00062096,0.051641,-2.7049e-05,2.922e-06,0.00037265,-0.00012773,-0.0005984,3.7013e-05,-0.00013402,-1.6718e-05,3.9167,-0.15653,-1.0785e-06,-0.00023426,0.00017248,-0.000122,-1.0035e-05,0.015368,0.00045262,nan,2.5635e-09,-8.2468e-07,8.2339e-05,3.1328e-09,-3.4688e-08,-1.2055e-08,-2.1605e-06,5.4748e-05,0.00022323,-0.00079673,-0.00072327,-0.0040111,1.1517e-05,2.3678e-06,-0.00021765,2.2048e-05,-0.00010848,9.9981e-06,-1.9801e-05,-4.1392e-05,26.565,-0.039986,2.6078e-05,2.6876e-06,-4.7676e-05,4.0558e-05,8.1384e-06,-0.0023429
omega_b17,5.5252e-05,-7.1803e-05,-6.1662e-05,0.00079843,-2.0595e-06,8.493e-07,-4.9706e-06,6.5191e-06,4.0218e-05,5.3652e-06,1.9821e-05,-3.6074e-06,-0.11072,0.023778,1.1644e-05,-8.6115e-10,4.2007e-05,-6.1783e-05,-1.1022e-05,0.0015686,-8.187e-05,nan,2.0951e-09,-4.05e-07,-1.412e-05,7.2686e-10,-9.2337e-09,-3.0442e-09,-5.1874e-07,9.2387e-06,4.8046e-06,5.5756e-05,3.522e-05,-0.00060801,1.0981e-06,-1.1246e-07,5.9045e-05,3.4731e-06,-6.1977e-05,-8.8044e-06,-4.521e-05,-4.5119e-06,-0.039986,0.13995,-3.9886e-07,-8.0026e-07,-1.0396e-05,1.6002e-05,1.4359e-06,-0.00016082
b_1,-1.8381e-05,1.4138e-06,4.8461e-06,-0.0003843,3.2505e-08,-4.9641e-09,-1.3728e-07,1.0589e-07,-3.8674e-08,5.9092e-08,-9.0354e-08,-8.596e-08,-2.6043e-05,3.177e-06,-5.7602e-07,7.3656e-07,-2.2661e-06,-3.9077e-07,7.1112e-06,-0.0001443,2.4077e-06,nan,1.595e-12,1.5719e-09,-1.9171e-07,-3.0468e-12,4.6373e-11,1.2926e-11,2.3133e-09,-7.5784e-09,-6.0946e-05,1.4108e-07,-5.0543e-06,2.8658e-05,-2.4321e-08,4.4392e-09,-8.8579e-08,1.4041e-07,1.8647e-07,1.4935e-07,4.2796e-07,-1.8737e-08,2.6078e-05,-3.9886e-07,3.9906e-05,-5.3388e-09,-1.1926e-07,-2.4222e-07,8.0197e-09,4.4218e-09
a_2,-1.3085e-07,-6.761e-08,-8.9198e-08,4.0098e-06,2.0836e-08,1.3505e-10,-1.1249e-09,1.0748e-10,-5.2857e-08,8.5581e-09,1.1801e-08,1.1966e-09,4.1696e-06,-7.3689e-07,2.6326e-08,1.93e-08,-1.3104e-08,5.5884e-09,1.7857e-08,-4.7373e-06,-2.9122e-08,nan,-5.4544e-13,1.5093e-10,3.8735e-09,-3.7635e-13,4.0473e-12,1.5414e-12,2.6254e-10,-3.002e-10,-1.3498e-07,3.333e-08,4.4681e-08,-1.2502e-06,-2.2506e-07,-1.0592e-08,2.6818e-08,5.4717e-09,-9.9253e-09,-8.1671e-10,3.2378e-09,-1.1726e-08,2.6876e-06,-8.0026e-07,-5.3388e-09,6.1793e-07,3.1713e-09,4.5674e-09,8.2305e-10,-2.387e-09
a_3,-1.1602e-07,-2.8438e-07,-1.9762e-07,-3.8371e-05,5.0159e-08,-2.354e-08,-4.2018e-06,2.6798e-06,9.5178e-08,-1.5791e-07,1.1727e-07,-1.7613e-09,1.9533e-05,1.5195e-07,-1.5876e-06,-1.4485e-06,2.7904e-07,-9.0082e-08,1.9564e-06,5.8355e-05,2.9296e-05,nan,2.7958e-11,-1.3659e-08,-4.9119e-07,5.0963e-11,-4.7962e-10,-2.02e-10,-3.4846e-08,6.4875e-09,2.9405e-06,3.3485e-07,3.7449e-07,7.4657e-06,7.9165e-08,-1.4062e-08,-4.2827e-05,-7.086e-06,-2.22e-08,1.4551e-07,-7.1288e-07,8.9584e-08,-4.7676e-05,-1.0396e-05,-1.1926e-07,3.1713e-09,0.00017873,-4.0018e-08,2.0754e-09,2.2746e-08
a_4,-1.9932e-06,-1.272e-06,-1.8196e-06,6.889e-05,-5.2033e-08,1.4344e-08,-6.5772e-07,-6.7017e-08,3.2417e-06,-3.1897e-06,1.8373e-06,-3.5601e-07,5.8078e-05,-2.0107e-05,1.0113e-07,-3.7189e-07,-9.0925e-08,9.7393e-08,5.0318e-07,-4.1574e-05,-9.0561e-07,nan,5.0927e-12,-1.8225e-09,2.5704e-07,1.77e-11,-1.4741e-10,-6.9012e-11,-1.1995e-08,-4.0693e-09,1.3116e-06,8.9674e-07,1.5332e-06,-2.6062e-05,-9.1226e-08,-2.0296e-09,5.2531e-07,-1.0475e-07,-7.4468e-05,-1.1103e-05,-2.2914e-09,-3.3116e-07,4.0558e-05,1.6002e-05,-2.4222e-07,4.5674e-09,-4.0018e-08,0.00029404,5.8475e-08,-7.8908e-08
b_5,7.9923e-08,1.3411e-07,1.3654e-07,-1.412e-05,2.5681e-10,-2.3346e-10,1.4234e-07,-3.4409e-08,-6.9356e-08,1.4427e-08,-1.7937e-06,1.6623e-07,-5.4343e-06,1.913e-06,-1.3186e-08,-4.1119e-09,1.5028e-08,-1.3125e-08,7.2409e-08,1.2322e-06,7.0974e-08,nan,-2.4608e-11,5.6747e-10,-1.7883e-08,-4.5798e-11,3.5082e-10,1.7776e-10,3.1041e-08,9.8735e-10,4.9205e-07,-3.5841e-08,-9.376e-08,2.9875e-06,-2.1486e-11,-1.1522e-09,-4.5459e-08,5.5262e-08,-6.4848e-08,7.1296e-09,-9.2321e-06,-1.0232e-06,8.1384e-06,1.4359e-06,8.0197e-09,8.2305e-10,2.0754e-09,5.8475e-08,3.7754e-06,-8.4798e-09
b_7,-1.9816e-06,4.7172e-07,2.3728e-07,2.098e-05,1.0297e-08,-2.0816e-09,2.5464e-08,3.5509e-08,3.5921e-07,-7.4423e-08,3.0813e-07,-3.4617e-08,-0.0014214,-6.6297e-06,8.1358e-08,-1.0034e-07,-4.1928e-07,4.3509e-08,-1.0219e-07,-1.2682e-06,-1.0405e-06,nan,-3.3884e-11,1.5603e-08,1.9839e-07,-6.955e-11,6.7336e-10,2.7322e-10,4.7448e-08,-1.5197e-08,-8.3476e-07,-4.8619e-07,-4.1206e-07,1.0053e-06,1.4872e-08,-4.7684e-09,-1.6387e-08,-3.4111e-09,2.2193e-07,8.0327e-08,2.5987e-07,-3.3748e-08,-0.0023429,-0.00016082,4.4218e-09,-2.387e-09,2.2746e-08,-7.8908e-08,-8.4798e-09,2.3366e-05
