b01_pop,1,-0.20567,0.046371,-0.071507,0.0036881,-0.0032469,0.0016772,-0.0064212,0.0018212,-0.001403,0.00093415,-0.0033576,-0.001325,-0.0020078,-0.0036871,0.013411,-0.00015016,-0.0055935,0.00074575,0.0012029,0.005461,0.0037833,-0.0013764,0.00043862,-0.0026583,0.00011237,0.00067008,-0.00015991,0.00057753,nan,nan,-0.002259,5.4464e-06,-0.00040195,0.10217,0.18817,0.045836,-0.0040039,0.0053047,-0.0044572,0.0032672,-0.00044119,0.00074394,0.0012443,-0.0036267,0.00017771,-0.0055162,-0.0040346,-0.0030631,0.0030938,0.043654,-0.00308,-0.0079109,-0.0018375,0.0053735,-0.00077502,-0.0034366
b11_pop,-0.20567,1,0.60185,-0.14613,-0.0096209,-0.0012108,0.017684,-0.0057731,-0.0099333,0.0057027,0.015029,-0.028233,-0.005311,-0.0026562,0.0077665,-0.036086,-0.04751,-0.0036892,-0.01401,0.0079517,-0.0123,-0.024223,0.0020957,-0.0035496,0.040226,-0.00093724,-0.011369,0.0012628,-0.004673,nan,nan,-0.0084263,-6.0223e-05,-0.0024562,0.14107,-0.64636,-0.46391,0.30504,0.0033459,0.012825,0.01595,0.0089887,0.0006444,0.023985,0.018911,-0.034354,-0.0036979,0.059494,0.018682,-0.087818,-0.1521,-0.001231,0.0052366,0.006714,0.013316,0.013752,0.016576
b21_pop,0.046371,0.60185,1,-0.25499,-0.0095225,-0.0057742,0.026311,-0.0072706,-0.0094949,0.014603,0.02615,-0.036065,-0.010078,0.00013844,0.0024178,-0.029313,-0.034031,-0.0050205,-0.014444,0.012098,-0.014739,-0.028289,0.0027874,-0.0032776,0.042143,-0.00086556,-0.01102,0.0011663,-0.0043164,nan,nan,-0.012897,-6.1506e-05,-0.0058647,0.10822,-0.37046,-0.55957,0.33064,0.012532,0.0058589,0.023071,0.019416,0.0030628,0.038016,0.017967,-0.028123,-0.011643,0.068687,0.014329,-0.092789,-0.013714,-0.0013532,-0.0084526,0.0027022,0.01875,0.012516,0.0085454
a1_pop,-0.071507,-0.14613,-0.25499,1,0.0030729,0.0016679,-0.0010877,0.0036027,0.0010027,0.018901,-0.019423,0.022424,-0.016483,0.0047258,0.0089103,-0.0098837,0.011291,0.0013591,0.0022529,-0.013061,-0.0063019,0.0011043,-0.0062744,0.0012326,-0.011108,0.00033647,0.0046192,-0.00043214,0.0016208,nan,nan,0.011897,4.1689e-05,0.011079,0.018243,-0.22017,-0.084042,-0.69847,0.016657,0.015019,-0.0083727,0.0089071,0.0016,-0.017733,-0.024858,-0.026751,0.010983,-0.027611,0.010016,0.06603,-0.15019,-0.0029787,-0.010987,-0.0020175,-0.0032995,0.0047796,-0.044165
b02_pop,0.0036881,-0.0096209,-0.0095225,0.0030729,1,-0.22495,0.00010012,-0.0037768,0.0021364,-0.0033143,-0.0010768,0.0012483,-7.6891e-05,0.00072863,-0.0054698,0.014451,0.01357,0.021729,0.0052765,0.0053847,0.013872,0.015068,0.0099378,0.0048971,-0.013522,0.0012892,0.0073417,-0.0017265,0.0064234,nan,nan,-0.0060473,5.9748e-05,-0.0063415,-0.0032348,0.010265,0.0077051,-0.0060049,-0.010187,0.0046938,-0.0020927,0.0018765,0.00073125,-0.011521,6.564e-05,-0.0046073,0.0068513,-0.0030862,-0.0053022,0.007888,0.0017608,-0.0018324,0.00090326,0.00096703,-0.00055662,-0.0048186,0.0017607
b12_pop,-0.0032469,-0.0012108,-0.0057742,0.0016679,-0.22495,1,-0.0014364,0.0047575,-0.0039365,0.0028003,-0.0025901,0.016666,-0.00034446,0.0064336,0.0042866,-0.015958,0.011245,-0.040623,-0.0029573,-0.0078005,-0.019787,-0.026384,-0.015851,-0.002689,0.010266,-0.00069519,-0.011061,0.00094081,-0.0035222,nan,nan,0.010799,-4.173e-05,0.0043594,-0.0022634,0.0021261,-0.0028981,-0.0061313,-0.0041187,-0.014295,0.0039345,-0.010899,-0.00019579,0.0067515,0.00078179,0.0098052,-0.0065871,0.0027053,0.00076732,-0.0085393,0.0016064,0.010937,-0.0018061,0.00039382,-0.0021413,0.0057251,0.0036746
b03_pop,0.0016772,0.017684,0.026311,-0.0010877,0.00010012,-0.0014364,1,-0.16317,0.00069125,-0.0017877,0.00015422,0.00037757,-0.0016013,0.0026462,-0.0019104,0.0030021,-0.002688,-0.0061584,-0.00055742,-0.0012796,-0.0037844,-0.0010561,0.0006024,-0.00025705,0.0026393,-6.3119e-05,-0.0021863,9.408e-05,-0.00033448,nan,nan,-0.0011899,-2.8427e-06,0.0034827,0.0059366,-0.01746,-0.019725,0.0096855,0.00032472,-0.0047252,-0.0039937,0.0043557,-0.0025737,0.0018289,0.003332,0.0046115,0.0012601,0.0075685,-0.0031014,-0.0061097,-0.0090798,6.3628e-05,0.0014599,0.00084876,-0.0028323,-0.0040439,0.0015252
b13_pop,-0.0064212,-0.0057731,-0.0072706,0.0036027,-0.0037768,0.0047575,-0.16317,1,-0.00035942,0.011989,0.0039043,-0.0043627,0.0014582,-0.0021679,0.0036365,-0.0022525,-0.004872,0.014084,0.0012431,0.00063372,0.0084439,-0.0028124,-0.011182,0.00072022,-0.0020501,0.00017757,0.0052931,-0.00027136,0.00093451,nan,nan,0.0049847,1.4246e-05,-0.0055154,-0.0032428,0.00037499,-0.0079302,-0.0038464,-0.00028413,0.0076908,0.0067613,-0.016076,0.003484,-0.0025394,0.0037133,-0.0085442,-0.00010076,-0.0043483,0.0075059,0.0086138,0.0060066,0.0015946,0.006941,-0.0044081,-0.0052866,0.0034628,-0.0043613
b04_pop,0.0018212,-0.0099333,-0.0094949,0.0010027,0.0021364,-0.0039365,0.00069125,-0.00035942,1,-0.10353,-0.0001856,-0.0018686,-0.00079576,-0.0005528,0.0006785,-0.002874,0.0012033,0.00075317,0.00061335,-9.154e-05,0.001433,0.0016878,-0.00037941,9.8927e-05,-0.0014371,2.5182e-05,0.00045704,-3.6243e-05,0.00013052,nan,nan,8.2219e-05,1.7007e-06,-0.00018309,-0.001489,0.0070878,0.0065733,-0.0025402,0.0034918,-0.00046504,0.00032417,-0.0021435,0.0060048,-0.0055493,0.0013283,0.0028069,-0.0006025,0.00031469,0.00072176,-0.003967,0.0011965,-0.0010256,0.0014633,-0.0069678,0.00016321,0.00017965,0.0024782
b14_pop,-0.001403,0.0057027,0.014603,0.018901,-0.0033143,0.0028003,-0.0017877,0.011989,-0.10353,1,0.0023426,0.0039407,0.0018105,-0.00083874,-0.00032205,0.01119,-0.00023329,0.0022374,-0.00035207,-0.00052851,-3.0064e-05,-0.0016316,0.0029782,0.00034983,-0.0020747,9.6218e-05,-0.00039338,-0.0001159,0.00045556,nan,nan,0.0012927,1.0195e-05,0.0011197,0.00069798,-0.0069769,-0.021731,-0.022799,-0.011909,0.010045,0.0050876,0.0097661,-0.0023883,0.0037696,-0.0049311,-0.0022191,0.0027839,0.006766,0.001765,0.024301,-0.00067949,0.0010293,-0.0052212,0.012927,-0.0044725,-0.0026407,-0.008157
b05_pop,0.00093415,0.015029,0.02615,-0.019423,-0.0010768,-0.0025901,0.00015422,0.0039043,-0.0001856,0.0023426,1,-0.1622,-0.0018062,-0.00079078,0.00082133,0.001934,-0.029458,-0.044571,-0.009159,0.014213,-0.010567,-0.0082927,-0.011676,-0.0025396,0.026259,-0.00066729,-0.005335,0.00089008,-0.0033217,nan,nan,0.0057037,-1.8966e-05,0.012582,0.0040297,-0.0053714,-0.016985,0.021532,-0.0011457,-0.0078168,0.0041024,0.0041512,-0.0010453,-0.0071908,0.048721,-0.034168,-0.0036852,0.0054878,-0.00043865,-0.0023277,-3.34e-05,0.0015166,-0.0029792,0.0031928,-0.00076018,0.0023749,0.00073569
b15_pop,-0.0033576,-0.028233,-0.036065,0.022424,0.0012483,0.016666,0.00037757,-0.0043627,-0.0018686,0.0039407,-0.1622,1,0.003608,-0.00070063,0.0028641,0.0048496,-0.019699,0.13109,0.10964,-0.039467,0.056419,0.017807,0.019057,0.025182,-0.058602,0.0066718,-0.0027536,-0.0088761,0.032987,nan,nan,0.037191,0.00031395,-0.034813,-0.0091087,0.0083204,0.016664,-0.023064,0.003786,0.0065746,-0.0036438,-0.0047631,-0.00027125,-0.0020218,-0.013566,0.072557,0.0036195,-0.012838,-0.00033484,0.016565,0.00082927,-0.0024772,0.00081853,-0.0036654,-0.035388,-0.0011286,-0.0017239
b06_pop,-0.001325,-0.005311,-0.010078,-0.016483,-7.6891e-05,-0.00034446,-0.0016013,0.0014582,-0.00079576,0.0018105,-0.0018062,0.003608,1,-0.16179,0.00079951,-0.0039589,-0.0014271,-0.00043875,0.0013949,0.00043601,0.0017918,-6.6163e-05,-0.001086,-3.7171e-05,0.0022007,-1.3096e-05,-0.0001884,1.2139e-05,-5.1883e-05,nan,nan,-0.0026308,1.2796e-05,-0.00089975,-0.0006242,0.005999,0.020013,0.012882,-0.0034849,0.0016445,6.8351e-05,0.0020579,-0.0004111,0.0033672,0.0012774,0.0049247,0.072855,-0.04682,-0.0004138,-0.00088073,0.0060309,0.0019707,0.0045217,-0.00081882,-4.8252e-05,-0.018927,-0.00093633
b16_pop,-0.0020078,-0.0026562,0.00013844,0.0047258,0.00072863,0.0064336,0.0026462,-0.0021679,-0.0005528,-0.00083874,-0.00079078,-0.00070063,-0.16179,1,0.0030996,-0.012653,0.00021761,0.00012922,-0.00051508,-0.00054145,-0.0050407,-0.0043687,-0.0031493,0.00050857,0.0012075,0.00013586,0.0013465,-0.0001837,0.00066726,nan,nan,0.00071669,-1.3123e-06,0.0003538,-0.0064726,0.0052217,-0.0051839,-0.0095305,0.0081324,-0.0045896,-0.0021602,0.0095731,0.00074115,0.0057033,-0.003854,-0.0052855,-0.034426,0.1215,0.0027633,-0.0075984,-0.0037409,-0.003511,-0.0042231,0.001712,-0.00021286,-0.017456,0.0046043
b07_pop,-0.0036871,0.0077665,0.0024178,0.0089103,-0.0054698,0.0042866,-0.0019104,0.0036365,0.0006785,-0.00032205,0.00082133,0.0028641,0.00079951,0.0030996,1,-0.17434,0.0063798,0.0084821,-0.0038623,-0.018436,-0.00086625,-0.00010214,-0.00025555,-0.00082324,0.00088586,-0.00020389,0.0047063,0.00030965,-0.0010808,nan,nan,0.0056575,2.173e-05,0.015809,0.00096586,-0.01241,-0.0035621,-0.0068121,0.0022498,0.0040608,0.0055829,-0.0034572,-0.00043419,-0.0044564,0.0011851,-0.00068533,0.0038115,0.0040636,0.10267,-0.072479,-0.0032088,-0.0021853,-0.0012332,0.001699,0.00024964,-0.0050366,-0.023299
b17_pop,0.013411,-0.036086,-0.029313,-0.0098837,0.014451,-0.015958,0.0030021,-0.0022525,-0.002874,0.01119,0.001934,0.0048496,-0.0039589,-0.012653,-0.17434,1,-0.0063485,-0.055234,-0.054282,-0.024751,-0.066748,-0.010949,-0.014147,-0.014151,0.040538,-0.0036727,0.01459,0.0050678,-0.018527,nan,nan,-0.0051348,-4.0624e-05,0.10368,-0.00018203,0.046658,0.018875,-0.0049825,-0.0074215,-0.0036429,-0.017288,0.0013444,-0.0016259,0.006817,0.0012621,0.0060592,-0.0099051,0.0035794,-0.097978,0.25107,0.0053866,0.0064153,0.0035478,-0.007177,0.0019645,0.013115,-0.0007426
p1_pop,-0.00015016,-0.04751,-0.034031,0.011291,0.01357,0.011245,-0.002688,-0.004872,0.0012033,-0.00023329,-0.029458,-0.019699,-0.0014271,0.00021761,0.0063798,-0.0063485,1,-0.016129,0.1299,0.048424,-0.088286,0.48178,-0.018518,0.025866,-0.75695,0.0066991,0.10558,-0.0096519,0.034485,nan,nan,-0.062939,-0.00037057,-0.12355,-0.011531,0.0023219,0.021935,-0.027212,0.0073133,0.0061607,-0.0011731,0.004681,0.0023277,0.002436,0.014613,0.014961,0.0013686,-0.0084521,0.0028275,0.0075671,0.021119,-0.0010786,-0.0017355,-0.0019435,-0.053584,-0.0016185,-0.0095308
g1_pop,-0.0055935,-0.0036892,-0.0050205,0.0013591,0.021729,-0.040623,-0.0061584,0.014084,0.00075317,0.0022374,-0.044571,0.13109,-0.00043875,0.00012922,0.0084821,-0.055234,-0.016129,1,0.12716,-0.0056268,0.2711,0.06646,0.043773,0.02826,-0.13905,0.0074174,-0.049314,-0.0098303,0.036708,nan,nan,0.061717,0.00066931,-0.14252,-0.017487,0.02895,0.0020993,-0.025407,-0.0030248,0.01985,-0.0012409,0.0073088,0.0025576,-0.00081655,-0.013408,0.10703,0.0016523,-0.0057061,0.0056356,-0.00045507,0.018897,-0.00073191,-0.00027431,-0.0025371,-0.036535,-0.002338,-0.0086606
p2_pop,0.00074575,-0.01401,-0.014444,0.0022529,0.0052765,-0.0029573,-0.00055742,0.0012431,0.00061335,-0.00035207,-0.009159,0.10964,0.0013949,-0.00051508,-0.0038623,-0.054282,0.1299,0.12716,1,-0.16059,0.20025,0.15804,-0.068147,0.22919,-0.17069,0.060814,-0.11211,-0.0813,0.30087,nan,nan,0.066032,0.0023245,-0.17327,-0.0060631,0.0023893,0.0068614,-0.0099667,0.0026073,0.0097276,0.00075703,0.0030195,0.0012635,5.8124e-05,0.014776,0.054395,0.0016636,-0.0032947,0.0012196,-0.010858,0.01182,-0.0017049,-0.00017557,-0.00042707,-0.026812,-0.0010438,-0.0020382
g2_pop,0.0012029,0.0079517,0.012098,-0.013061,0.0053847,-0.0078005,-0.0012796,0.00063372,-9.154e-05,-0.00052851,0.014213,-0.039467,0.00043601,-0.00054145,-0.018436,-0.024751,0.048424,-0.0056268,-0.16059,1,0.17888,0.094549,0.13585,0.0053729,-0.1293,0.00064735,0.26229,-0.0024752,0.0069916,nan,nan,-0.43811,-0.0012265,-0.51701,0.0007361,-0.01215,-0.010814,0.014716,-0.00055235,0.0055223,0.00066364,0.003652,0.002411,0.0046302,0.0053777,0.0071319,0.0007309,-0.0010895,-0.00096516,-0.019439,0.0098643,0.00051297,-0.00017728,-0.00019352,0.0023919,0.00013872,-0.024203
alpha11_pop,0.005461,-0.0123,-0.014739,-0.0063019,0.013872,-0.019787,-0.0037844,0.0084439,0.001433,-3.0064e-05,-0.010567,0.056419,0.0017918,-0.0050407,-0.00086625,-0.066748,-0.088286,0.2711,0.20025,0.17888,1,0.25298,0.21927,0.047698,-0.20691,0.012129,0.062922,-0.01682,0.062208,nan,nan,-0.018589,0.00047446,-0.40008,-0.014108,-0.013649,-0.0017349,-0.003166,-0.0019732,0.016835,0.0010042,0.0072003,0.0056827,0.0035613,0.0093717,0.049212,0.0013372,-0.0067432,0.011127,-0.0051041,0.048774,0.00040277,0.001137,-0.001868,-0.034817,-0.0010356,-0.023018
alpha12_pop,0.0037833,-0.024223,-0.028289,0.0011043,0.015068,-0.026384,-0.0010561,-0.0028124,0.0016878,-0.0016316,-0.0082927,0.017807,-6.6163e-05,-0.0043687,-0.00010214,-0.010949,0.48178,0.06646,0.15804,0.094549,0.25298,1,0.26649,0.026059,-0.49057,0.0065665,0.1263,-0.0094927,0.034894,nan,nan,-0.18097,-7.5853e-05,-0.07441,-0.0026618,-0.0027224,0.014769,-0.012282,0.026971,0.026264,-0.0012871,0.00086893,0.0012276,0.001494,0.021948,0.011242,0.0025852,-0.011005,0.0013162,0.0063766,0.014813,-0.0099761,0.00097224,-0.0023167,-0.033644,-0.0014692,-0.0060716
alpha13_pop,-0.0013764,0.0020957,0.0027874,-0.0062744,0.0099378,-0.015851,0.0006024,-0.011182,-0.00037941,0.0029782,-0.011676,0.019057,-0.001086,-0.0031493,-0.00025555,-0.014147,-0.018518,0.043773,-0.068147,0.13585,0.21927,0.26649,1,-0.014512,-0.26864,-0.003533,-0.12602,0.0065163,-0.019163,nan,nan,0.045079,-0.00010554,-0.092192,-0.0056886,-0.0032892,-0.0045322,0.0033873,0.0043573,0.012368,-0.0034426,-0.0045829,0.0006062,-0.0024882,-0.0072629,0.010213,-0.0010365,-0.0056173,0.0016248,-0.00067242,0.013131,-0.0023422,0.00056688,-0.00070611,-0.014007,-5.7024e-05,-0.0038852
alpha14_pop,0.00043862,-0.0035496,-0.0032776,0.0012326,0.0048971,-0.002689,-0.00025705,0.00072022,9.8927e-05,0.00034983,-0.0025396,0.025182,-3.7171e-05,0.00050857,-0.00082324,-0.014151,0.025866,0.02826,0.22919,0.0053729,0.047698,0.026059,-0.014512,1,-0.037231,0.27589,-0.016399,-0.2048,0.76226,nan,nan,-0.00047949,0.15279,-0.053349,-0.001127,0.00081581,0.0014044,-0.0035037,-0.0017046,0.01098,0.00049436,0.0010754,0.0002732,0.00039241,0.0032109,0.012719,-7.2785e-05,0.00018295,0.00063389,-0.0022625,0.0025436,-0.00059874,-0.00035721,7.7838e-06,-0.0057203,0.00022214,-0.0012338
alpha15_pop,-0.0026583,0.040226,0.042143,-0.011108,-0.013522,0.010266,0.0026393,-0.0020501,-0.0014371,-0.0020747,0.026259,-0.058602,0.0022007,0.0012075,0.00088586,0.040538,-0.75695,-0.13905,-0.17069,-0.1293,-0.20691,-0.49057,-0.26864,-0.037231,1,-0.0096475,-0.088088,0.013301,-0.04909,nan,nan,-0.0047707,0.00026252,0.28433,0.0068539,0.00074405,-0.017536,0.021287,-0.0067039,-0.016116,0.00044447,-0.0075277,-0.0041798,-0.0021465,-0.039612,-0.076574,-0.0017325,0.016202,-0.0053643,-0.0074267,-0.022901,0.0017075,0.0029576,0.0035074,0.098902,0.0021952,0.01794
alpha16_pop,0.00011237,-0.00093724,-0.00086556,0.00033647,0.0012892,-0.00069519,-6.3119e-05,0.00017757,2.5182e-05,9.6218e-05,-0.00066729,0.0066718,-1.3096e-05,0.00013586,-0.00020389,-0.0036727,0.0066991,0.0074174,0.060814,0.00064735,0.012129,0.0065665,-0.003533,0.27589,-0.0096475,1,-0.0052964,0.15444,0.20238,nan,nan,0.00049542,-0.032741,-0.013129,-0.00029695,0.00023824,0.00037873,-0.00093927,-0.00045716,0.002899,0.00012883,0.00027449,6.6153e-05,9.237e-05,0.00083018,0.0033298,-2.4364e-05,5.4087e-05,0.00015283,-0.00056616,0.00064929,-0.00015777,-9.5687e-05,4.2712e-06,-0.0015003,6.0136e-05,-0.00026727
alpha17_pop,0.00067008,-0.011369,-0.01102,0.0046192,0.0073417,-0.011061,-0.0021863,0.0052931,0.00045704,-0.00039338,-0.005335,-0.0027536,-0.0001884,0.0013465,0.0047063,0.01459,0.10558,-0.049314,-0.11211,0.26229,0.062922,0.1263,-0.12602,-0.016399,-0.088088,-0.0052964,1,0.0051428,-0.021563,nan,nan,-0.26897,-0.00043329,-0.05713,-0.0012469,-0.0021023,0.0052552,-0.0060667,0.0027093,0.003731,-0.0020994,0.0046736,0.0016713,0.0041811,0.0029732,0.015964,0.0024155,-0.0020762,0.00055944,0.021154,0.0079169,-0.00025459,0.00095735,-0.0014894,-0.003721,0.0017185,-0.016177
alpha21_pop,-0.00015991,0.0012628,0.0011663,-0.00043214,-0.0017265,0.00094081,9.408e-05,-0.00027136,-3.6243e-05,-0.0001159,0.00089008,-0.0088761,1.2139e-05,-0.0001837,0.00030965,0.0050678,-0.0096519,-0.0098303,-0.0813,-0.0024752,-0.01682,-0.0094927,0.0065163,-0.2048,0.013301,0.15444,0.0051428,1,-0.26939,nan,nan,0.0009115,0.078336,0.019776,0.00038815,-0.00026697,-0.00049804,0.0012294,0.00059369,-0.0038832,-0.00018149,-0.00039268,-0.00010031,-0.00015247,-0.0011778,-0.0045103,2.0199e-05,-6.4164e-05,-0.00023542,0.0008476,-0.00089576,0.00021333,0.00012685,-2.3275e-06,0.0020273,-7.5469e-05,0.00048399
alpha22_pop,0.00057753,-0.004673,-0.0043164,0.0016208,0.0064234,-0.0035222,-0.00033448,0.00093451,0.00013052,0.00045556,-0.0033217,0.032987,-5.1883e-05,0.00066726,-0.0010808,-0.018527,0.034485,0.036708,0.30087,0.0069916,0.062208,0.034894,-0.019163,0.76226,-0.04909,0.20238,-0.021563,-0.26939,1,nan,nan,-0.0008045,0.010114,-0.069771,-0.0014702,0.001066,0.001857,-0.0046006,-0.0022114,0.014412,0.00064828,0.0014067,0.0003556,0.00051487,0.0042315,0.016636,-9.46e-05,0.00023672,0.00082526,-0.0029625,0.0033217,-0.00079382,-0.00046817,1.056e-05,-0.0075012,0.00029029,-0.0016059
alpha23_pop,nan,nan,nan,nan,nan,nan,nan,nan,nan,nan,nan,nan,nan,nan,nan,nan,nan,nan,nan,nan,nan,nan,nan,nan,nan,nan,nan,nan,nan,nan,nan,nan,nan,nan,nan,nan,nan,nan,nan,nan,nan,nan,nan,nan,nan,nan,nan,nan,nan,nan,nan,nan,nan,nan,nan,nan,nan
alpha24_pop,nan,nan,nan,nan,nan,nan,nan,nan,nan,nan,nan,nan,nan,nan,nan,nan,nan,nan,nan,nan,nan,nan,nan,nan,nan,nan,nan,nan,nan,nan,nan,nan,nan,nan,nan,nan,nan,nan,nan,nan,nan,nan,nan,nan,nan,nan,nan,nan,nan,nan,nan,nan,nan,nan,nan,nan,nan
alpha25_pop,-0.002259,-0.0084263,-0.012897,0.011897,-0.0060473,0.010799,-0.0011899,0.0049847,8.2219e-05,0.0012927,0.0057037,0.037191,-0.0026308,0.00071669,0.0056575,-0.0051348,-0.062939,0.061717,0.066032,-0.43811,-0.018589,-0.18097,0.045079,-0.00047949,-0.0047707,0.00049542,-0.26897,0.0009115,-0.0008045,nan,nan,1,0.0011104,0.17755,-0.004765,0.0053058,0.0062964,-0.0058647,-0.0059286,-0.0043355,0.00036549,-0.0038773,-2.3474e-05,-0.0038965,-0.0059848,0.0016877,-0.0030129,-0.0046087,0.0022359,0.0035773,-0.0018835,0.0017011,-0.0004464,-0.00057151,-0.039245,-0.002154,0.011835
alpha26_pop,5.4464e-06,-6.0223e-05,-6.1506e-05,4.1689e-05,5.9748e-05,-4.173e-05,-2.8427e-06,1.4246e-05,1.7007e-06,1.0195e-05,-1.8966e-05,0.00031395,1.2796e-05,-1.3123e-06,2.173e-05,-4.0624e-05,-0.00037057,0.00066931,0.0023245,-0.0012265,0.00047446,-7.5853e-05,-0.00010554,0.15279,0.00026252,-0.032741,-0.00043329,0.078336,0.010114,nan,nan,0.0011104,1,0.00090621,-2.2787e-05,6.0857e-05,4.1281e-05,-8.2726e-05,-2.8962e-05,0.00013076,2.5009e-06,4.9235e-06,-2.0207e-06,-1.1177e-05,-1.1256e-05,0.00011872,-3.732e-06,1.0976e-05,-1.0528e-05,6.2481e-05,2.1621e-05,-6.3318e-06,-4.4312e-06,-4.399e-07,-4.7872e-05,1.0617e-05,5.6172e-05
alpha27_pop,-0.00040195,-0.0024562,-0.0058647,0.011079,-0.0063415,0.0043594,0.0034827,-0.0055154,-0.00018309,0.0011197,0.012582,-0.034813,-0.00089975,0.0003538,0.015809,0.10368,-0.12355,-0.14252,-0.17327,-0.51701,-0.40008,-0.07441,-0.092192,-0.053349,0.28433,-0.013129,-0.05713,0.019776,-0.069771,nan,nan,0.17755,0.00090621,1,0.005575,0.01736,0.010908,-0.012521,0.0045275,-0.010988,-0.0026221,-0.0056383,-0.0051229,-0.0069611,-0.012567,-0.045903,-0.0015782,0.0052341,-0.016103,0.053053,-0.021081,-0.00121,0.0005484,0.00098457,0.029138,0.0030911,0.046585
omega_b01,0.10217,0.14107,0.10822,0.018243,-0.0032348,-0.0022634,0.0059366,-0.0032428,-0.001489,0.00069798,0.0040297,-0.0091087,-0.0006242,-0.0064726,0.00096586,-0.00018203,-0.011531,-0.017487,-0.0060631,0.0007361,-0.014108,-0.0026618,-0.0056886,-0.001127,0.0068539,-0.00029695,-0.0012469,0.00038815,-0.0014702,nan,nan,-0.004765,-2.2787e-05,0.005575,1,-0.20533,-0.14377,0.066425,0.00797,0.00040897,0.0083862,-0.0051365,-0.0015577,0.0024883,0.0036604,-0.023234,0.0018158,0.0042238,0.0041834,-0.025777,-0.25468,-0.0060431,-0.004347,0.0013505,0.0062578,0.0033077,0.0073069
omega_b11,0.18817,-0.64636,-0.37046,-0.22017,0.010265,0.0021261,-0.01746,0.00037499,0.0070878,-0.0069769,-0.0053714,0.0083204,0.005999,0.0052217,-0.01241,0.046658,0.0023219,0.02895,0.0023893,-0.01215,-0.013649,-0.0027224,-0.0032892,0.00081581,0.00074405,0.00023824,-0.0021023,-0.00026697,0.001066,nan,nan,0.0053058,6.0857e-05,0.01736,-0.20533,1,0.47651,-0.098873,-0.011642,-0.014534,-0.011321,-0.0050661,-0.00052958,-0.006518,-0.012783,0.041873,0.00041509,-0.040688,-0.022864,0.066227,0.22407,0.0024117,-0.0015957,-0.010878,-0.0055345,-0.016284,-0.00043393
omega_b21,0.045836,-0.46391,-0.55957,-0.084042,0.0077051,-0.0028981,-0.019725,-0.0079302,0.0065733,-0.021731,-0.016985,0.016664,0.020013,-0.0051839,-0.0035621,0.018875,0.021935,0.0020993,0.0068614,-0.010814,-0.0017349,0.014769,-0.0045322,0.0014044,-0.017536,0.00037873,0.0052552,-0.00049804,0.001857,nan,nan,0.0062964,4.1281e-05,0.010908,-0.14377,0.47651,1,-0.11761,-0.019848,-0.010348,-0.025,-0.011892,-0.001781,-0.014391,-0.019673,0.03414,0.002618,-0.049121,-0.016215,0.071522,0.10009,0.00060484,0.015232,-0.011836,-0.0023244,-0.011191,-0.0074472
omega_a1,-0.0040039,0.30504,0.33064,-0.69847,-0.0060049,-0.0061313,0.0096855,-0.0038464,-0.0025402,-0.022799,0.021532,-0.023064,0.012882,-0.0095305,-0.0068121,-0.0049825,-0.027212,-0.025407,-0.0099667,0.014716,-0.003166,-0.012282,0.0033873,-0.0035037,0.021287,-0.00093927,-0.0060667,0.0012294,-0.0046006,nan,nan,-0.0058647,-8.2726e-05,-0.012521,0.066425,-0.098873,-0.11761,1,-0.02383,-0.017221,0.016561,-0.015136,-0.0030148,0.015202,0.028162,0.0071292,-0.0075168,0.023627,0.00024716,-0.095492,0.018824,0.0052891,0.0082352,0.0077421,0.0029584,0.0027078,0.045043
omega_b02,0.0053047,0.0033459,0.012532,0.016657,-0.010187,-0.0041187,0.00032472,-0.00028413,0.0034918,-0.011909,-0.0011457,0.003786,-0.0034849,0.0081324,0.0022498,-0.0074215,0.0073133,-0.0030248,0.0026073,-0.00055235,-0.0019732,0.026971,0.0043573,-0.0017046,-0.0067039,-0.00045716,0.0027093,0.00059369,-0.0022114,nan,nan,-0.0059286,-2.8962e-05,0.0045275,0.00797,-0.011642,-0.019848,-0.02383,1,-0.039281,0.0014101,-0.0019537,0.0011317,0.01468,0.0032045,-0.0056165,0.0031385,-0.0020118,0.0014213,-0.014112,-0.0041896,-0.11789,0.0010542,0.0024414,-0.0016228,-0.0019653,-0.0053964
omega_b12,-0.0044572,0.012825,0.0058589,0.015019,0.0046938,-0.014295,-0.0047252,0.0076908,-0.00046504,0.010045,-0.0078168,0.0065746,0.0016445,-0.0045896,0.0040608,-0.0036429,0.0061607,0.01985,0.0097276,0.0055223,0.016835,0.026264,0.012368,0.01098,-0.016116,0.002899,0.003731,-0.0038832,0.014412,nan,nan,-0.0043355,0.00013076,-0.010988,0.00040897,-0.014534,-0.010348,-0.017221,-0.039281,1,0.0028378,-0.0015673,-0.00066353,-0.0051983,-0.0033577,0.0062197,-0.0052344,0.013701,0.0052904,-0.019491,-0.0066246,-0.041792,0.0013153,0.0047956,0.0028713,0.0047565,0.0023575
omega_b03,0.0032672,0.01595,0.023071,-0.0083727,-0.0020927,0.0039345,-0.0039937,0.0067613,0.00032417,0.0050876,0.0041024,-0.0036438,6.8351e-05,-0.0021602,0.0055829,-0.017288,-0.0011731,-0.0012409,0.00075703,0.00066364,0.0010042,-0.0012871,-0.0034426,0.00049436,0.00044447,0.00012883,-0.0020994,-0.00018149,0.00064828,nan,nan,0.00036549,2.5009e-06,-0.0026221,0.0083862,-0.011321,-0.025,0.016561,0.0014101,0.0028378,1,-0.017726,-7.0244e-06,-0.0038747,0.0040742,-0.0016778,0.0045496,0.00074601,0.0037405,-0.026477,-0.0060472,-0.0019089,-0.1085,0.00020549,-0.00014074,-0.001893,0.0071305
omega_b13,-0.00044119,0.0089887,0.019416,0.0089071,0.0018765,-0.010899,0.0043557,-0.016076,-0.0021435,0.0097661,0.0041512,-0.0047631,0.0020579,0.0095731,-0.0034572,0.0013444,0.004681,0.0073088,0.0030195,0.003652,0.0072003,0.00086893,-0.0045829,0.0010754,-0.0075277,0.00027449,0.0046736,-0.00039268,0.0014067,nan,nan,-0.0038773,4.9235e-06,-0.0056383,-0.0051365,-0.0050661,-0.011892,-0.015136,-0.0019537,-0.0015673,-0.017726,1,1.2952e-05,0.010458,0.0016132,0.0047555,0.0025717,-0.0059805,-0.0042397,-0.0046288,0.009311,0.00058496,-0.05446,0.0033153,-0.0021364,0.0054518,0.0039085
omega_b04,0.00074394,0.0006444,0.0030628,0.0016,0.00073125,-0.00019579,-0.0025737,0.003484,0.0060048,-0.0023883,-0.0010453,-0.00027125,-0.0004111,0.00074115,-0.00043419,-0.0016259,0.0023277,0.0025576,0.0012635,0.002411,0.0056827,0.0012276,0.0006062,0.0002732,-0.0041798,6.6153e-05,0.0016713,-0.00010031,0.0003556,nan,nan,-2.3474e-05,-2.0207e-06,-0.0051229,-0.0015577,-0.00052958,-0.001781,-0.0030148,0.0011317,-0.00066353,-7.0244e-06,1.2952e-05,1,0.026317,0.00070871,0.00012595,-0.0035358,-0.0023423,0.00061608,0.0026218,0.0019708,-0.00040832,6.7848e-05,-0.057652,-0.0020121,0.00027066,-0.0036326
omega_b14,0.0012443,0.023985,0.038016,-0.017733,-0.011521,0.0067515,0.0018289,-0.0025394,-0.0055493,0.0037696,-0.0071908,-0.0020218,0.0033672,0.0057033,-0.0044564,0.006817,0.002436,-0.00081655,5.8124e-05,0.0046302,0.0035613,0.001494,-0.0024882,0.00039241,-0.0021465,9.237e-05,0.0041811,-0.00015247,0.00051487,nan,nan,-0.0038965,-1.1177e-05,-0.0069611,0.0024883,-0.006518,-0.014391,0.015202,0.01468,-0.0051983,-0.0038747,0.010458,0.026317,1,0.0083724,-0.00016534,0.00064302,0.0029216,0.0013381,-0.025074,-0.0064719,-0.0032846,-0.0017481,-0.092529,-0.0011335,0.00048376,-0.0060799
omega_b05,-0.0036267,0.018911,0.017967,-0.024858,6.564e-05,0.00078179,0.003332,0.0037133,0.0013283,-0.0049311,0.048721,-0.013566,0.0012774,-0.003854,0.0011851,0.0012621,0.014613,-0.013408,0.014776,0.0053777,0.0093717,0.021948,-0.0072629,0.0032109,-0.039612,0.00083018,0.0029732,-0.0011778,0.0042315,nan,nan,-0.0059848,-1.1256e-05,-0.012567,0.0036604,-0.012783,-0.019673,0.028162,0.0032045,-0.0033577,0.0040742,0.0016132,0.00070871,0.0083724,1,0.010384,0.0041757,-0.0017438,0.0032983,0.0019373,-0.0013071,-0.002631,-0.0033372,6.3089e-05,-0.12674,-0.0029297,-0.00045815
omega_b15,0.00017771,-0.034354,-0.028123,-0.026751,-0.0046073,0.0098052,0.0046115,-0.0085442,0.0028069,-0.0022191,-0.034168,0.072557,0.0049247,-0.0052855,-0.00068533,0.0060592,0.014961,0.10703,0.054395,0.0071319,0.049212,0.011242,0.010213,0.012719,-0.076574,0.0033298,0.015964,-0.0045103,0.016636,nan,nan,0.0016877,0.00011872,-0.045903,-0.023234,0.041873,0.03414,0.0071292,-0.0056165,0.0062197,-0.0016778,0.0047555,0.00012595,-0.00016534,0.010384,1,0.0016911,-0.0092462,-0.0047542,0.0066126,0.022205,-0.00092575,0.00096656,0.0027882,-0.11085,-0.0026404,0.00015785
omega_b06,-0.0055162,-0.0036979,-0.011643,0.010983,0.0068513,-0.0065871,0.0012601,-0.00010076,-0.0006025,0.0027839,-0.0036852,0.0036195,0.072855,-0.034426,0.0038115,-0.0099051,0.0013686,0.0016523,0.0016636,0.0007309,0.0013372,0.0025852,-0.0010365,-7.2785e-05,-0.0017325,-2.4364e-05,0.0024155,2.0199e-05,-9.46e-05,nan,nan,-0.0030129,-3.732e-06,-0.0015782,0.0018158,0.00041509,0.002618,-0.0075168,0.0031385,-0.0052344,0.0045496,0.0025717,-0.0035358,0.00064302,0.0041757,0.0016911,1,-0.043454,0.003706,-0.0091438,0.00059966,-0.001043,-0.0012106,-0.0019081,-0.0017335,-0.096477,-0.0022583
omega_b16,-0.0040346,0.059494,0.068687,-0.027611,-0.0030862,0.0027053,0.0075685,-0.0043483,0.00031469,0.006766,0.0054878,-0.012838,-0.04682,0.1215,0.0040636,0.0035794,-0.0084521,-0.0057061,-0.0032947,-0.0010895,-0.0067432,-0.011005,-0.0056173,0.00018295,0.016202,5.4087e-05,-0.0020762,-6.4164e-05,0.00023672,nan,nan,-0.0046087,1.0976e-05,0.0052341,0.0042238,-0.040688,-0.049121,0.023627,-0.0020118,0.013701,0.00074601,-0.0059805,-0.0023423,0.0029216,-0.0017438,-0.0092462,-0.043454,1,0.004136,-0.028473,-0.0048957,0.0023497,0.00011479,0.0026472,0.0037633,-0.055259,0.010486
omega_b07,-0.0030631,0.018682,0.014329,0.010016,-0.0053022,0.00076732,-0.0031014,0.0075059,0.00072176,0.001765,-0.00043865,-0.00033484,-0.0004138,0.0027633,0.10267,-0.097978,0.0028275,0.0056356,0.0012196,-0.00096516,0.011127,0.0013162,0.0016248,0.00063389,-0.0053643,0.00015283,0.00055944,-0.00023542,0.00082526,nan,nan,0.0022359,-1.0528e-05,-0.016103,0.0041834,-0.022864,-0.016215,0.00024716,0.0014213,0.0052904,0.0037405,-0.0042397,0.00061608,0.0013381,0.0032983,-0.0047542,0.003706,0.004136,1,-0.06475,-0.0039727,-0.0012074,-3.7451e-05,0.0010438,-0.0018647,-0.002449,-0.097691
omega_b17,0.0030938,-0.087818,-0.092789,0.06603,0.007888,-0.0085393,-0.0061097,0.0086138,-0.003967,0.024301,-0.0023277,0.016565,-0.00088073,-0.0075984,-0.072479,0.25107,0.0075671,-0.00045507,-0.010858,-0.019439,-0.0051041,0.0063766,-0.00067242,-0.0022625,-0.0074267,-0.00056616,0.021154,0.0008476,-0.0029625,nan,nan,0.0035773,6.2481e-05,0.053053,-0.025777,0.066227,0.071522,-0.095492,-0.014112,-0.019491,-0.026477,-0.0046288,0.0026218,-0.025074,0.0019373,0.0066126,-0.0091438,-0.028473,-0.06475,1,0.024257,0.007896,0.010219,-0.018044,-0.012983,0.013136,-0.13432
b_1,0.043654,-0.1521,-0.013714,-0.15019,0.0017608,0.0016064,-0.0090798,0.0060066,0.0011965,-0.00067949,-3.34e-05,0.00082927,0.0060309,-0.0037409,-0.0032088,0.0053866,0.021119,0.018897,0.01182,0.0098643,0.048774,0.014813,0.013131,0.0025436,-0.022901,0.00064929,0.0079169,-0.00089576,0.0033217,nan,nan,-0.0018835,2.1621e-05,-0.021081,-0.25468,0.22407,0.10009,0.018824,-0.0041896,-0.0066246,-0.0060472,0.009311,0.0019708,-0.0064719,-0.0013071,0.022205,0.00059966,-0.0048957,-0.0039727,0.024257,1,0.0070642,0.0019374,0.0002146,-0.0049648,-0.0017804,-0.0040748
a_2,-0.00308,-0.001231,-0.0013532,-0.0029787,-0.0018324,0.010937,6.3628e-05,0.0015946,-0.0010256,0.0010293,0.0015166,-0.0024772,0.0019707,-0.003511,-0.0021853,0.0064153,-0.0010786,-0.00073191,-0.0017049,0.00051297,0.00040277,-0.0099761,-0.0023422,-0.00059874,0.0017075,-0.00015777,-0.00025459,0.00021333,-0.00079382,nan,nan,0.0017011,-6.3318e-06,-0.00121,-0.0060431,0.0024117,0.00060484,0.0052891,-0.11789,-0.041792,-0.0019089,0.00058496,-0.00040832,-0.0032846,-0.002631,-0.00092575,-0.001043,0.0023497,-0.0012074,0.007896,0.0070642,1,-0.0010743,0.00089497,-0.00083351,-0.00093097,-0.00022332
a_3,-0.0079109,0.0052366,-0.0084526,-0.010987,0.00090326,-0.0018061,0.0014599,0.006941,0.0014633,-0.0052212,-0.0029792,0.00081853,0.0045217,-0.0042231,-0.0012332,0.0035478,-0.0017355,-0.00027431,-0.00017557,-0.00017728,0.001137,0.00097224,0.00056688,-0.00035721,0.0029576,-9.5687e-05,0.00095735,0.00012685,-0.00046817,nan,nan,-0.0004464,-4.4312e-06,0.0005484,-0.004347,-0.0015957,0.015232,0.0082352,0.0010542,0.0013153,-0.1085,-0.05446,6.7848e-05,-0.0017481,-0.0033372,0.00096656,-0.0012106,0.00011479,-3.7451e-05,0.010219,0.0019374,-0.0010743,1,0.0026148,0.00041662,0.00061522,-0.0019582
a_4,-0.0018375,0.006714,0.0027022,-0.0020175,0.00096703,0.00039382,0.00084876,-0.0044081,-0.0069678,0.012927,0.0031928,-0.0036654,-0.00081882,0.001712,0.001699,-0.007177,-0.0019435,-0.0025371,-0.00042707,-0.00019352,-0.001868,-0.0023167,-0.00070611,7.7838e-06,0.0035074,4.2712e-06,-0.0014894,-2.3275e-06,1.056e-05,nan,nan,-0.00057151,-4.399e-07,0.00098457,0.0013505,-0.010878,-0.011836,0.0077421,0.0024414,0.0047956,0.00020549,0.0033153,-0.057652,-0.092529,6.3089e-05,0.0027882,-0.0019081,0.0026472,0.0010438,-0.018044,0.0002146,0.00089497,0.0026148,1,0.0068835,0.00080446,0.0022795
b_5,0.0053735,0.013316,0.01875,-0.0032995,-0.00055662,-0.0021413,-0.0028323,-0.0052866,0.00016321,-0.0044725,-0.00076018,-0.035388,-4.8252e-05,-0.00021286,0.00024964,0.0019645,-0.053584,-0.036535,-0.026812,0.0023919,-0.034817,-0.033644,-0.014007,-0.0057203,0.098902,-0.0015003,-0.003721,0.0020273,-0.0075012,nan,nan,-0.039245,-4.7872e-05,0.029138,0.0062578,-0.0055345,-0.0023244,0.0029584,-0.0016228,0.0028713,-0.00014074,-0.0021364,-0.0020121,-0.0011335,-0.12674,-0.11085,-0.0017335,0.0037633,-0.0018647,-0.012983,-0.0049648,-0.00083351,0.00041662,0.0068835,1,0.0010323,0.0035953
b_6,-0.00077502,0.013752,0.012516,0.0047796,-0.0048186,0.0057251,-0.0040439,0.0034628,0.00017965,-0.0026407,0.0023749,-0.0011286,-0.018927,-0.017456,-0.0050366,0.013115,-0.0016185,-0.002338,-0.0010438,0.00013872,-0.0010356,-0.0014692,-5.7024e-05,0.00022214,0.0021952,6.0136e-05,0.0017185,-7.5469e-05,0.00029029,nan,nan,-0.002154,1.0617e-05,0.0030911,0.0033077,-0.016284,-0.011191,0.0027078,-0.0019653,0.0047565,-0.001893,0.0054518,0.00027066,0.00048376,-0.0029297,-0.0026404,-0.096477,-0.055259,-0.002449,0.013136,-0.0017804,-0.00093097,0.00061522,0.00080446,0.0010323,1,-0.0040734
b_7,-0.0034366,0.016576,0.0085454,-0.044165,0.0017607,0.0036746,0.0015252,-0.0043613,0.0024782,-0.008157,0.00073569,-0.0017239,-0.00093633,0.0046043,-0.023299,-0.0007426,-0.0095308,-0.0086606,-0.0020382,-0.024203,-0.023018,-0.0060716,-0.0038852,-0.0012338,0.01794,-0.00026727,-0.016177,0.00048399,-0.0016059,nan,nan,0.011835,5.6172e-05,0.046585,0.0073069,-0.00043393,-0.0074472,0.045043,-0.0053964,0.0023575,0.0071305,0.0039085,-0.0036326,-0.0060799,-0.00045815,0.00015785,-0.0022583,0.010486,-0.097691,-0.13432,-0.0040748,-0.00022332,-0.0019582,0.0022795,0.0035953,-0.0040734,1
