b01_pop,1,-0.085086,0.13345,-0.04615,0.0061863,-0.00071352,-0.0023483,0.0059821,0.00032417,0.0046799,0.0012758,0.004386,-0.005313,0.0042224,0.020437,-0.01502,0.00027608,0.012286,-0.026779,0.020744,-0.018006,-0.013893,6.8723e-05,0.012026,0.029669,3.35e-05,-0.0079891,-0.00021498,4.5685e-05,-3.8236e-05,0.16915,0.042254,-0.059961,-0.010673,-0.0049165,-0.0013536,-0.0023957,0.0047962,0.00090515,-0.011921,-0.0019849,0.00041945,-0.0061204,0.012691,-0.028397,-0.00055351,-0.0014716,0.0069472,-0.000747,-0.0010738
b11_pop,-0.085086,1,0.53371,-0.03077,-0.014571,0.00031658,0.010469,-0.038667,0.00054055,0.0042709,-0.0056856,-0.012528,0.0080617,0.0035297,-0.045492,0.016542,0.042213,-0.02151,0.038687,-0.027049,0.039356,0.019206,-4.6642e-05,-0.011043,0.021417,0.00015015,0.021355,-0.01935,-5.8399e-05,5.9734e-06,-0.046421,-0.41598,-0.38268,0.14768,-0.0013546,-0.060122,-0.011023,0.014406,0.0061829,-0.0025465,-0.0022496,-0.00603,0.01846,-0.063971,0.084559,0.0071869,-0.0067173,0.0040975,-0.0061085,-0.0044539
b21_pop,0.13345,0.53371,1,-0.074725,-0.011297,9.1905e-05,0.0096191,-0.026412,0.0015646,0.016578,-0.00086936,-0.015573,0.004761,0.0050048,0.025045,-0.0020274,0.0022928,-0.014716,-0.028617,0.02575,-0.0062084,-0.0020366,4.9544e-05,-0.010774,0.0057775,4.2877e-05,0.0004611,0.0012047,6.3609e-06,-1.2987e-05,0.031747,-0.29194,-0.6474,0.13625,-0.0016712,-0.061007,-0.014332,0.0089667,0.0086193,-0.034645,-0.010685,0.0022724,0.012213,-0.05633,0.11383,0.0050561,-0.0063118,0.012785,-0.0088316,-0.010861
a1_pop,-0.04615,-0.03077,-0.074725,1,-0.029349,0.031803,0.0073439,-0.0032888,-0.0063054,0.019551,0.00025305,0.0085084,0.0063284,-0.026498,0.0029301,0.010857,0.0035659,-0.00062401,0.0053317,-0.0039813,-0.012294,0.010307,-2.1171e-05,0.0060794,0.0054388,3.3368e-05,0.009206,-0.0016572,-1.8209e-05,-8.1552e-06,-0.022258,-0.26842,-0.15516,-0.54963,0.030184,0.027595,0.0059392,-0.016697,-0.0050099,0.012991,-0.0062564,0.018722,0.01672,0.011264,-0.10878,-0.0072661,-0.0096733,-0.0026257,-0.0077372,-0.019666
b02_pop,0.0061863,-0.014571,-0.011297,-0.029349,1,-0.24722,0.0034849,-0.0048877,0.0040843,-0.01239,0.0016417,-0.0012294,-0.0016546,0.0024216,0.0063107,0.027135,9.9411e-05,0.0009556,0.0033669,0.0013894,-0.00080495,0.0011178,4.4419e-06,-0.0044518,-0.0027434,2.3121e-05,-0.001211,-0.0006742,-1.2999e-06,1.0873e-05,0.0011983,0.0054457,0.018611,0.041605,-0.022906,-0.035013,0.0037507,-0.0070762,-0.00013112,0.00088311,-0.0021322,0.00057837,0.0014723,-0.0035269,0.0045731,0.006816,0.00086395,0.00090595,0.00064132,0.0051012
b12_pop,-0.00071352,0.00031658,9.1905e-05,0.031803,-0.24722,1,-0.0026768,0.0086052,-0.0054805,0.0050311,-0.0029046,0.010402,0.0005836,-0.0057961,0.097696,-0.066272,-0.00072849,0.011684,-0.078306,0.10454,-0.054264,-0.047102,0.00029751,-0.0098645,0.022527,0.00062918,-0.0066206,0.0020069,8.2368e-05,-9.5593e-05,0.0019903,0.0025846,-0.01408,-0.057748,0.004259,0.091484,0.0017352,0.017721,0.0032685,0.0014282,0.001777,0.0025916,-0.0057886,-0.012661,-0.008517,-0.019523,-0.0054789,-0.0019999,0.0019731,-0.0018176
b03_pop,-0.0023483,0.010469,0.0096191,0.0073439,0.0034849,-0.0026768,1,-0.1578,-2.8977e-05,-0.0037755,-0.0031369,0.0017845,-0.00015761,-0.0007639,0.011228,-0.0517,-0.0036013,0.026274,-0.020534,0.022049,-0.0056188,-0.017512,5.442e-05,0.0020386,0.001715,-8.4673e-05,-0.0078128,0.0012424,3.5801e-05,-1.1209e-05,0.0013316,-0.0062203,-0.0068307,-0.0027422,0.00096957,-0.0084602,-0.014419,-0.018105,0.00014973,0.0024647,-0.0038727,0.0089453,0.00022529,0.0011621,-0.00092833,0.0029646,0.0052075,-0.0020116,0.0011182,0.0012124
b13_pop,0.0059821,-0.038667,-0.026412,-0.0032888,-0.0048877,0.0086052,-0.1578,1,-0.0005094,0.011419,-0.0010797,0.0046314,-0.0037949,0.0032391,-0.098874,0.11837,0.08763,-0.085805,0.069787,-0.077901,0.050542,0.06459,-0.00019564,-0.0076486,0.0074546,0.00023943,0.074262,-0.040495,-0.00017461,2.4052e-05,-0.0015174,0.010373,0.019735,-0.010003,-0.010102,0.013538,0.001305,0.04761,-0.0018528,-0.0044605,0.0018243,-0.0065402,-0.0028042,-0.0049305,-0.00063455,-0.0011249,-0.015203,0.0024875,0.0021475,0.0026599
b04_pop,0.00032417,0.00054055,0.0015646,-0.0063054,0.0040843,-0.0054805,-2.8977e-05,-0.0005094,1,-0.10016,-0.00091505,0.00081255,-0.00089633,0.0031623,-0.001992,0.0056178,-0.00069995,-0.0042278,0.0041998,-0.0039043,0.0013327,0.0060405,-1.7237e-05,-0.00092725,-0.0030471,-1.9972e-05,0.0017057,0.0039058,-1.2878e-05,4.4702e-06,-0.0013152,0.0043594,-0.00076108,0.0052266,0.00085698,-0.0024884,-0.0017137,-0.0023788,0.0034988,-0.0068257,-0.00011896,8.4579e-05,-0.00030646,0.0024485,0.0019568,0.00075352,0.0016359,0.003061,-0.0011529,-0.00032121
b14_pop,0.0046799,0.0042709,0.016578,0.019551,-0.01239,0.0050311,-0.0037755,0.011419,-0.10016,1,0.00040758,-0.00057302,0.0003789,0.00096502,0.0044122,-0.0042632,-0.023104,0.011538,0.0037196,-0.0048245,-0.0059648,0.026004,-5.0768e-05,0.0064001,-0.012572,-0.00013152,-0.0077212,0.044976,-4.4156e-05,1.7885e-06,-0.0005657,-0.011816,-0.021087,-0.012666,-0.0050187,0.00025867,0.0038522,0.010371,-0.0027741,0.041699,-0.00028201,0.0060624,-0.00079651,8.3953e-05,0.0024159,-0.00036615,-0.004531,-0.0047615,0.0041814,0.0054113
b05_pop,0.0012758,-0.0056856,-0.00086936,0.00025305,0.0016417,-0.0029046,-0.0031369,-0.0010797,-0.00091505,0.00040758,1,-0.14551,-0.00072457,0.00087915,0.0032157,-0.00090045,-0.0011766,0.00099304,-0.0040462,0.0030592,-0.0012414,-0.0016664,6.0786e-06,-0.00029291,0.00054406,-1.6713e-05,-0.0015931,0.0006059,6.126e-06,-6.8922e-07,0.00068287,0.0035783,0.0044386,0.00050765,0.0038302,-0.0074938,-0.0031293,0.0015074,-0.00069266,0.0018239,0.048919,-0.016515,-0.0025128,0.0047548,-0.0065301,-0.000373,0.0017431,0.0026404,-0.012198,0.00020384
b15_pop,0.004386,-0.012528,-0.015573,0.0085084,-0.0012294,0.010402,0.0017845,0.0046314,0.00081255,-0.00057302,-0.14551,1,-0.00072278,-0.005007,-0.0046631,0.0009997,0.0006647,0.00034556,0.0058475,-0.002924,0.0043638,0.0027331,-3.5824e-06,-0.0017031,0.00092786,5.6787e-05,0.00011675,-0.0016599,-3.8733e-06,2.9877e-07,0.0022576,0.0018014,0.002708,-0.016357,-0.0084931,0.0050328,0.0065231,-0.0056107,0.0033839,-0.016952,-0.022037,0.017729,-0.0018248,-0.0049493,0.0019874,0.0010576,-0.0032598,-0.0053122,0.0088,0.0026292
b07_pop,-0.005313,0.0080617,0.004761,0.0063284,-0.0016546,0.0005836,-0.00015761,-0.0037949,-0.00089633,0.0003789,-0.00072457,-0.00072278,1,-0.15226,0.0014197,-0.0022565,-0.0013027,0.0014805,-0.0017437,-0.00092915,0.00016656,-0.00081231,1.4904e-06,0.0063474,0.00081595,-1.3479e-05,-0.0016353,0.0016384,6.4938e-06,-3.273e-06,4.9827e-05,-0.0080233,-0.0058732,0.00013109,0.00024266,-0.0088859,0.0019564,-0.0048914,0.0019967,0.00044042,-0.0021714,-0.0027292,0.11179,-0.050018,-0.0012985,0.00079341,0.00029928,-0.0023864,0.0019166,-0.037764
b17_pop,0.0042224,0.0035297,0.0050048,-0.026498,0.0024216,-0.0057961,-0.0007639,0.0032391,0.0031623,0.00096502,0.00087915,-0.005007,-0.15226,1,0.0033931,-0.013726,-0.00097554,0.0052423,-0.00097547,-0.0049592,-0.009185,-0.00037162,7.0466e-06,0.033818,0.0069661,4.5735e-05,-0.0064052,-0.0005109,2.4682e-05,-2.109e-05,-0.011524,0.0084952,0.0072148,0.0291,-0.00035436,0.015006,-0.0019065,0.00075956,-0.00060428,0.0070452,0.0019343,0.0024063,-0.082215,0.10647,0.013414,-0.0049063,-0.0024253,0.0062856,-0.0038685,0.013198
p1_pop,0.020437,-0.045492,0.025045,0.0029301,0.0063107,0.097696,0.011228,-0.098874,-0.001992,0.0044122,0.0032157,-0.0046631,0.0014197,0.0033931,1,-0.29661,-0.06148,0.1184,-0.77275,0.76915,-0.83163,-0.32231,0.0014765,0.064593,0.17525,-0.0017203,-0.084785,0.10206,0.00085367,-0.00046596,0.010124,-0.033063,-0.027806,-0.088326,0.039903,-0.022942,0.052158,-0.086951,0.0026382,0.00097294,-0.0041965,-0.0070937,0.0011547,-0.015263,-0.021585,-0.015768,-0.018681,0.0031682,0.0046808,0.0023451
g1_pop,-0.01502,0.016542,-0.0020274,0.010857,0.027135,-0.066272,-0.0517,0.11837,0.0056178,-0.0042632,-0.00090045,0.0009997,-0.0022565,-0.013726,-0.29661,1,0.091242,-0.1854,0.34823,-0.21814,0.082151,0.32193,-0.00077704,-0.21989,-0.1019,0.00016555,0.1941,-0.042195,-0.00075925,0.0004287,-0.015453,0.033317,-0.00089294,-0.0070894,-0.027368,0.014327,-0.031702,0.0985,-0.002873,-0.0081683,-0.0014428,0.0037886,-0.0024127,0.00019744,0.0098513,0.0065265,-0.0092772,0.00043234,0.00037986,0.00064035
p2_pop,0.00027608,0.042213,0.0022928,0.0035659,9.9411e-05,-0.00072849,-0.0036013,0.08763,-0.00069995,-0.023104,-0.0011766,0.0006647,-0.0013027,-0.00097554,-0.06148,0.091242,1,-0.27885,0.080626,-0.048784,0.050223,0.17207,-0.00020198,-0.072908,0.020368,0.0033033,0.42989,-0.29552,-0.00079591,-0.00010031,0.0022568,0.036797,-0.0053432,0.028427,-0.0057247,-7.9834e-05,-0.0086639,0.032665,-0.0020301,-0.0038707,0.00070245,0.0019125,-0.0014716,0.00069103,-0.01021,0.001125,-0.0062118,-0.00072787,-3.163e-05,-0.00022184
g2_pop,0.012286,-0.02151,-0.014716,-0.00062401,0.0009556,0.011684,0.026274,-0.085805,-0.0042278,0.011538,0.00099304,0.00034556,0.0014805,0.0052423,0.1184,-0.1854,-0.27885,1,-0.19802,0.15733,-0.063552,-0.3578,0.001213,0.18525,0.28972,0.0018868,-0.72087,0.20861,0.0011816,-0.00027132,0.011423,-0.039803,0.0049967,-0.040443,0.010247,-0.0039589,0.0033525,-0.023435,0.0028277,0.0076917,0.00055142,-0.0024354,0.0032625,-0.0025569,-0.010597,-0.0022897,0.017157,0.00066815,0.00035235,0.0020765
alpha11_pop,-0.026779,0.038687,-0.028617,0.0053317,0.0033669,-0.078306,-0.020534,0.069787,0.0041998,0.0037196,-0.0040462,0.0058475,-0.0017437,-0.00097547,-0.77275,0.34823,0.080626,-0.19802,1,-0.68308,0.54949,0.39589,-0.0016254,-0.11808,-0.34098,0.0010607,0.18368,-0.064463,-0.0011067,0.00068294,-0.017939,0.025811,0.032527,0.11012,-0.039403,0.023493,-0.043338,0.069979,-0.00261,-0.0057838,0.0044121,0.0091449,-0.0028489,0.015296,0.047154,0.013293,0.0075168,-0.0026594,-0.0039948,-8.9045e-05
alpha12_pop,0.020744,-0.027049,0.02575,-0.0039813,0.0013894,0.10454,0.022049,-0.077901,-0.0039043,-0.0048245,0.0030592,-0.002924,-0.00092915,-0.0049592,0.76915,-0.21814,-0.048784,0.15733,-0.68308,1,-0.44114,-0.43299,0.0022859,-0.15653,0.1886,-0.0024272,-0.12622,0.026574,0.00098095,-0.00019823,0.013406,-0.035087,-0.033785,-0.058554,0.056954,-0.02381,0.037064,-0.081271,0.0031622,0.00054603,-0.0007855,-0.0080408,0.00084181,-0.029518,-0.022294,-0.021525,-0.004083,0.0040981,0.0038788,0.0062331
alpha13_pop,-0.018006,0.039356,-0.0062084,-0.012294,-0.00080495,-0.054264,-0.0056188,0.050542,0.0013327,-0.0059648,-0.0012414,0.0043638,0.00016656,-0.009185,-0.83163,0.082151,0.050223,-0.063552,0.54949,-0.44114,1,0.21214,-0.00074075,-0.26345,-0.13025,0.0011107,0.035503,-0.13874,-0.0006756,0.00052054,-0.013059,0.01787,0.0095396,0.069016,-0.02451,0.013253,-0.066321,0.034698,-0.0020529,0.0010015,0.0057721,0.0047419,0.001503,0.0015357,0.023073,0.0099585,0.035708,-0.00093635,-0.0048575,-0.003139
alpha14_pop,-0.013893,0.019206,-0.0020366,0.010307,0.0011178,-0.047102,-0.017512,0.06459,0.0060405,0.026004,-0.0016664,0.0027331,-0.00081231,-0.00037162,-0.32231,0.32193,0.17207,-0.3578,0.39589,-0.43299,0.21214,1,-0.0023707,-0.070582,-0.28606,0.00047169,0.40761,-0.0040579,-0.002034,0.00043462,-0.012221,0.020619,0.0084517,0.038521,-0.022395,0.014623,-0.018772,0.042664,-0.0055708,-0.0094662,-0.0015443,0.0050118,-0.0036683,0.012128,0.015876,0.0066125,-0.007345,-0.00072891,-0.0015741,-0.0024786
alpha15_pop,6.872e-05,-4.6643e-05,4.9544e-05,-2.117e-05,4.4418e-06,0.00029751,5.442e-05,-0.00019564,-1.7235e-05,-5.0768e-05,6.079e-06,-3.5823e-06,1.4893e-06,7.0467e-06,0.0014765,-0.00077704,-0.00020198,0.001213,-0.0016254,0.0022859,-0.00074075,-0.0023707,1,0.00029541,0.0012824,0.080241,-0.0010438,-1.9742e-05,-0.085927,0.23763,4.5405e-05,-8.5354e-05,-8.2494e-05,-0.00021079,0.00014512,4.1661e-05,6.6966e-05,-0.00017255,1.5326e-05,1.9978e-05,4.6649e-06,-2.8374e-05,1.1231e-05,-5.7608e-05,-6.57e-05,-5.5262e-05,1.6389e-05,6.4973e-06,8.0436e-06,1.0445e-05
alpha17_pop,0.012026,-0.011043,-0.010774,0.0060794,-0.0044518,-0.0098645,0.0020386,-0.0076486,-0.00092725,0.0064001,-0.00029291,-0.0017031,0.0063474,0.033818,0.064593,-0.21989,-0.072908,0.18525,-0.11808,-0.15653,-0.26345,-0.070582,0.00029541,1,0.24603,0.0005493,-0.21325,0.099795,0.00085816,-0.00068415,0.011322,-0.0008132,0.0038919,-0.04249,-0.0041169,0.0049013,0.014934,0.006727,0.0014867,0.0018188,-0.0027015,0.00032303,0.0010745,0.025251,-0.01211,0.0020354,-0.0051599,0.00021807,-0.00020492,0.0011559
alpha21_pop,0.029669,0.021417,0.0057775,0.0054388,-0.0027434,0.022527,0.001715,0.0074546,-0.0030471,-0.012572,0.00054406,0.00092786,0.00081595,0.0069661,0.17525,-0.1019,0.020368,0.28972,-0.34098,0.1886,-0.13025,-0.28606,0.0012824,0.24603,1,0.0015606,-0.23826,-0.058163,0.0010225,-0.00091132,0.020805,-0.0016047,-0.030306,-0.13014,0.010449,-0.0078156,0.011189,-0.0005687,0.0013579,0.0080457,-0.0011137,-0.0030338,0.003726,0.0016155,-0.033736,-0.0012901,0.0030121,0.001475,0.00039534,-0.0031863
alpha22_pop,3.35e-05,0.00015015,4.2877e-05,3.3368e-05,2.3121e-05,0.00062918,-8.4673e-05,0.00023943,-1.9972e-05,-0.00013152,-1.6713e-05,5.6787e-05,-1.3479e-05,4.5735e-05,-0.0017203,0.00016555,0.0033033,0.0018868,0.0010607,-0.0024272,0.0011107,0.00047169,0.080241,0.0005493,0.0015606,1,0.00050008,-0.0047421,-0.021359,-0.065419,-4.8877e-05,0.00010461,1.5092e-05,-0.00023006,7.7822e-05,0.0012586,-8.7221e-05,0.00021589,-1.6146e-05,2.1365e-05,2.8686e-05,-7.5628e-05,3.0361e-05,0.00011513,1.6265e-06,-7.3024e-05,-4.9918e-05,-5.2385e-05,9.0617e-07,-9.2159e-05
alpha23_pop,-0.0079891,0.021355,0.0004611,0.009206,-0.001211,-0.0066206,-0.0078128,0.074262,0.0017057,-0.0077212,-0.0015931,0.00011675,-0.0016353,-0.0064052,-0.084785,0.1941,0.42989,-0.72087,0.18368,-0.12622,0.035503,0.40761,-0.0010438,-0.21325,-0.23826,0.00050008,1,-0.23526,-0.0015826,5.2688e-05,-0.0066658,0.033858,0.0055527,0.037938,-0.0070081,0.0014006,-0.0039363,0.011332,-0.0043377,-0.0070335,-0.00093506,0.0028659,-0.0039241,0.0019054,0.0044641,0.0013323,-0.024717,0.00030273,-0.00089371,-0.0028102
alpha24_pop,-0.00021498,-0.01935,0.0012047,-0.0016572,-0.0006742,0.0020069,0.0012424,-0.040495,0.0039058,0.044976,0.0006059,-0.0016599,0.0016384,-0.0005109,0.10206,-0.042195,-0.29552,0.20861,-0.064463,0.026574,-0.13874,-0.0040579,-1.9742e-05,0.099795,-0.058163,-0.0047421,-0.23526,1,5.4002e-06,-0.00013385,0.00056506,-0.014758,0.0032815,-0.0025191,0.0026781,0.00026182,0.0094787,-0.015302,0.0044992,0.0035425,-0.0017649,-0.0031456,0.00046142,-0.00078763,0.0036669,-0.00168,0.00099148,0.0017656,0.0016817,0.0021792
alpha25_pop,4.5685e-05,-5.8399e-05,6.361e-06,-1.8209e-05,-1.2999e-06,8.2368e-05,3.5801e-05,-0.00017461,-1.2878e-05,-4.4156e-05,6.1259e-06,-3.8733e-06,6.494e-06,2.4682e-05,0.00085367,-0.00075925,-0.00079591,0.0011816,-0.0011067,0.00098095,-0.0006756,-0.002034,-0.085927,0.00085816,0.0010225,-0.021359,-0.0015826,5.4002e-06,1,-0.067782,3.7709e-05,-6.9782e-05,-3.4903e-05,-0.00016563,4.9583e-05,-5.4831e-05,5.2462e-05,-8.545e-05,1.198e-05,2.035e-05,-6.1626e-07,-1.0455e-05,9.7846e-06,-1.4633e-05,-4.8137e-05,-1.2772e-05,2.5011e-05,3.072e-06,5.3674e-06,8.4683e-06
alpha27_pop,-3.8233e-05,5.9731e-06,-1.2987e-05,-8.155e-06,1.0873e-05,-9.5593e-05,-1.121e-05,2.4052e-05,4.472e-06,1.7884e-06,-6.8874e-07,2.9871e-07,-3.2739e-06,-2.1091e-05,-0.00046596,0.0004287,-0.00010031,-0.00027132,0.00068294,-0.00019823,0.00052054,0.00043462,0.23763,-0.00068415,-0.00091132,-0.065419,5.2688e-05,-0.00013385,-0.067782,1,-2.4742e-05,3.603e-06,2.4594e-05,0.00015442,-3.0833e-05,-6.6227e-05,-4.3596e-05,3.2268e-05,-3.4559e-06,-1.1462e-05,2.9026e-06,1.2131e-05,-5.2977e-06,-1.2888e-05,4.8049e-05,1.169e-05,1.9104e-05,9.5231e-07,-2.6695e-06,7.8392e-06
omega_b01,0.16915,-0.046421,0.031747,-0.022258,0.0011983,0.0019903,0.0013316,-0.0015174,-0.0013152,-0.0005657,0.00068287,0.0022576,4.9827e-05,-0.011524,0.010124,-0.015453,0.0022568,0.011423,-0.017939,0.013406,-0.013059,-0.012221,4.5405e-05,0.011322,0.020805,-4.8877e-05,-0.0066658,0.00056506,3.7709e-05,-2.4742e-05,1,0.0062224,0.012464,0.00039537,0.00027141,-0.014577,-0.0035404,0.010763,0.0014309,-0.01178,0.0053861,0.0014858,-0.0016562,0.0012764,-0.13755,-0.00022729,-0.00035028,0.0055371,-0.0059001,0.0013909
omega_b11,0.042254,-0.41598,-0.29194,-0.26842,0.0054457,0.0025846,-0.0062203,0.010373,0.0043594,-0.011816,0.0035783,0.0018014,-0.0080233,0.0084952,-0.033063,0.033317,0.036797,-0.039803,0.025811,-0.035087,0.01787,0.020619,-8.5354e-05,-0.0008132,-0.0016047,0.00010461,0.033858,-0.014758,-6.9782e-05,3.6026e-06,0.0062224,1,0.35467,-0.0663,-0.012741,0.034571,0.010422,-0.012632,-0.0044542,0.01016,-0.0040251,0.0052606,-0.023279,0.081079,-0.066494,0.0026836,0.0084204,-0.0010502,0.01335,-0.0021617
omega_b21,-0.059961,-0.38268,-0.6474,-0.15516,0.018611,-0.01408,-0.0068307,0.019735,-0.00076108,-0.021087,0.0044386,0.002708,-0.0058732,0.0072148,-0.027806,-0.00089294,-0.0053432,0.0049967,0.032527,-0.033785,0.0095396,0.0084517,-8.2494e-05,0.0038919,-0.030306,1.5092e-05,0.0055527,0.0032815,-3.4903e-05,2.4594e-05,0.012464,0.35467,1,-0.033865,-0.014608,0.035394,0.019995,0.0053047,-0.0062759,0.039058,0.014211,-0.030406,-0.01896,0.074923,-0.11461,-0.0011999,0.0037957,-0.0053739,0.0037411,0.0056352
omega_a1,-0.010673,0.14768,0.13625,-0.54963,0.041605,-0.057748,-0.0027422,-0.010003,0.0052266,-0.012666,0.00050765,-0.016357,0.00013109,0.0291,-0.088326,-0.0070894,0.028427,-0.040443,0.11012,-0.058554,0.069016,0.038521,-0.00021079,-0.04249,-0.13014,-0.00023006,0.037938,-0.0025191,-0.00016563,0.00015442,0.00039537,-0.0663,-0.033865,1,-0.028491,-0.046008,-0.024985,0.026149,0.0023062,-0.026296,0.018754,-0.014601,-0.0090083,-0.056902,0.097113,0.002712,0.0068727,-0.0032264,-0.0024746,0.036098
omega_b02,-0.0049165,-0.0013546,-0.0016712,0.030184,-0.022906,0.004259,0.00096957,-0.010102,0.00085698,-0.0050187,0.0038302,-0.0084931,0.00024266,-0.00035436,0.039903,-0.027368,-0.0057247,0.010247,-0.039403,0.056954,-0.02451,-0.022395,0.00014512,-0.0041169,0.010449,7.7822e-05,-0.0070081,0.0026781,4.9583e-05,-3.0833e-05,0.00027141,-0.012741,-0.014608,-0.028491,1,-0.012785,-0.0020689,-0.0091932,0.00082983,0.0092643,0.0022309,0.00096072,0.0040176,-0.0068583,-0.006361,-0.09515,0.0008259,-0.0034956,-0.0066641,0.0022864
omega_b12,-0.0013536,-0.060122,-0.061007,0.027595,-0.035013,0.091484,-0.0084602,0.013538,-0.0024884,0.00025867,-0.0074938,0.0050328,-0.0088859,0.015006,-0.022942,0.014327,-7.9834e-05,-0.0039589,0.023493,-0.02381,0.013253,0.014623,4.1661e-05,0.0049013,-0.0078156,0.0012586,0.0014006,0.00026182,-5.4831e-05,-6.6227e-05,-0.014577,0.034571,0.035394,-0.046008,-0.012785,1,-0.0021409,0.0070426,0.0028441,0.010526,-0.0037519,-0.010431,-0.0067026,0.027522,0.0011239,-0.061384,-0.0011213,-0.014737,0.0076237,-0.0041931
omega_b03,-0.0023957,-0.011023,-0.014332,0.0059392,0.0037507,0.0017352,-0.014419,0.001305,-0.0017137,0.0038522,-0.0031293,0.0065231,0.0019564,-0.0019065,0.052158,-0.031702,-0.0086639,0.0033525,-0.043338,0.037064,-0.066321,-0.018772,6.6966e-05,0.014934,0.011189,-8.7221e-05,-0.0039363,0.0094787,5.2462e-05,-4.3596e-05,-0.0035404,0.010422,0.019995,-0.024985,-0.0020689,-0.0021409,1,-0.034052,-8.1545e-05,-0.0040446,-0.0048698,-0.0078495,0.0031116,0.003259,-0.0077605,-0.00054192,-0.08353,-0.0031681,0.0016593,-0.0033048
omega_b13,0.0047962,0.014406,0.0089667,-0.016697,-0.0070762,0.017721,-0.018105,0.04761,-0.0023788,0.010371,0.0015074,-0.0056107,-0.0048914,0.00075956,-0.086951,0.0985,0.032665,-0.023435,0.069979,-0.081271,0.034698,0.042664,-0.00017255,0.006727,-0.0005687,0.00021589,0.011332,-0.015302,-8.545e-05,3.2268e-05,0.010763,-0.012632,0.0053047,0.026149,-0.0091932,0.0070426,-0.034052,1,0.0035178,-0.0079456,0.00067046,-0.0022833,-0.0051301,-0.013059,0.0014646,-0.0003219,-0.039882,-0.00074854,-0.0041092,0.0071222
omega_b04,0.00090515,0.0061829,0.0086193,-0.0050099,-0.00013112,0.0032685,0.00014973,-0.0018528,0.0034988,-0.0027741,-0.00069266,0.0033839,0.0019967,-0.00060428,0.0026382,-0.002873,-0.0020301,0.0028277,-0.00261,0.0031622,-0.0020529,-0.0055708,1.5326e-05,0.0014867,0.0013579,-1.6146e-05,-0.0043377,0.0044992,1.198e-05,-3.4559e-06,0.0014309,-0.0044542,-0.0062759,0.0023062,0.00082983,0.0028441,-8.1545e-05,0.0035178,1,-0.01566,0.00067384,-0.0018408,0.0020749,0.0034688,0.0029161,-0.0020373,-0.00039758,-0.042324,0.0012654,-0.0001098
omega_b14,-0.011921,-0.0025465,-0.034645,0.012991,0.00088311,0.0014282,0.0024647,-0.0044605,-0.0068257,0.041699,0.0018239,-0.016952,0.00044042,0.0070452,0.00097294,-0.0081683,-0.0038707,0.0076917,-0.0057838,0.00054603,0.0010015,-0.0094662,1.9978e-05,0.0018188,0.0080457,2.1365e-05,-0.0070335,0.0035425,2.035e-05,-1.1462e-05,-0.01178,0.01016,0.039058,-0.026296,0.0092643,0.010526,-0.0040446,-0.0079456,-0.01566,1,0.0091803,-0.0038262,0.0015265,-0.0047664,0.0034736,-0.007531,0.0065687,-0.088553,-0.0078244,-1.6819e-05
omega_b05,-0.0019849,-0.0022496,-0.010685,-0.0062564,-0.0021322,0.001777,-0.0038727,0.0018243,-0.00011896,-0.00028201,0.048919,-0.022037,-0.0021714,0.0019343,-0.0041965,-0.0014428,0.00070245,0.00055142,0.0044121,-0.0007855,0.0057721,-0.0015443,4.6649e-06,-0.0027015,-0.0011137,2.8686e-05,-0.00093506,-0.0017649,-6.1626e-07,2.9026e-06,0.0053861,-0.0040251,0.014211,0.018754,0.0022309,-0.0037519,-0.0048698,0.00067046,0.00067384,0.0091803,1,-0.00085311,0.00022711,-0.011158,-0.0028206,-0.0035029,0.0012533,0.0014601,-0.11677,0.0041236
omega_b15,0.00041945,-0.00603,0.0022724,0.018722,0.00057837,0.0025916,0.0089453,-0.0065402,8.4579e-05,0.0060624,-0.016515,0.017729,-0.0027292,0.0024063,-0.0070937,0.0037886,0.0019125,-0.0024354,0.0091449,-0.0080408,0.0047419,0.0050118,-2.8374e-05,0.00032303,-0.0030338,-7.5628e-05,0.0028659,-0.0031456,-1.0455e-05,1.2131e-05,0.0014858,0.0052606,-0.030406,-0.014601,0.00096072,-0.010431,-0.0078495,-0.0022833,-0.0018408,-0.0038262,-0.00085311,1,-0.0019113,-0.01275,-0.00085388,0.0033905,8.1295e-05,0.0038148,-0.085164,0.0023243
omega_b07,-0.0061204,0.01846,0.012213,0.01672,0.0014723,-0.0057886,0.00022529,-0.0028042,-0.00030646,-0.00079651,-0.0025128,-0.0018248,0.11179,-0.082215,0.0011547,-0.0024127,-0.0014716,0.0032625,-0.0028489,0.00084181,0.001503,-0.0036683,1.1231e-05,0.0010745,0.003726,3.0361e-05,-0.0039241,0.00046142,9.7846e-06,-5.2978e-06,-0.0016562,-0.023279,-0.01896,-0.0090083,0.0040176,-0.0067026,0.0031116,-0.0051301,0.0020749,0.0015265,0.00022711,-0.0019113,1,-0.076808,0.0005653,-3.8732e-05,-0.0013078,-0.0024825,0.0037395,-0.084234
omega_b17,0.012691,-0.063971,-0.05633,0.011264,-0.0035269,-0.012661,0.0011621,-0.0049305,0.0024485,8.3953e-05,0.0047548,-0.0049493,-0.050018,0.10647,-0.015263,0.00019744,0.00069103,-0.0025569,0.015296,-0.029518,0.0015357,0.012128,-5.7608e-05,0.025251,0.0016155,0.00011513,0.0019054,-0.00078763,-1.4633e-05,-1.2888e-05,0.0012764,0.081079,0.074923,-0.056902,-0.0068583,0.027522,0.003259,-0.013059,0.0034688,-0.0047664,-0.011158,-0.01275,-0.076808,1,-0.018883,1.5616e-05,-0.0052947,-0.0079198,0.0072894,-0.1286
b_1,-0.028397,0.084559,0.11383,-0.10878,0.0045731,-0.008517,-0.00092833,-0.00063455,0.0019568,0.0024159,-0.0065301,0.0019874,-0.0012985,0.013414,-0.021585,0.0098513,-0.01021,-0.010597,0.047154,-0.022294,0.023073,0.015876,-6.57e-05,-0.01211,-0.033736,1.6265e-06,0.0044641,0.0036669,-4.8137e-05,4.805e-05,-0.13755,-0.066494,-0.11461,0.097113,-0.006361,0.0011239,-0.0077605,0.0014646,0.0029161,0.0034736,-0.0028206,-0.00085388,0.0005653,-0.018883,1,-0.0026781,0.0027488,-0.0029297,0.009698,0.0061136
a_2,-0.00055351,0.0071869,0.0050561,-0.0072661,0.006816,-0.019523,0.0029646,-0.0011249,0.00075352,-0.00036615,-0.000373,0.0010576,0.00079341,-0.0049063,-0.015768,0.0065265,0.001125,-0.0022897,0.013293,-0.021525,0.0099585,0.0066125,-5.5262e-05,0.0020354,-0.0012901,-7.3024e-05,0.0013323,-0.00168,-1.2772e-05,1.169e-05,-0.00022729,0.0026836,-0.0011999,0.002712,-0.09515,-0.061384,-0.00054192,-0.0003219,-0.0020373,-0.007531,-0.0035029,0.0033905,-3.8732e-05,1.5616e-05,-0.0026781,1,0.0020261,0.0024193,0.00042917,-0.0013366
a_3,-0.0014716,-0.0067173,-0.0063118,-0.0096733,0.00086395,-0.0054789,0.0052075,-0.015203,0.0016359,-0.004531,0.0017431,-0.0032598,0.00029928,-0.0024253,-0.018681,-0.0092772,-0.0062118,0.017157,0.0075168,-0.004083,0.035708,-0.007345,1.6389e-05,-0.0051599,0.0030121,-4.9918e-05,-0.024717,0.00099148,2.5011e-05,1.9104e-05,-0.00035028,0.0084204,0.0037957,0.0068727,0.0008259,-0.0011213,-0.08353,-0.039882,-0.00039758,0.0065687,0.0012533,8.1295e-05,-0.0013078,-0.0052947,0.0027488,0.0020261,1,0.0008607,-0.0018554,0.0020908
a_4,0.0069472,0.0040975,0.012785,-0.0026257,0.00090595,-0.0019999,-0.0020116,0.0024875,0.003061,-0.0047615,0.0026404,-0.0053122,-0.0023864,0.0062856,0.0031682,0.00043234,-0.00072787,0.00066815,-0.0026594,0.0040981,-0.00093635,-0.00072891,6.4973e-06,0.00021807,0.001475,-5.2385e-05,0.00030273,0.0017656,3.072e-06,9.5231e-07,0.0055371,-0.0010502,-0.0053739,-0.0032264,-0.0034956,-0.014737,-0.0031681,-0.00074854,-0.042324,-0.088553,0.0014601,0.0038148,-0.0024825,-0.0079198,-0.0029297,0.0024193,0.0008607,1,-0.0010556,0.0023442
b_5,-0.000747,-0.0061085,-0.0088316,-0.0077372,0.00064132,0.0019731,0.0011182,0.0021475,-0.0011529,0.0041814,-0.012198,0.0088,0.0019166,-0.0038685,0.0046808,0.00037986,-3.163e-05,0.00035235,-0.0039948,0.0038788,-0.0048575,-0.0015741,8.0436e-06,-0.00020492,0.00039534,9.0617e-07,-0.00089371,0.0016817,5.3674e-06,-2.6695e-06,-0.0059001,0.01335,0.0037411,-0.0024746,-0.0066641,0.0076237,0.0016593,-0.0041092,0.0012654,-0.0078244,-0.11677,-0.085164,0.0037395,0.0072894,0.009698,0.00042917,-0.0018554,-0.0010556,1,-0.0018292
b_7,-0.0010738,-0.0044539,-0.010861,-0.019666,0.0051012,-0.0018176,0.0012124,0.0026599,-0.00032121,0.0054113,0.00020384,0.0026292,-0.037764,0.013198,0.0023451,0.00064035,-0.00022184,0.0020765,-8.9045e-05,0.0062331,-0.003139,-0.0024786,1.0445e-05,0.0011559,-0.0031863,-9.2159e-05,-0.0028102,0.0021792,8.4683e-06,7.8392e-06,0.0013909,-0.0021617,0.0056352,0.036098,0.0022864,-0.0041931,-0.0033048,0.0071222,-0.0001098,-1.6819e-05,0.0041236,0.0023243,-0.084234,-0.1286,0.0061136,-0.0013366,0.0020908,0.0023442,-0.0018292,1
