b01_pop,1,-0.15001,0.041498,-0.094666,-0.0041405,0.00082802,-0.003814,0.003253,-0.00037498,-0.0024558,0.0034444,-0.0021344,-0.0019507,0.0026618,-0.0036962,0.0082768,-0.00055724,-0.0054409,-0.0029426,0.015749,0.00092181,0.0019338,nan,-0.0028772,-0.0024759,nan,0.0022912,-0.022343,nan,-0.012073,-0.0066488,-0.0068277,nan,0.015172,0.25279,0.11143,-0.023727,0.071056,-0.0061709,0.002151,0.0042953,8.5923e-05,-0.0038493,0.0032375,0.00090207,0.00081783,0.0086713,0.0055388,-0.00021027,-0.0047234,nan,0.0051208,-0.0023876,0.0015915,-1.5901e-05,-0.0027637,0.0032023
b11_pop,-0.15001,1,0.83632,-0.08149,-0.028161,-0.0021585,-0.012144,-0.0014786,-0.0013331,0.00031111,-0.0010075,-0.026483,0.015909,-0.049885,0.012402,-0.036622,-0.1682,0.16126,0.015775,0.016105,0.19983,-0.1738,nan,-0.010337,0.11626,nan,-0.14723,-0.09655,nan,-0.049536,0.026166,-0.086282,nan,0.062673,-0.051979,-0.81733,-0.74647,0.35593,0.0011431,-0.020127,-0.026447,-0.0076716,-0.001472,-0.039215,-0.011831,0.061298,-0.0049356,-0.027369,0.036639,-0.016074,nan,0.016368,-0.0081738,0.011804,-0.017746,-0.0030562,-0.01862
b21_pop,0.041498,0.83632,1,-0.066633,-0.034108,0.0032926,-0.012084,-0.0025467,-0.00079486,-0.0064356,0.0021772,-0.027967,0.017801,-0.054351,0.011269,-0.032992,-0.15677,0.15697,0.0039153,0.021987,0.18922,-0.17012,nan,-0.012034,0.10639,nan,-0.14874,-0.10949,nan,-0.056638,0.02823,-0.092547,nan,0.071603,0.035351,-0.74843,-0.87067,0.33899,0.0033843,-0.023506,-0.023657,-0.0095861,-0.0049923,-0.039335,-0.013719,0.06589,9.3373e-05,-0.026145,0.038482,-0.02114,nan,0.01878,-0.01101,0.015966,-0.018086,-0.0044964,-0.021066
a1_pop,-0.094666,-0.08149,-0.066633,1,0.011225,-0.0075095,0.011374,-0.0022924,2.0901e-05,0.011969,-0.0017789,-0.0021225,0.0038982,-0.0057473,0.0011237,-0.0007559,0.014905,-0.0069495,-0.012573,-0.00083622,-0.0060456,-0.0054575,nan,0.0021936,-0.017298,nan,-0.0087396,0.017669,nan,0.0091094,0.021886,0.0037256,nan,-0.011435,-0.028158,-0.1482,-0.063934,-0.69441,0.010496,-0.018442,0.0066441,-0.0092452,-0.00062226,0.01583,-0.0075535,-0.018076,0.0027192,0.003894,0.00073508,-0.010024,nan,-0.0068255,0.0032448,0.0095286,0.0027933,0.0091396,-0.014034
b02_pop,-0.0041405,-0.028161,-0.034108,0.011225,1,-0.27005,-0.00057314,-0.00045092,-7.8401e-05,0.0029465,0.0011982,-0.0012071,-0.0012792,0.0049879,-0.00057732,0.0011316,0.0081019,0.027461,-0.0043414,0.0023007,-0.0024256,0.0036243,nan,-9.0095e-05,0.00071564,nan,-0.0064985,-0.0011449,nan,-0.00047089,0.0060363,-0.0031141,nan,0.00060861,-0.0040434,0.023286,0.032352,-0.022409,0.00055058,-0.0018166,-0.00032233,0.00020833,0.0015051,0.0049568,0.0039154,-0.004394,-0.00018416,0.00070923,-0.001146,0.0042712,nan,-0.0037778,0.0018647,-0.0041047,0.0024498,0.00014796,-0.00070695
b12_pop,0.00082802,-0.0021585,0.0032926,-0.0075095,-0.27005,1,0.0037954,-0.0061981,-0.00035779,-0.0089017,-0.00094935,0.012678,0.002055,-0.0054344,0.0047531,0.018294,0.19985,-0.2134,0.016629,-0.039951,-0.18065,0.20159,nan,0.012211,-0.13376,nan,0.17163,0.11363,nan,0.058224,-0.039234,0.1024,nan,-0.073659,-0.0046094,0.0080963,-0.0034942,-0.010728,0.034288,0.028322,0.0037654,0.0043674,0.00022196,-0.006979,0.0048671,-0.0016426,0.00011141,-0.00093454,-0.01632,-0.0097951,nan,-0.025129,-0.0039391,0.0016167,-0.0075419,0.00056462,0.021336
b03_pop,-0.003814,-0.012144,-0.012084,0.011374,-0.00057314,0.0037954,1,-0.1737,-0.00052439,0.0017476,-0.00032545,0.0006987,-0.00015264,0.00063472,0.00024131,0.0022507,0.014957,-0.02369,0.001266,-0.0038715,-0.018176,0.016124,nan,0.0012612,-0.01209,nan,0.016394,0.011571,nan,0.0059357,-0.003203,0.010006,nan,-0.007506,-0.0065306,0.01022,0.010904,-0.01649,0.0023389,0.0019717,-0.0023307,0.019025,-0.00045679,-0.0021131,3.8777e-05,4.3105e-06,-0.00069287,-0.0011284,-0.0026578,0.0024922,nan,-0.00069332,-0.0049361,-0.00047934,0.00048869,0.00050586,0.0013574
b13_pop,0.003253,-0.0014786,-0.0025467,-0.0022924,-0.00045092,-0.0061981,-0.1737,1,-0.00046948,0.0020105,0.00058666,-0.0027486,-0.00016364,0.0024203,-0.002291,-0.00651,-0.058781,0.065249,-0.0047053,0.012088,0.054679,-0.051296,nan,-0.0036974,0.041874,nan,-0.049091,-0.03397,nan,-0.017478,0.010417,-0.029443,nan,0.022105,0.003264,-0.0006462,0.0036611,0.0039107,-0.0076778,-0.0038587,0.014675,-0.062989,0.00019689,0.0013101,-0.00095224,0.0016937,0.0019779,0.00042139,0.0043207,-0.00099675,nan,0.0023074,0.01206,-0.0018356,6.3748e-05,-0.0016293,-0.0069917
b04_pop,-0.00037498,-0.0013331,-0.00079486,2.0901e-05,-7.8401e-05,-0.00035779,-0.00052439,-0.00046948,1,-0.12207,0.00016978,-4.8019e-05,-0.00025705,-0.00082191,0.00015958,-0.00077616,0.00031761,-0.0015403,-0.00022301,-0.0058022,-0.00011172,0.0011242,nan,-4.9691e-05,-0.00025671,nan,0.0025223,-0.00030302,nan,-0.00019118,-0.008457,0.00095407,nan,0.00023412,-0.00032733,0.00087071,-0.00017379,0.0002285,0.00061908,0.00066251,-0.00011074,-0.00078477,-0.0018941,-0.0088237,-4.7237e-05,0.00011403,0.00018545,-0.0027345,-0.00043495,-0.00052044,nan,-0.00077496,0.00022909,0.0026364,-0.00031501,0.0014246,-0.00098088
b14_pop,-0.0024558,0.00031111,-0.0064356,0.011969,0.0029465,-0.0089017,0.0017476,0.0020105,-0.12207,1,-0.00099579,-0.00059808,-0.0011053,0.0040624,-0.00090276,-0.011342,-0.013591,0.038264,-0.038123,0.021726,0.020059,-0.029171,nan,-0.00059592,0.00496,nan,-0.053127,-0.0083315,nan,-0.0034798,0.11121,-0.029228,nan,0.0045074,0.00064329,-0.0020252,0.0086942,-0.012571,-0.0050097,-0.00035408,-0.0010626,0.0033406,-0.0067714,0.043008,-0.00199,0.0023753,-0.0027494,0.0087425,0.0060129,-0.0024834,nan,0.0030142,2.6547e-05,-0.00048852,0.0031416,-0.0028963,-0.002564
b05_pop,0.0034444,-0.0010075,0.0021772,-0.0017789,0.0011982,-0.00094935,-0.00032545,0.00058666,0.00016978,-0.00099579,1,-0.15992,-0.00021298,0.00018672,0.0008388,0.0026912,-0.0051786,-0.010891,0.00073283,0.038468,0.0017753,-0.00053976,nan,-0.0015441,0.0055574,nan,0.0032272,-0.011978,nan,-0.0064144,-0.0046218,-0.020447,nan,0.0080557,0.00039506,0.0022849,-0.0011339,0.00032993,0.00050643,0.00329,-0.00092755,0.0014095,-0.0003489,-0.0006103,0.043231,0.0006435,-0.00061645,-0.0005066,0.00033399,-0.00052062,nan,-0.00073968,0.00097503,0.0003373,-0.0099407,-0.0010982,-0.00089791
b15_pop,-0.0021344,-0.026483,-0.027967,-0.0021225,-0.0012071,0.012678,0.0006987,-0.0027486,-4.8019e-05,-0.00059808,-0.15992,1,-0.0017262,-0.00021522,0.00045861,-0.00068224,-0.013535,-0.0011561,0.1154,-0.10669,-0.017884,0.017527,nan,0.0092559,0.020629,nan,0.034805,0.075031,nan,0.039725,-0.02443,0.14227,nan,-0.050021,-0.0037418,0.021737,0.028977,-0.01854,0.0029747,-0.0096247,0.0011029,-0.0028262,0.00029423,0.0003704,-0.0072106,0.017493,-0.0012453,-0.00031182,-0.0043035,-0.0028436,nan,-0.00066765,-0.0014769,-0.00062009,-0.017074,0.00147,0.0055269
b06_pop,-0.0019507,0.015909,0.017801,0.0038982,-0.0012792,0.002055,-0.00015264,-0.00016364,-0.00025705,-0.0011053,-0.00021298,-0.0017262,1,-0.17617,9.3677e-05,0.00061755,0.00040335,-0.0055877,0.00097416,-0.00036605,-0.00045089,0.0022386,nan,-9.319e-05,0.00070571,nan,0.0041506,-0.00031509,nan,-0.00026053,-0.0015752,0.00065233,nan,0.0003174,-0.0022197,-0.014887,-0.017564,0.0012881,0.003063,-0.0015853,-0.0011319,-0.001544,-0.00023978,-0.0015959,-0.0012584,-0.00108,0.062177,-0.036781,-0.00042347,-0.0023467,nan,0.0001167,6.5745e-06,0.00064315,0.00057827,-0.018714,0.0012212
b16_pop,0.0026618,-0.049885,-0.054351,-0.0057473,0.0049879,-0.0054344,0.00063472,0.0024203,-0.00082191,0.0040624,0.00018672,-0.00021522,-0.17617,1,-7.6413e-05,-0.0035217,-0.013319,0.018489,-0.002548,0.0031384,0.0085738,-0.012058,nan,-0.00055613,0.0082086,nan,-0.014253,-0.0057225,nan,-0.0028513,0.0042658,-0.0073199,nan,0.0036213,0.0025573,0.049438,0.053672,-0.0095072,-0.0057499,-0.0026739,0.0046648,0.0018749,-3.7461e-05,0.002075,0.001884,0.0015966,-0.024724,0.11853,0.0013064,0.00053716,nan,0.00034627,0.00010724,-0.0010059,0.00098643,-0.020608,-0.0023685
b07_pop,-0.0036962,0.012402,0.011269,0.0011237,-0.00057732,0.0047531,0.00024131,-0.002291,0.00015958,-0.00090276,0.0008388,0.00045861,9.3677e-05,-7.6413e-05,1,-0.15654,0.0062533,-0.015606,0.002659,-0.0024674,-0.0099712,0.010843,nan,0.00065934,-0.0035264,nan,0.015633,0.0064576,nan,0.0033038,-0.0063202,0.0064565,nan,-0.0041927,-0.0014962,-0.011518,-0.011054,6.3884e-05,0.0028306,-0.0010074,0.00037424,0.00045497,-0.00012278,-0.00064361,0.001442,-0.00083398,0.00089707,0.0015912,0.096873,-0.043262,nan,-0.00069359,-0.00041068,0.0010487,-0.00027539,0.00012015,-0.033024
b17_pop,0.0082768,-0.036622,-0.032992,-0.0007559,0.0011316,0.018294,0.0022507,-0.00651,-0.00077616,-0.011342,0.0026912,-0.00068224,0.00061755,-0.0035217,-0.15654,1,0.055298,-0.10102,0.017618,-0.017496,-0.080007,0.092846,nan,0.0046116,-0.023519,nan,0.13375,0.048507,nan,0.023948,-0.054626,0.056471,nan,-0.030438,0.001341,0.032547,0.030126,-0.017422,0.014605,-0.0055722,-0.0015341,0.0018633,0.00081726,0.0053267,0.00017118,-0.0066118,-0.00196,-0.0016827,-0.08644,0.14462,nan,-0.0057822,0.00037069,-0.0021539,0.0020205,0.00016139,0.024332
p1_pop,-0.00055724,-0.1682,-0.15677,0.014905,0.0081019,0.19985,0.014957,-0.058781,0.00031761,-0.013591,-0.0051786,-0.013535,0.00040335,-0.013319,0.0062533,0.055298,1,-0.72848,-0.022141,-0.14172,-0.83457,0.85785,nan,0.05429,-0.79901,nan,0.49676,0.48544,nan,0.25188,0.00033049,0.36103,nan,-0.31808,-0.023754,0.15451,0.16432,-0.16889,0.12175,-0.0096044,0.019877,-0.010475,0.0021198,0.013854,0.020233,-0.084664,-0.003979,-0.001727,-0.061465,-0.0095515,nan,-0.058841,-0.0041335,-0.0038816,-0.01187,0.0036104,0.061977
g1_pop,-0.0054409,0.16126,0.15697,-0.0069495,0.027461,-0.2134,-0.02369,0.065249,-0.0015403,0.038264,-0.010891,-0.0011561,-0.0055877,0.018489,-0.015606,-0.10102,-0.72848,1,-0.08713,0.16178,0.78761,-0.76386,nan,-0.051089,0.49011,nan,-0.82996,-0.48188,nan,-0.24594,0.23065,-0.42878,nan,0.31136,0.01296,-0.1416,-0.15937,0.13226,-0.12498,0.025762,-0.021643,0.011069,-0.0057496,-0.010502,-0.035117,0.077729,0.00093787,0.0058972,0.095409,0.011933,nan,0.05383,0.0055087,0.0042605,0.01075,-0.0031188,-0.10084
p2_pop,-0.0029426,0.015775,0.0039153,-0.012573,-0.0043414,0.016629,0.001266,-0.0047053,-0.00022301,-0.038123,0.00073283,0.1154,0.00097416,-0.002548,0.002659,0.017618,-0.022141,-0.08713,1,-0.19467,-0.026719,0.031397,nan,0.016179,0.054638,nan,0.13571,0.13445,nan,0.070419,-0.15824,0.22527,nan,-0.088762,-0.0021168,0.0049866,-0.0051722,0.018246,0.0058616,-0.0043123,-0.00052283,-0.00022945,0.0023085,-0.0018513,0.0093267,0.03097,-0.00020123,-0.0022757,-0.014777,-0.00076237,nan,-0.0017372,-0.00078039,-0.00093833,-0.012013,0.00014296,0.016511
g2_pop,0.015749,0.016105,0.021987,-0.00083622,0.0023007,-0.039951,-0.0038715,0.012088,-0.0058022,0.021726,0.038468,-0.10669,-0.00036605,0.0031384,-0.0024674,-0.017496,-0.14172,0.16178,-0.19467,1,0.17697,-0.14889,nan,-0.039686,0.10074,nan,-0.14965,-0.32544,nan,-0.17228,0.020245,-0.39562,nan,0.21694,0.02144,-0.037253,-0.025314,0.04823,-0.023738,0.0038934,-0.0039959,0.0025182,-0.002156,-0.0054312,-0.017518,0.0029027,0.0020041,0.00047103,0.017983,0.0025176,nan,0.010465,0.0016914,0.0020732,0.014475,-0.0010339,-0.018152
alpha11_pop,0.00092181,0.19983,0.18922,-0.0060456,-0.0024256,-0.18065,-0.018176,0.054679,-0.00011172,0.020059,0.0017753,-0.017884,-0.00045089,0.0085738,-0.0099712,-0.080007,-0.83457,0.78761,-0.026719,0.17697,1,-0.80842,nan,-0.065918,0.59572,nan,-0.655,-0.58835,nan,-0.30511,0.062456,-0.41467,nan,0.38537,0.03199,-0.21711,-0.20447,0.20945,-0.1189,0.0061309,-0.021603,0.0094999,-0.0038215,-0.019572,-0.0255,0.073392,0.0047266,-0.0016221,0.079176,0.0080664,nan,0.056653,0.0039238,0.0044531,0.010014,-0.0022953,-0.078741
alpha12_pop,0.0019338,-0.1738,-0.17012,-0.0054575,0.0036243,0.20159,0.016124,-0.051296,0.0011242,-0.029171,-0.00053976,0.017527,0.0022386,-0.012058,0.010843,0.092846,0.85785,-0.76386,0.031397,-0.14889,-0.80842,1,nan,0.051915,-0.54024,nan,0.72738,0.48532,nan,0.24892,-0.14147,0.4208,nan,-0.3149,-0.020178,0.16767,0.17624,-0.14387,0.14637,0.012347,0.019696,-0.0085981,0.0046171,0.010062,0.027315,-0.067326,-0.0027401,-0.0025411,-0.086253,-0.0093455,nan,-0.070251,-0.0042882,-0.004791,-0.012272,0.0029946,0.089394
alpha13_pop,nan,nan,nan,nan,nan,nan,nan,nan,nan,nan,nan,nan,nan,nan,nan,nan,nan,nan,nan,nan,nan,nan,nan,nan,nan,nan,nan,nan,nan,nan,nan,nan,nan,nan,nan,nan,nan,nan,nan,nan,nan,nan,nan,nan,nan,nan,nan,nan,nan,nan,nan,nan,nan,nan,nan,nan,nan
alpha14_pop,-0.0028772,-0.010337,-0.012034,0.0021936,-9.0095e-05,0.012211,0.0012612,-0.0036974,-4.9691e-05,-0.00059592,-0.0015441,0.0092559,-9.319e-05,-0.00055613,0.00065934,0.0046116,0.05429,-0.051089,0.016179,-0.039686,-0.065918,0.051915,nan,1,-0.039403,nan,0.039746,0.12166,nan,0.062767,0.013478,0.047144,nan,-0.18685,-0.0051398,0.013429,0.013108,-0.019275,0.0080744,-0.00068027,0.0014845,-0.00063795,0.00011168,0.0024053,0.0020011,-0.0035031,-0.00053693,0.0002172,-0.0048675,-0.00081392,nan,-0.0037369,-0.00027883,-0.00047382,-0.0013508,0.00025047,0.0047875
alpha15_pop,-0.0024759,0.11626,0.10639,-0.017298,0.00071564,-0.13376,-0.01209,0.041874,-0.00025671,0.00496,0.0055574,0.020629,0.00070571,0.0082086,-0.0035264,-0.023519,-0.79901,0.49011,0.054638,0.10074,0.59572,-0.54024,nan,-0.039403,1,nan,-0.24908,-0.34251,nan,-0.1788,-0.055212,-0.24968,nan,0.22553,0.014809,-0.10191,-0.1115,0.12392,-0.081765,0.014598,-0.019149,0.0045696,-0.00030991,-0.011132,-0.018872,0.064603,0.0030163,-0.00066291,0.031579,0.0062893,nan,0.037611,0.0053144,0.0030229,0.025705,-0.0021794,-0.032398
alpha16_pop,nan,nan,nan,nan,nan,nan,nan,nan,nan,nan,nan,nan,nan,nan,nan,nan,nan,nan,nan,nan,nan,nan,nan,nan,nan,nan,nan,nan,nan,nan,nan,nan,nan,nan,nan,nan,nan,nan,nan,nan,nan,nan,nan,nan,nan,nan,nan,nan,nan,nan,nan,nan,nan,nan,nan,nan,nan
alpha17_pop,0.0022912,-0.14723,-0.14874,-0.0087396,-0.0064985,0.17163,0.016394,-0.049091,0.0025223,-0.053127,0.0032272,0.034805,0.0041506,-0.014253,0.015633,0.13375,0.49676,-0.82996,0.13571,-0.14965,-0.655,0.72738,nan,0.039746,-0.24908,nan,1,0.40322,nan,0.20176,-0.38311,0.43823,nan,-0.25615,-0.013938,0.14204,0.15081,-0.10413,0.10677,-0.0029414,0.014525,-0.0057945,0.0082671,0.0061851,0.028723,-0.044954,-0.00022599,-0.0044423,-0.11617,-0.010051,nan,-0.049915,-0.0037193,-0.0052838,-0.011845,0.0018106,0.12257
alpha21_pop,-0.022343,-0.09655,-0.10949,0.017669,-0.0011449,0.11363,0.011571,-0.03397,-0.00030302,-0.0083315,-0.011978,0.075031,-0.00031509,-0.0057225,0.0064576,0.048507,0.48544,-0.48188,0.13445,-0.32544,-0.58835,0.48532,nan,0.12166,-0.34251,nan,0.40322,1,nan,0.52969,0.086615,0.41106,nan,-0.66705,-0.042017,0.1201,0.1181,-0.16429,0.074789,-0.0055521,0.013191,-0.0058641,0.0013935,0.020054,0.018454,-0.032989,-0.0043551,0.0012743,-0.048924,-0.0072544,nan,-0.034765,-0.0025692,-0.0038546,-0.011729,0.0021086,0.048627
alpha22_pop,nan,nan,nan,nan,nan,nan,nan,nan,nan,nan,nan,nan,nan,nan,nan,nan,nan,nan,nan,nan,nan,nan,nan,nan,nan,nan,nan,nan,nan,nan,nan,nan,nan,nan,nan,nan,nan,nan,nan,nan,nan,nan,nan,nan,nan,nan,nan,nan,nan,nan,nan,nan,nan,nan,nan,nan,nan
alpha23_pop,-0.012073,-0.049536,-0.056638,0.0091094,-0.00047089,0.058224,0.0059357,-0.017478,-0.00019118,-0.0034798,-0.0064144,0.039725,-0.00026053,-0.0028513,0.0033038,0.023948,0.25188,-0.24594,0.070419,-0.17228,-0.30511,0.24892,nan,0.062767,-0.1788,nan,0.20176,0.52969,nan,1,0.05175,0.21373,nan,-0.79477,-0.022325,0.062378,0.061323,-0.086016,0.038434,-0.0028477,0.0068667,-0.0029507,0.00064279,0.010657,0.0094233,-0.016809,-0.0023043,0.00079858,-0.024521,-0.0038146,nan,-0.017834,-0.0013122,-0.0021832,-0.0060648,0.0011222,0.024373
alpha24_pop,-0.0066488,0.026166,0.02823,0.021886,0.0060363,-0.039234,-0.003203,0.010417,-0.008457,0.11121,-0.0046218,-0.02443,-0.0015752,0.0042658,-0.0063202,-0.054626,0.00033049,0.23065,-0.15824,0.020245,0.062456,-0.14147,nan,0.013478,-0.055212,nan,-0.38311,0.086615,nan,0.05175,1,-0.096401,nan,-0.064108,-0.0068521,-0.022945,-0.025829,-0.024195,-0.020314,0.0016879,-0.00098179,-0.00049297,-0.015466,0.02897,-0.010789,-0.0076542,-0.00096266,0.0044088,0.043449,0.00063,nan,0.0091006,0.00076167,0.0019168,0.005215,-0.0017335,-0.047042
alpha25_pop,-0.0068277,-0.086282,-0.092547,0.0037256,-0.0031141,0.1024,0.010006,-0.029443,0.00095407,-0.029228,-0.020447,0.14227,0.00065233,-0.0073199,0.0064565,0.056471,0.36103,-0.42878,0.22527,-0.39562,-0.41467,0.4208,nan,0.047144,-0.24968,nan,0.43823,0.41106,nan,0.21373,-0.096401,1,nan,-0.26986,-0.018314,0.094337,0.094009,-0.088573,0.062154,-0.0040306,0.010654,-0.0057417,0.0032682,0.0080095,0.036256,-0.060701,-0.0023806,-0.0011831,-0.052845,-0.0061683,nan,-0.028889,-0.0032866,-0.0033991,-0.024089,0.0021633,0.054254
alpha26_pop,nan,nan,nan,nan,nan,nan,nan,nan,nan,nan,nan,nan,nan,nan,nan,nan,nan,nan,nan,nan,nan,nan,nan,nan,nan,nan,nan,nan,nan,nan,nan,nan,nan,nan,nan,nan,nan,nan,nan,nan,nan,nan,nan,nan,nan,nan,nan,nan,nan,nan,nan,nan,nan,nan,nan,nan,nan
alpha27_pop,0.015172,0.062673,0.071603,-0.011435,0.00060861,-0.073659,-0.007506,0.022105,0.00023412,0.0045074,0.0080557,-0.050021,0.0003174,0.0036213,-0.0041927,-0.030438,-0.31808,0.31136,-0.088762,0.21694,0.38537,-0.3149,nan,-0.18685,0.22553,nan,-0.25615,-0.66705,nan,-0.79477,-0.064108,-0.26986,nan,1,0.028107,-0.078804,-0.077501,0.10844,-0.048608,0.0035881,-0.008673,0.0037267,-0.00082903,-0.013415,-0.011922,0.021265,0.0028988,-0.00099301,0.031118,0.004822,nan,0.022556,0.0016595,0.0027582,0.0076536,-0.0014162,-0.030947
omega_b01,0.25279,-0.051979,0.035351,-0.028158,-0.0040434,-0.0046094,-0.0065306,0.003264,-0.00032733,0.00064329,0.00039506,-0.0037418,-0.0022197,0.0025573,-0.0014962,0.001341,-0.023754,0.01296,-0.0021168,0.02144,0.03199,-0.020178,nan,-0.0051398,0.014809,nan,-0.013938,-0.042017,nan,-0.022325,-0.0068521,-0.018314,nan,0.028107,1,-0.0079644,-0.053065,0.088017,-0.0098905,-0.0012597,0.002044,0.00049001,-0.0045378,-0.0010801,-0.00060113,0.0042954,0.012442,0.0013096,0.0050787,-0.010843,nan,0.0068138,-0.0014872,0.0017991,-0.00066601,-0.0032546,0.0003641
omega_b11,0.11143,-0.81733,-0.74843,-0.1482,0.023286,0.0080963,0.01022,-0.0006462,0.00087071,-0.0020252,0.0022849,0.021737,-0.014887,0.049438,-0.011518,0.032547,0.15451,-0.1416,0.0049866,-0.037253,-0.21711,0.16767,nan,0.013429,-0.10191,nan,0.14204,0.1201,nan,0.062378,-0.022945,0.094337,nan,-0.078804,-0.0079644,1,0.73327,-0.26031,0.0041212,0.027145,0.025501,0.007477,0.0024354,0.037847,0.012168,-0.053139,0.0019367,0.028542,-0.035447,0.020509,nan,-0.017577,0.0060611,-0.013831,0.017124,0.00010321,0.019334
omega_b21,-0.023727,-0.74647,-0.87067,-0.063934,0.032352,-0.0034942,0.010904,0.0036611,-0.00017379,0.0086942,-0.0011339,0.028977,-0.017564,0.053672,-0.011054,0.030126,0.16432,-0.15937,-0.0051722,-0.025314,-0.20447,0.17624,nan,0.013108,-0.1115,nan,0.15081,0.1181,nan,0.061323,-0.025829,0.094009,nan,-0.077501,-0.053065,0.73327,1,-0.30373,-0.00014696,0.024813,0.026236,0.0080551,0.0049791,0.033659,0.013101,-0.061961,-0.0023577,0.025772,-0.03853,0.024134,nan,-0.019597,0.0084666,-0.01507,0.016446,0.003748,0.026092
omega_a1,0.071056,0.35593,0.33899,-0.69441,-0.022409,-0.010728,-0.01649,0.0039107,0.0002285,-0.012571,0.00032993,-0.01854,0.0012881,-0.0095072,6.3884e-05,-0.017422,-0.16889,0.13226,0.018246,0.04823,0.20945,-0.14387,nan,-0.019275,0.12392,nan,-0.10413,-0.16429,nan,-0.086016,-0.024195,-0.088573,nan,0.10844,0.088017,-0.26031,-0.30373,1,-0.029777,0.0016366,-0.024421,0.010782,-0.0029764,-0.034815,0.0024747,0.044682,0.0021458,-0.01798,0.020154,0.0027874,nan,0.023467,-0.002389,-0.0031513,-0.0080496,-0.0088877,-0.0010232
omega_b02,-0.0061709,0.0011431,0.0033843,0.010496,0.00055058,0.034288,0.0023389,-0.0076778,0.00061908,-0.0050097,0.00050643,0.0029747,0.003063,-0.0057499,0.0028306,0.014605,0.12175,-0.12498,0.0058616,-0.023738,-0.1189,0.14637,nan,0.0080744,-0.081765,nan,0.10677,0.074789,nan,0.038434,-0.020314,0.062154,nan,-0.048608,-0.0098905,0.0041212,-0.00014696,-0.029777,1,-0.086535,0.0048543,-0.0027872,0.00060509,0.00049366,0.0038535,-0.0099411,0.00076928,-0.00089271,-0.012095,-0.003767,nan,-0.11862,0.00019115,0.0028155,-0.00074701,9.3731e-05,0.011052
omega_b12,0.002151,-0.020127,-0.023506,-0.018442,-0.0018166,0.028322,0.0019717,-0.0038587,0.00066251,-0.00035408,0.00329,-0.0096247,-0.0015853,-0.0026739,-0.0010074,-0.0055722,-0.0096044,0.025762,-0.0043123,0.0038934,0.0061309,0.012347,nan,-0.00068027,0.014598,nan,-0.0029414,-0.0055521,nan,-0.0028477,0.0016879,-0.0040306,nan,0.0035881,-0.0012597,0.027145,0.024813,0.0016366,-0.086535,1,-1.5767e-05,0.0023987,0.0012306,-0.0027714,-0.00085252,-0.003004,-0.0017616,-0.0015503,-0.0018106,0.0008094,nan,-0.038006,-0.00062733,-0.0040069,-0.00092435,0.0012894,0.00090771
omega_b03,0.0042953,-0.026447,-0.023657,0.0066441,-0.00032233,0.0037654,-0.0023307,0.014675,-0.00011074,-0.0010626,-0.00092755,0.0011029,-0.0011319,0.0046648,0.00037424,-0.0015341,0.019877,-0.021643,-0.00052283,-0.0039959,-0.021603,0.019696,nan,0.0014845,-0.019149,nan,0.014525,0.013191,nan,0.0068667,-0.00098179,0.010654,nan,-0.008673,0.002044,0.025501,0.026236,-0.024421,0.0048543,-1.5767e-05,1,-0.042393,-0.00090316,-0.00037254,0.0016949,-0.00057996,0.00087066,-0.0047703,-0.0015201,-0.0024094,nan,-0.00257,-0.076311,0.00013372,-0.0012894,0.00076018,0.0014801
omega_b13,8.5923e-05,-0.0076716,-0.0095861,-0.0092452,0.00020833,0.0043674,0.019025,-0.062989,-0.00078477,0.0033406,0.0014095,-0.0028262,-0.001544,0.0018749,0.00045497,0.0018633,-0.010475,0.011069,-0.00022945,0.0025182,0.0094999,-0.0085981,nan,-0.00063795,0.0045696,nan,-0.0057945,-0.0058641,nan,-0.0029507,-0.00049297,-0.0057417,nan,0.0037267,0.00049001,0.007477,0.0080551,0.010782,-0.0027872,0.0023987,-0.042393,1,-0.00038867,-0.0032421,0.0027527,0.00063081,-0.002138,0.0013852,-0.00036319,0.0044656,nan,0.00066956,-0.04488,0.0035754,-0.00042439,0.00012985,-0.00023773
omega_b04,-0.0038493,-0.001472,-0.0049923,-0.00062226,0.0015051,0.00022196,-0.00045679,0.00019689,-0.0018941,-0.0067714,-0.0003489,0.00029423,-0.00023978,-3.7461e-05,-0.00012278,0.00081726,0.0021198,-0.0057496,0.0023085,-0.002156,-0.0038215,0.0046171,nan,0.00011168,-0.00030991,nan,0.0082671,0.0013935,nan,0.00064279,-0.015466,0.0032682,nan,-0.00082903,-0.0045378,0.0024354,0.0049791,-0.0029764,0.00060509,0.0012306,-0.00090316,-0.00038867,1,-0.0093364,-0.00045033,0.0007512,0.00016716,-0.0038248,-0.0021221,-0.00022182,nan,-0.0004465,0.00047084,-0.048725,-0.00047277,0.00083718,0.0012846
omega_b14,0.0032375,-0.039215,-0.039335,0.01583,0.0049568,-0.006979,-0.0021131,0.0013101,-0.0088237,0.043008,-0.0006103,0.0003704,-0.0015959,0.002075,-0.00064361,0.0053267,0.013854,-0.010502,-0.0018513,-0.0054312,-0.019572,0.010062,nan,0.0024053,-0.011132,nan,0.0061851,0.020054,nan,0.010657,0.02897,0.0080095,nan,-0.013415,-0.0010801,0.037847,0.033659,-0.034815,0.00049366,-0.0027714,-0.00037254,-0.0032421,-0.0093364,1,0.0015635,-0.0041854,-0.0039377,0.006603,-0.0042332,-2.1678e-05,nan,0.00029373,0.003066,-0.09423,-0.00019249,-0.00024634,0.0052969
omega_b05,0.00090207,-0.011831,-0.013719,-0.0075535,0.0039154,0.0048671,3.8777e-05,-0.00095224,-4.7237e-05,-0.00199,0.043231,-0.0072106,-0.0012584,0.001884,0.001442,0.00017118,0.020233,-0.035117,0.0093267,-0.017518,-0.0255,0.027315,nan,0.0020011,-0.018872,nan,0.028723,0.018454,nan,0.0094233,-0.010789,0.036256,nan,-0.011922,-0.00060113,0.012168,0.013101,0.0024747,0.0038535,-0.00085252,0.0016949,0.0027527,-0.00045033,0.0015635,1,-0.034956,-0.0024614,0.0019415,-0.0031211,-0.00064775,nan,-0.0014779,-0.00058958,0.00031804,-0.089502,0.00012872,0.0032573
omega_b15,0.00081783,0.061298,0.06589,-0.018076,-0.004394,-0.0016426,4.3105e-06,0.0016937,0.00011403,0.0023753,0.0006435,0.017493,-0.00108,0.0015966,-0.00083398,-0.0066118,-0.084664,0.077729,0.03097,0.0029027,0.073392,-0.067326,nan,-0.0035031,0.064603,nan,-0.044954,-0.032989,nan,-0.016809,-0.0076542,-0.060701,nan,0.021265,0.0042954,-0.053139,-0.061961,0.044682,-0.0099411,-0.003004,-0.00057996,0.00063081,0.0007512,-0.0041854,-0.034956,1,0.0010408,0.0020971,0.0052719,0.0022939,nan,0.0055485,-0.0017266,-0.00063795,-0.089938,-0.0013295,-0.0051681
omega_b06,0.0086713,-0.0049356,9.3373e-05,0.0027192,-0.00018416,0.00011141,-0.00069287,0.0019779,0.00018545,-0.0027494,-0.00061645,-0.0012453,0.062177,-0.024724,0.00089707,-0.00196,-0.003979,0.00093787,-0.00020123,0.0020041,0.0047266,-0.0027401,nan,-0.00053693,0.0030163,nan,-0.00022599,-0.0043551,nan,-0.0023043,-0.00096266,-0.0023806,nan,0.0028988,0.012442,0.0019367,-0.0023577,0.0021458,0.00076928,-0.0017616,0.00087066,-0.002138,0.00016716,-0.0039377,-0.0024614,0.0010408,1,-0.01074,0.0011662,-0.0015202,nan,0.00032498,0.00073134,-0.00058111,-0.00057123,-0.10679,-8.8779e-05
omega_b16,0.0055388,-0.027369,-0.026145,0.003894,0.00070923,-0.00093454,-0.0011284,0.00042139,-0.0027345,0.0087425,-0.0005066,-0.00031182,-0.036781,0.11853,0.0015912,-0.0016827,-0.001727,0.0058972,-0.0022757,0.00047103,-0.0016221,-0.0025411,nan,0.0002172,-0.00066291,nan,-0.0044423,0.0012743,nan,0.00079858,0.0044088,-0.0011831,nan,-0.00099301,0.0013096,0.028542,0.025772,-0.01798,-0.00089271,-0.0015503,-0.0047703,0.0013852,-0.0038248,0.006603,0.0019415,0.0020971,-0.01074,1,0.000374,0.0052414,nan,-0.00056792,-0.00048138,-0.0026333,0.0003906,-0.07857,-0.0018947
omega_b07,-0.00021027,0.036639,0.038482,0.00073508,-0.001146,-0.01632,-0.0026578,0.0043207,-0.00043495,0.0060129,0.00033399,-0.0043035,-0.00042347,0.0013064,0.096873,-0.08644,-0.061465,0.095409,-0.014777,0.017983,0.079176,-0.086253,nan,-0.0048675,0.031579,nan,-0.11617,-0.048924,nan,-0.024521,0.043449,-0.052845,nan,0.031118,0.0050787,-0.035447,-0.03853,0.020154,-0.012095,-0.0018106,-0.0015201,-0.00036319,-0.0021221,-0.0042332,-0.0031211,0.0052719,0.0011662,0.000374,1,-0.024279,nan,0.0064787,-0.00068454,0.0016166,0.0013023,0.0012276,-0.11596
omega_b17,-0.0047234,-0.016074,-0.02114,-0.010024,0.0042712,-0.0097951,0.0024922,-0.00099675,-0.00052044,-0.0024834,-0.00052062,-0.0028436,-0.0023467,0.00053716,-0.043262,0.14462,-0.0095515,0.011933,-0.00076237,0.0025176,0.0080664,-0.0093455,nan,-0.00081392,0.0062893,nan,-0.010051,-0.0072544,nan,-0.0038146,0.00063,-0.0061683,nan,0.004822,-0.010843,0.020509,0.024134,0.0027874,-0.003767,0.0008094,-0.0024094,0.0044656,-0.00022182,-2.1678e-05,-0.00064775,0.0022939,-0.0015202,0.0052414,-0.024279,1,nan,0.000429,0.001215,0.00024993,0.002832,0.00102,-0.089426
b_1,nan,nan,nan,nan,nan,nan,nan,nan,nan,nan,nan,nan,nan,nan,nan,nan,nan,nan,nan,nan,nan,nan,nan,nan,nan,nan,nan,nan,nan,nan,nan,nan,nan,nan,nan,nan,nan,nan,nan,nan,nan,nan,nan,nan,nan,nan,nan,nan,nan,nan,nan,nan,nan,nan,nan,nan,nan
a_2,0.0051208,0.016368,0.01878,-0.0068255,-0.0037778,-0.025129,-0.00069332,0.0023074,-0.00077496,0.0030142,-0.00073968,-0.00066765,0.0001167,0.00034627,-0.00069359,-0.0057822,-0.058841,0.05383,-0.0017372,0.010465,0.056653,-0.070251,nan,-0.0037369,0.037611,nan,-0.049915,-0.034765,nan,-0.017834,0.0091006,-0.028889,nan,0.022556,0.0068138,-0.017577,-0.019597,0.023467,-0.11862,-0.038006,-0.00257,0.00066956,-0.0004465,0.00029373,-0.0014779,0.0055485,0.00032498,-0.00056792,0.0064787,0.000429,nan,1,-7.2608e-05,-5.9172e-05,0.00092606,-0.00045974,-0.0062595
a_3,-0.0023876,-0.0081738,-0.01101,0.0032448,0.0018647,-0.0039391,-0.0049361,0.01206,0.00022909,2.6547e-05,0.00097503,-0.0014769,6.5745e-06,0.00010724,-0.00041068,0.00037069,-0.0041335,0.0055087,-0.00078039,0.0016914,0.0039238,-0.0042882,nan,-0.00027883,0.0053144,nan,-0.0037193,-0.0025692,nan,-0.0013122,0.00076167,-0.0032866,nan,0.0016595,-0.0014872,0.0060611,0.0084666,-0.002389,0.00019115,-0.00062733,-0.076311,-0.04488,0.00047084,0.003066,-0.00058958,-0.0017266,0.00073134,-0.00048138,-0.00068454,0.001215,nan,-7.2608e-05,1,-0.00090845,0.0014054,0.00028169,-0.0015507
a_4,0.0015915,0.011804,0.015966,0.0095286,-0.0041047,0.0016167,-0.00047934,-0.0018356,0.0026364,-0.00048852,0.0003373,-0.00062009,0.00064315,-0.0010059,0.0010487,-0.0021539,-0.0038816,0.0042605,-0.00093833,0.0020732,0.0044531,-0.004791,nan,-0.00047382,0.0030229,nan,-0.0052838,-0.0038546,nan,-0.0021832,0.0019168,-0.0033991,nan,0.0027582,0.0017991,-0.013831,-0.01507,-0.0031513,0.0028155,-0.0040069,0.00013372,0.0035754,-0.048725,-0.09423,0.00031804,-0.00063795,-0.00058111,-0.0026333,0.0016166,0.00024993,nan,-5.9172e-05,-0.00090845,1,-0.0003612,0.0031426,-0.0016905
b_5,-1.5901e-05,-0.017746,-0.018086,0.0027933,0.0024498,-0.0075419,0.00048869,6.3748e-05,-0.00031501,0.0031416,-0.0099407,-0.017074,0.00057827,0.00098643,-0.00027539,0.0020205,-0.01187,0.01075,-0.012013,0.014475,0.010014,-0.012272,nan,-0.0013508,0.025705,nan,-0.011845,-0.011729,nan,-0.0060648,0.005215,-0.024089,nan,0.0076536,-0.00066601,0.017124,0.016446,-0.0080496,-0.00074701,-0.00092435,-0.0012894,-0.00042439,-0.00047277,-0.00019249,-0.089502,-0.089938,-0.00057123,0.0003906,0.0013023,0.002832,nan,0.00092606,0.0014054,-0.0003612,1,0.00079407,-0.0013301
b_6,-0.0027637,-0.0030562,-0.0044964,0.0091396,0.00014796,0.00056462,0.00050586,-0.0016293,0.0014246,-0.0028963,-0.0010982,0.00147,-0.018714,-0.020608,0.00012015,0.00016139,0.0036104,-0.0031188,0.00014296,-0.0010339,-0.0022953,0.0029946,nan,0.00025047,-0.0021794,nan,0.0018106,0.0021086,nan,0.0011222,-0.0017335,0.0021633,nan,-0.0014162,-0.0032546,0.00010321,0.003748,-0.0088877,9.3731e-05,0.0012894,0.00076018,0.00012985,0.00083718,-0.00024634,0.00012872,-0.0013295,-0.10679,-0.07857,0.0012276,0.00102,nan,-0.00045974,0.00028169,0.0031426,0.00079407,1,-0.00011261
b_7,0.0032023,-0.01862,-0.021066,-0.014034,-0.00070695,0.021336,0.0013574,-0.0069917,-0.00098088,-0.002564,-0.00089791,0.0055269,0.0012212,-0.0023685,-0.033024,0.024332,0.061977,-0.10084,0.016511,-0.018152,-0.078741,0.089394,nan,0.0047875,-0.032398,nan,0.12257,0.048627,nan,0.024373,-0.047042,0.054254,nan,-0.030947,0.0003641,0.019334,0.026092,-0.0010232,0.011052,0.00090771,0.0014801,-0.00023773,0.0012846,0.0052969,0.0032573,-0.0051681,-8.8779e-05,-0.0018947,-0.11596,-0.089426,nan,-0.0062595,-0.0015507,-0.0016905,-0.0013301,-0.00011261,1
