b01_pop,1,-0.019799,0.066993,-0.06567,-0.0044323,0.014312,0.0058774,-0.0020637,-0.0034673,0.0053738,-0.0059023,0.0044105,-0.006054,0.0010909,-0.0016774,0.0041414,0.0068908,-0.0085551,0.00010956,0.0034293,0.0053451,0.0019835,-0.0076386,0.00094445,-0.0010702,-0.00096661,-0.0092539,-0.018105,-0.00088552,nan,0.00037893,-0.00086582,0.00092741,0.0083945,0.10384,0.0090445,-0.058566,0.029961,0.014436,0.0042012,0.0034512,0.0053524,0.00053097,0.0068055,-0.0050239,-0.0048061,-0.00016832,nan,-0.0064188,-0.0040194,0.045498,-0.0049376,0.0020956,0.0035188,0.0019309,nan,-0.0042161
b11_pop,-0.019799,1,0.94807,-0.55438,-0.032225,0.16334,0.044437,-0.023934,-0.026244,0.14267,-0.085801,-0.00057667,-0.12293,0.023062,0.0054309,0.035159,0.0078481,-0.055637,0.047879,-0.026471,0.45433,0.025374,-0.05402,-0.064101,0.063331,0.065145,-0.084078,-0.073659,0.058534,nan,0.045961,0.055688,-0.059675,0.031874,-0.64312,-0.94757,-0.9123,0.87438,0.10501,0.097682,0.026865,-0.027562,0.02526,0.11777,-0.07226,-0.064877,-0.049972,nan,-0.095941,-0.1236,0.88055,-0.083623,0.0017955,0.044771,-0.0098325,nan,-0.039582
b21_pop,0.066993,0.94807,1,-0.58855,-0.034357,0.16888,0.046764,-0.023837,-0.027645,0.14172,-0.089541,0.0049043,-0.12752,0.023784,0.0034467,0.042225,0.022047,-0.056629,0.038741,-0.031242,0.44597,0.029718,-0.060825,-0.061712,0.060869,0.062714,-0.08414,-0.088547,0.056341,nan,0.047928,0.053574,-0.057417,0.034547,-0.65486,-0.91573,-0.95199,0.86876,0.11246,0.10118,0.028464,-0.026214,0.025744,0.11874,-0.076988,-0.071564,-0.051015,nan,-0.1006,-0.12728,0.91978,-0.086182,0.0040875,0.046759,-0.0085354,nan,-0.0391
a1_pop,-0.06567,-0.55438,-0.58855,1,0.022063,-0.1137,-0.021166,0.0084935,0.020651,-0.086689,0.060298,-0.016444,0.081837,-0.044828,0.010072,-0.041866,-0.019581,0.024368,-0.018273,0.026264,-0.24624,-0.025819,0.037008,0.028468,-0.028412,-0.028937,0.047553,0.071831,-0.026068,nan,-0.0251,-0.024792,0.026601,-0.030051,0.41973,0.44406,0.51662,-0.74199,-0.077496,-0.066944,-0.018062,0.02687,-0.017346,-0.044555,0.032395,0.056096,0.045493,nan,0.066015,0.080068,-0.59898,0.048915,-0.0046015,-0.026837,0.014293,nan,0.023765
b02_pop,-0.0044323,-0.032225,-0.034357,0.022063,1,-0.26182,0.00042891,0.0031532,0.002703,-0.010832,0.00080761,0.0017682,0.0053999,-0.0012544,0.0017844,-0.0064704,0.0048052,0.029884,-0.00092016,0.0032417,-0.016303,0.019484,0.0083198,0.01261,-0.011974,-0.012813,0.012634,-0.0020758,-0.011417,nan,-0.0042687,-0.010835,0.011597,-0.0041628,0.026463,0.031597,0.037994,-0.034183,-0.027377,-0.016681,-0.00040201,0.0025448,-0.003174,-0.0014656,0.0059884,0.0037654,0.00046815,nan,0.0060077,0.010283,-0.036068,0.012281,-3.3886e-05,5.4602e-05,0.00087173,nan,0.0026625
b12_pop,0.014312,0.16334,0.16888,-0.1137,-0.26182,1,0.0052395,-0.00017076,-0.007461,0.033422,-0.013483,-0.0015857,-0.020958,0.005605,-0.0023205,0.022216,0.046697,-0.049518,0.0075603,-0.007794,0.058439,0.020843,-0.017198,-0.0060709,0.0054163,0.0061426,-0.020209,-0.011578,0.0054329,nan,0.010582,0.0051173,-0.0054446,0.009234,-0.11432,-0.15842,-0.16942,0.16409,-0.0028192,0.063785,0.0044623,-0.0023871,0.0066385,0.02162,-0.016361,-0.012115,-0.016913,nan,-0.019839,-0.035966,0.16189,-0.015478,-0.00014272,0.0041742,-0.0025121,nan,-0.0077763
b03_pop,0.0058774,0.044437,0.046764,-0.021166,0.00042891,0.0052395,1,-0.16778,-0.0013429,0.0069602,-0.0057048,0.0026801,-0.0042501,-0.0076521,-0.00067787,0.00063412,-0.0061294,-0.027183,-0.0011646,0.00044986,0.021146,0.0052471,0.013282,0.0010279,-0.0013683,-0.0010652,-0.010534,0.0045025,-0.0010087,nan,0.0028543,-0.00099163,0.0010926,-0.0022973,-0.026269,-0.044055,-0.047591,0.038866,0.0055478,0.0030505,-0.00076143,0.014709,0.0020118,0.0011285,-0.0055052,-0.0033337,-0.0040524,nan,-0.0068446,-0.0033774,0.037905,-0.0042698,-0.0067491,0.0019289,0.002754,nan,-0.0023144
b13_pop,-0.0020637,-0.023934,-0.023837,0.0084935,0.0031532,-0.00017076,-0.16778,1,0.001721,-0.0040753,0.0040949,-0.0027288,0.0028655,0.0051774,0.0023632,-0.0077626,-0.067294,0.055082,-0.00050534,0.0045508,0.021283,-0.0044285,0.015756,-0.0014514,0.0024694,0.0015136,0.0098457,-0.0050994,0.0015308,nan,-0.002683,0.001543,-0.0017083,-0.0060119,0.014681,0.02294,0.027297,-0.019167,0.001113,-0.012974,0.0098466,-0.039274,-0.00070691,-0.0023139,0.0028956,-0.0080619,0.004747,nan,0.0058643,0.0010565,-0.019128,0.00035873,0.012603,-0.00094029,-0.0030122,nan,0.0022927
b04_pop,-0.0034673,-0.026244,-0.027645,0.020651,0.002703,-0.007461,-0.0013429,0.001721,1,-0.1253,0.0020227,-0.00011199,0.003398,0.0020319,-0.0001209,-0.0021097,-0.00068675,0.002782,0.00028974,-0.0039103,-0.013809,-0.00095339,0.0020454,0.0030523,-0.0029848,-0.0031015,0.0023822,0.0026417,-0.0027852,nan,-0.0061007,-0.0026416,0.0028314,-0.00094063,0.018363,0.024448,0.025853,-0.025731,-0.0047067,-0.0026937,-0.00085989,0.00093229,0.0030703,-0.010881,0.0011915,0.0012295,0.0029529,nan,0.0030437,0.0041647,-0.025676,0.0033264,0.00020265,0.00012215,0.0015869,nan,0.0017809
b14_pop,0.0053738,0.14267,0.14172,-0.086689,-0.010832,0.033422,0.0069602,-0.0040753,-0.1253,1,-0.017479,0.0096643,-0.014673,-0.0047351,0.004515,0.0035247,0.00041694,-0.011332,-0.020254,0.011186,0.072451,0.0011664,-0.0091737,-0.012133,0.012004,0.012338,-0.01004,-0.014928,0.011114,nan,0.031821,0.010537,-0.011312,-0.0011711,-0.095522,-0.13921,-0.13295,0.13417,0.021955,0.011467,0.0070126,-0.00089602,0.0035177,0.022232,-0.0094286,-0.0099445,-0.0064095,nan,-0.01104,-0.024584,0.1319,-0.01482,-0.0012184,0.0050589,-0.0074803,nan,-0.0070814
b05_pop,-0.0059023,-0.085801,-0.089541,0.060298,0.00080761,-0.013483,-0.0057048,0.0040949,0.0020227,-0.017479,1,-0.16251,0.011364,-0.0044893,-0.0017602,0.0032146,-0.0026393,0.0015404,-0.0036782,0.0019768,-0.046456,-0.0053823,0.0063535,0.0012343,-0.00081861,-0.0012325,0.0072262,0.0082904,-0.0010436,nan,-0.003647,-0.00096179,0.00099688,-0.001535,0.061632,0.082689,0.091209,-0.085524,-0.0066889,-0.017504,0.00042637,-0.003786,-0.0014442,-0.012339,0.037484,-0.0038734,0.0060219,nan,0.010387,0.0096536,-0.086147,0.0073848,-0.0010772,-0.0049131,-0.014443,nan,0.0028689
b15_pop,0.0044105,-0.00057667,0.0049043,-0.016444,0.0017682,-0.0015857,0.0026801,-0.0027288,-0.00011199,0.0096643,-0.16251,1,0.0017638,0.0041958,0.0048281,-0.010889,0.00088899,0.00057177,0.00082997,-0.0011094,0.0035223,-0.0010587,-0.0057547,-0.0040751,0.0048657,0.0041783,-0.00031223,-0.0018871,0.0038931,nan,-0.00098385,0.003762,-0.0040967,0.00040526,-0.0074411,0.0043727,-0.0089275,0.0060751,-0.0012826,0.014785,-0.0057156,0.0091273,-0.0034222,-5.2547e-05,-0.017693,0.020321,-0.00305,nan,0.00063437,0.01593,0.0089676,-0.0026421,0.0023817,0.0034632,0.01213,nan,-0.0025036
b06_pop,-0.006054,-0.12293,-0.12752,0.081837,0.0053999,-0.020958,-0.0042501,0.0028655,0.003398,-0.014673,0.011364,0.0017638,1,-0.2484,-9.336e-05,-0.005055,-0.0074006,-0.011173,-0.0055558,0.0031986,-0.053375,-0.017073,0.00083997,-0.023339,0.021748,0.023709,0.0050019,0.019847,0.021032,nan,-0.0021194,0.019937,-0.021323,-0.0046006,0.094143,0.11856,0.1187,-0.11409,-0.01553,-0.01774,-0.0050463,0.0055911,-0.0031102,-0.011088,0.010862,0.0069153,0.045315,nan,0.011742,0.017289,-0.13286,0.01244,0.00022616,-0.0062739,0.0010502,nan,0.0056256
b16_pop,0.0010909,0.023062,0.023784,-0.044828,-0.0012544,0.005605,-0.0076521,0.0051774,0.0020319,-0.0047351,-0.0044893,0.0041958,-0.2484,1,0.00018221,0.0016368,0.0023066,0.0062265,0.0015895,-0.001958,0.0058342,0.0092833,0.0024707,0.009634,-0.0089565,-0.0097805,0.0010575,-0.0099304,-0.0086746,nan,-0.0030456,-0.0082199,0.0087711,0.0032222,-0.024407,-0.01657,-0.013737,0.031997,0.0030527,0.0078496,0.003232,0.0027548,0.0015109,-0.0060834,-0.0015345,-0.00046668,-0.009553,nan,-0.0025694,-0.0068529,0.033727,-0.0048195,-0.0019296,-0.0016433,0.0010416,nan,0.0012852
b07_pop,-0.0016774,0.0054309,0.0034467,0.010072,0.0017844,-0.0023205,-0.00067787,0.0023632,-0.0001209,0.004515,-0.0017602,0.0048281,-9.336e-05,0.00018221,1,-0.20004,-0.010137,-0.0085957,-0.00047702,0.019115,0.0030866,0.0059545,-0.00042559,0.0050157,-0.0048113,-0.0050986,0.022014,0.0035574,-0.0045476,nan,0.0018326,-0.0043191,0.0046324,-0.010426,0.0013257,-0.0098698,-0.0047935,0.0017966,0.0020954,0.00091766,0.0032245,-0.0014399,-0.00045519,0.0031242,-0.0028052,0.0042066,0.0031226,nan,0.13932,-0.031186,0.00020578,-2.1888e-05,-0.0020508,-0.00021509,-0.0025844,nan,-0.057757
b17_pop,0.0041414,0.035159,0.042225,-0.041866,-0.0064704,0.022216,0.00063412,-0.0077626,-0.0021097,0.0035247,0.0032146,-0.010889,-0.005055,0.0016368,-0.20004,1,-0.0060597,0.020413,0.049588,-0.04501,0.0083583,-0.0058045,-0.021254,-0.01018,0.01044,0.010377,0.011765,-0.017705,0.0093837,nan,-0.0045955,0.0089745,-0.0096566,0.049708,-0.02968,-0.029986,-0.038024,0.037477,0.0043775,-0.008922,-0.0021482,0.0024351,0.0013596,-0.0020149,-0.0068383,-0.00032011,-0.0025897,nan,-0.061919,0.091729,0.037476,-0.0048086,0.0061337,0.0020948,0.0056771,nan,0.004533
p1_pop,0.0068908,0.0078481,0.022047,-0.019581,0.0048052,0.046697,-0.0061294,-0.067294,-0.00068675,0.00041694,-0.0026393,0.00088899,-0.0074006,0.0023066,-0.010137,-0.0060597,1,-0.094548,0.058385,-0.098931,-0.51402,0.227,-0.60343,0.13819,-0.13337,-0.14043,-0.065334,-0.15166,-0.12548,nan,-0.0044598,-0.11929,0.1276,0.15032,-0.020785,-0.017009,-0.01838,0.010825,-0.009137,0.00062128,-0.0074902,0.0010956,-0.00019925,0.0010448,-0.0022165,-0.0042667,-0.0078956,nan,-0.0086916,-0.007516,0.028178,0.00079851,-0.0051636,0.0018071,0.00069751,nan,8.3197e-05
g1_pop,-0.0085551,-0.055637,-0.056629,0.024368,0.029884,-0.049518,-0.027183,0.055082,0.002782,-0.011332,0.0015404,0.00057177,-0.011173,0.0062265,-0.0085957,0.020413,-0.094548,1,0.022235,0.019169,0.026583,0.17895,-0.051638,0.59279,-0.55785,-0.60214,0.11302,-0.15352,-0.53548,nan,-0.065656,-0.50774,0.54321,0.027168,0.030527,0.070346,0.061045,-0.057018,-0.017144,0.0088932,-0.0092031,0.038601,-0.0035036,-0.01605,0.003513,-0.0038282,-0.011167,nan,0.0013335,0.019604,-0.056077,0.0071976,-0.0012212,-0.0017068,0.00066738,nan,0.0030733
p2_pop,0.00010956,0.047879,0.038741,-0.018273,-0.00092016,0.0075603,-0.0011646,-0.00050534,0.00028974,-0.020254,-0.0036782,0.00082997,-0.0055558,0.0015895,-0.00047702,0.049588,0.058385,0.022235,1,-0.46363,-0.03273,0.014469,-0.12717,-0.0053805,0.0072374,0.0054913,0.077189,-0.29592,0.0049916,nan,-0.066102,0.0051283,-0.005426,0.095446,-0.025895,-0.018019,-0.036644,0.040003,0.0034412,-0.001352,-0.0012593,0.0094953,6.075e-05,0.0049932,-0.0034253,-0.0025829,-0.0033682,nan,-0.00013367,0.0065243,0.03656,-0.0026426,-0.0017083,0.0031288,-0.00038512,nan,-0.0020187
g2_pop,0.0034293,-0.026471,-0.031242,0.026264,0.0032417,-0.007794,0.00044986,0.0045508,-0.0039103,0.011186,0.0019768,-0.0011094,0.0031986,-0.001958,0.019115,-0.04501,-0.098931,0.019169,-0.46363,1,0.066615,0.039066,0.1341,0.044452,-0.043777,-0.045258,0.048679,0.21364,-0.040608,nan,0.019156,-0.038865,0.041596,-0.36819,0.030886,0.0089061,0.027116,-0.022654,-0.0039152,0.00028359,0.00036877,-0.0076665,-0.00081952,-0.00054308,0.0021905,0.0031986,0.002564,nan,0.0036518,-0.0015942,-0.034737,0.0024965,0.0018653,-0.0027272,-0.00080865,nan,0.00511
alpha11_pop,0.0053451,0.45433,0.44597,-0.24624,-0.016303,0.058439,0.021146,0.021283,-0.013809,0.072451,-0.046456,0.0035223,-0.053375,0.0058342,0.0030866,0.0083583,-0.51402,0.026583,-0.03273,0.066615,1,-0.17726,0.29016,-0.17861,0.1794,0.18168,-0.13519,0.14165,0.16362,nan,0.067014,0.15612,-0.16735,-0.11187,-0.30498,-0.46022,-0.44481,0.43844,0.059207,0.046495,0.01808,-0.0073158,0.01639,0.067435,-0.030572,-0.029316,-0.018325,nan,-0.047373,-0.073522,0.439,-0.04091,0.0045999,0.018667,-0.0045131,nan,-0.013522
alpha12_pop,0.0019835,0.025374,0.029718,-0.025819,0.019484,0.020843,0.0052471,-0.0044285,-0.00095339,0.0011664,-0.0053823,-0.0010587,-0.017073,0.0092833,0.0059545,-0.0058045,0.227,0.17895,0.014469,0.039066,-0.17726,1,0.12561,0.31806,-0.2995,-0.32318,0.18709,-0.10223,-0.28741,nan,-0.066748,-0.27262,0.29176,-0.11751,-0.021984,-0.023445,-0.024834,0.024492,-0.012721,0.027475,0.002958,-0.028335,0.0014258,0.0079224,-0.0047336,-0.0052948,-0.012001,nan,-0.0027451,-0.0029868,0.029087,-0.0040123,0.0069784,-0.0020643,-0.0015047,nan,0.0066459
alpha13_pop,-0.0076386,-0.05402,-0.060825,0.037008,0.0083198,-0.017198,0.013282,0.015756,0.0020454,-0.0091737,0.0063535,-0.0057547,0.00083997,0.0024707,-0.00042559,-0.021254,-0.60343,-0.051638,-0.12717,0.1341,0.29016,0.12561,1,0.16672,-0.17411,-0.17013,-0.16007,0.19142,-0.15418,nan,-0.031955,-0.14758,0.15915,-0.17462,0.043753,0.058065,0.058658,-0.05535,-0.011428,0.0030142,0.0033334,-0.078674,0.00012691,-0.0055854,0.0041235,0.0067512,0.0020542,nan,0.0085133,0.0080341,-0.064971,0.0049535,0.021031,-0.0051284,-0.00073677,nan,-0.0027503
alpha14_pop,0.00094445,-0.064101,-0.061712,0.028468,0.01261,-0.0060709,0.0010279,-0.0014514,0.0030523,-0.012133,0.0012343,-0.0040751,-0.023339,0.009634,0.0050157,-0.01018,0.13819,0.59279,-0.0053805,0.044452,-0.17861,0.31806,0.16672,1,-0.91197,-0.98427,0.18675,-0.1075,-0.87686,nan,-0.061052,-0.83156,0.86296,-0.037612,0.046392,0.067101,0.065243,-0.058187,-0.021558,0.0060566,-0.00032721,-0.027435,-0.003093,-0.016792,0.0023038,-0.003514,-0.018826,nan,0.009205,0.012491,-0.06613,0.0088203,0.0077284,-0.0028492,0.00025147,nan,0.0039604
alpha15_pop,-0.0010702,0.063331,0.060869,-0.028412,-0.011974,0.0054163,-0.0013683,0.0024694,-0.0029848,0.012004,-0.00081861,0.0048657,0.021748,-0.0089565,-0.0048113,0.01044,-0.13337,-0.55785,0.0072374,-0.043777,0.1794,-0.2995,-0.17411,-0.91197,1,0.93168,-0.17745,0.10061,0.85307,nan,0.058414,0.82075,-0.88586,0.037219,-0.045618,-0.066019,-0.064298,0.057782,0.02076,-0.0054477,0.00029777,0.027882,0.0029232,0.016335,-0.0017578,0.0036725,0.017536,nan,-0.0088723,-0.012141,0.06489,-0.0086632,-0.0077429,0.0028479,-0.00057898,nan,-0.003784
alpha16_pop,-0.00096661,0.065145,0.062714,-0.028937,-0.012813,0.0061426,-0.0010652,0.0015136,-0.0031015,0.012338,-0.0012325,0.0041783,0.023709,-0.0097805,-0.0050986,0.010377,-0.14043,-0.60214,0.0054913,-0.045258,0.18168,-0.32318,-0.17013,-0.98427,0.93168,1,-0.18966,0.10911,0.89008,nan,0.062054,0.8444,-0.90377,0.038404,-0.047147,-0.068188,-0.066304,0.059144,0.021907,-0.0061533,0.00032873,0.027958,0.0031387,0.017064,-0.0023194,0.0035882,0.01912,nan,-0.0093493,-0.012691,0.067199,-0.0089658,-0.0078714,0.0028975,-0.00026688,nan,-0.004022
alpha17_pop,-0.0092539,-0.084078,-0.08414,0.047553,0.012634,-0.020209,-0.010534,0.0098457,0.0023822,-0.01004,0.0072262,-0.00031223,0.0050019,0.0010575,0.022014,0.011765,-0.065334,0.11302,0.077189,0.048679,-0.13519,0.18709,-0.16007,0.18675,-0.17745,-0.18966,1,-0.099719,-0.16891,nan,0.01313,-0.16036,0.17163,-0.1992,0.058315,0.085929,0.086837,-0.081769,-0.014362,-0.0060551,-0.0049029,0.021908,-0.0043661,-0.010069,0.0035415,0.0041603,-0.00029618,nan,0.0056318,0.016416,-0.087323,0.0078199,-0.0040638,-0.0038575,0.0021679,nan,0.037022
alpha21_pop,-0.018105,-0.073659,-0.088547,0.071831,-0.0020758,-0.011578,0.0045025,-0.0050994,0.0026417,-0.014928,0.0082904,-0.0018871,0.019847,-0.0099304,0.0035574,-0.017705,-0.15166,-0.15352,-0.29592,0.21364,0.14165,-0.10223,0.19142,-0.1075,0.10061,0.10911,-0.099719,1,0.096957,nan,0.092383,0.092533,-0.098316,-0.17407,0.085461,0.05661,0.069756,-0.080186,-0.0056379,-0.011414,0.00027938,-0.015246,-0.0014596,-0.006818,0.0070887,0.0094988,0.011781,nan,0.0097719,0.008736,-0.11341,0.0061604,0.003807,-0.0057048,-0.00012263,nan,0.0023027
alpha22_pop,-0.00088552,0.058534,0.056341,-0.026068,-0.011417,0.0054329,-0.0010087,0.0015308,-0.0027852,0.011114,-0.0010436,0.0038931,0.021032,-0.0086746,-0.0045476,0.0093837,-0.12548,-0.53548,0.0049916,-0.040608,0.16362,-0.28741,-0.15418,-0.87686,0.85307,0.89008,-0.16891,0.096957,1,nan,0.056281,0.75148,-0.83164,0.034851,-0.042327,-0.061221,-0.059548,0.053199,0.019573,-0.0054149,0.00029553,0.025202,0.0027887,0.015284,-0.0019963,0.0032466,0.016963,nan,-0.0083513,-0.011367,0.060304,-0.0080441,-0.0070781,0.0026149,-0.00029723,nan,-0.003596
alpha23_pop,nan,nan,nan,nan,nan,nan,nan,nan,nan,nan,nan,nan,nan,nan,nan,nan,nan,nan,nan,nan,nan,nan,nan,nan,nan,nan,nan,nan,nan,nan,nan,nan,nan,nan,nan,nan,nan,nan,nan,nan,nan,nan,nan,nan,nan,nan,nan,nan,nan,nan,nan,nan,nan,nan,nan,nan,nan
alpha24_pop,0.00037893,0.045961,0.047928,-0.0251,-0.0042687,0.010582,0.0028543,-0.002683,-0.0061007,0.031821,-0.003647,-0.00098385,-0.0021194,-0.0030456,0.0018326,-0.0045955,-0.0044598,-0.065656,-0.066102,0.019156,0.067014,-0.066748,-0.031955,-0.061052,0.058414,0.062054,0.01313,0.092383,0.056281,nan,1,0.05258,-0.056298,-0.09139,-0.030151,-0.048116,-0.047424,0.042602,0.0081361,0.0026717,0.0020661,-0.00062914,-0.0063286,0.016261,-0.0023437,-0.0042748,-0.0025367,nan,-0.0056042,-0.0046373,0.043351,-0.0047466,-0.00054058,0.0073194,-0.00065331,nan,-9.6769e-05
alpha25_pop,-0.00086582,0.055688,0.053574,-0.024792,-0.010835,0.0051173,-0.00099163,0.001543,-0.0026416,0.010537,-0.00096179,0.003762,0.019937,-0.0082199,-0.0043191,0.0089745,-0.11929,-0.50774,0.0051283,-0.038865,0.15612,-0.27262,-0.14758,-0.83156,0.82075,0.8444,-0.16036,0.092533,0.75148,nan,0.05258,1,-0.82038,0.033112,-0.040221,-0.058227,-0.05664,0.050625,0.018587,-0.005127,0.00027506,0.024065,0.0026504,0.014518,-0.0018622,0.0031149,0.016077,nan,-0.0079271,-0.010801,0.0573,-0.00765,-0.0067471,0.002485,-0.00030215,nan,-0.0034132
alpha26_pop,0.00092741,-0.059675,-0.057417,0.026601,0.011597,-0.0054446,0.0010926,-0.0017083,0.0028314,-0.011312,0.00099688,-0.0040967,-0.021323,0.0087711,0.0046324,-0.0096566,0.1276,0.54321,-0.005426,0.041596,-0.16735,0.29176,0.15915,0.86296,-0.88586,-0.90377,0.17163,-0.098316,-0.83164,nan,-0.056298,-0.82038,1,-0.035875,0.043123,0.062381,0.06069,-0.054272,-0.019908,0.0054784,-0.00029115,-0.025888,-0.0028329,-0.015551,0.0019586,-0.0033571,-0.017195,nan,0.0084864,0.011568,-0.06142,0.0081992,0.007254,-0.0026662,0.00034705,nan,0.0036564
alpha27_pop,0.0083945,0.031874,0.034547,-0.030051,-0.0041628,0.009234,-0.0022973,-0.0060119,-0.00094063,-0.0011711,-0.001535,0.00040526,-0.0046006,0.0032222,-0.010426,0.049708,0.15032,0.027168,0.095446,-0.36819,-0.11187,-0.11751,-0.17462,-0.037612,0.037219,0.038404,-0.1992,-0.17407,0.034851,nan,-0.09139,0.033112,-0.035875,1,-0.032012,-0.022343,-0.030976,0.032561,0.003379,0.0020054,-0.00085299,0.010761,0.00056984,-0.0042256,-0.0017088,-0.0033054,-0.0028289,nan,0.011767,-0.0047024,0.041426,-0.0029353,-0.0027546,0.0038101,0.00138,nan,-0.026065
omega_b01,0.10384,-0.64312,-0.65486,0.41973,0.026463,-0.11432,-0.026269,0.014681,0.018363,-0.095522,0.061632,-0.0074411,0.094143,-0.024407,0.0013257,-0.02968,-0.020785,0.030527,-0.025895,0.030886,-0.30498,-0.021984,0.043753,0.046392,-0.045618,-0.047147,0.058315,0.085461,-0.042327,nan,-0.030151,-0.040221,0.043123,-0.032012,1,0.60428,0.62116,-0.57749,-0.072891,-0.081679,-0.015302,0.014709,-0.020176,-0.074633,0.052301,0.052993,0.041821,nan,0.068041,0.091842,-0.7236,0.056399,0.0012305,-0.031839,0.0020311,nan,0.028774
omega_b11,0.0090445,-0.94757,-0.91573,0.44406,0.031597,-0.15842,-0.044055,0.02294,0.024448,-0.13921,0.082689,0.0043727,0.11856,-0.01657,-0.0098698,-0.029986,-0.017009,0.070346,-0.018019,0.0089061,-0.46022,-0.023445,0.058065,0.067101,-0.066019,-0.068188,0.085929,0.05661,-0.061221,nan,-0.048116,-0.058227,0.062381,-0.022343,0.60428,1,0.90193,-0.84199,-0.098124,-0.097242,-0.02775,0.023541,-0.02452,-0.12,0.071791,0.057219,0.043662,nan,0.092675,0.12062,-0.85014,0.081462,0.00041196,-0.04336,0.008332,nan,0.039526
omega_b21,-0.058566,-0.9123,-0.95199,0.51662,0.037994,-0.16942,-0.047591,0.027297,0.025853,-0.13295,0.091209,-0.0089275,0.1187,-0.013737,-0.0047935,-0.038024,-0.01838,0.061045,-0.036644,0.027116,-0.44481,-0.024834,0.058658,0.065243,-0.064298,-0.066304,0.086837,0.069756,-0.059548,nan,-0.047424,-0.05664,0.06069,-0.030976,0.62116,0.90193,1,-0.8465,-0.1029,-0.10158,-0.026661,0.025617,-0.023809,-0.11008,0.077125,0.061811,0.041759,nan,0.098554,0.12205,-0.88412,0.081157,-0.004183,-0.048043,0.0093628,nan,0.037799
omega_a1,0.029961,0.87438,0.86876,-0.74199,-0.034183,0.16409,0.038866,-0.019167,-0.025731,0.13417,-0.085524,0.0060751,-0.11409,0.031997,0.0017966,0.037477,0.010825,-0.057018,0.040003,-0.022654,0.43844,0.024492,-0.05535,-0.058187,0.057782,0.059144,-0.081769,-0.080186,0.053199,nan,0.042602,0.050625,-0.054272,0.032561,-0.57749,-0.84199,-0.8465,1,0.097071,0.092717,0.025462,-0.02653,0.023122,0.094975,-0.061974,-0.061123,-0.044918,nan,-0.093901,-0.11395,0.83148,-0.072715,0.0022451,0.041343,-0.016092,nan,-0.037875
omega_b02,0.014436,0.10501,0.11246,-0.077496,-0.027377,-0.0028192,0.0055478,0.001113,-0.0047067,0.021955,-0.0066889,-0.0012826,-0.01553,0.0030527,0.0020954,0.0043775,-0.009137,-0.017144,0.0034412,-0.0039152,0.059207,-0.012721,-0.011428,-0.021558,0.02076,0.021907,-0.014362,-0.0056379,0.019573,nan,0.0081361,0.018587,-0.019908,0.003379,-0.072891,-0.098124,-0.1029,0.097071,1,-0.035217,0.0062259,-0.0072968,0.0054036,0.015373,-0.0080632,-0.007144,-0.0089733,nan,-0.010177,-0.0095845,0.10497,-0.11222,-0.0021479,0.007185,0.0012427,nan,-0.0061218
omega_b12,0.0042012,0.097682,0.10118,-0.066944,-0.016681,0.063785,0.0030505,-0.012974,-0.0026937,0.011467,-0.017504,0.014785,-0.01774,0.0078496,0.00091766,-0.008922,0.00062128,0.0088932,-0.001352,0.00028359,0.046495,0.027475,0.0030142,0.0060566,-0.0054477,-0.0061533,-0.0060551,-0.011414,-0.0054149,nan,0.0026717,-0.005127,0.0054784,0.0020054,-0.081679,-0.097242,-0.10158,0.092717,-0.035217,1,-0.0025415,0.006104,0.0010343,0.01082,-0.0091764,-0.0048809,-0.01957,nan,-0.012061,-0.017751,0.10564,-0.048469,0.0055335,0.0056608,0.0038355,nan,-0.00323
omega_b03,0.0034512,0.026865,0.028464,-0.018062,-0.00040201,0.0044623,-0.00076143,0.0098466,-0.00085989,0.0070126,0.00042637,-0.0057156,-0.0050463,0.003232,0.0032245,-0.0021482,-0.0074902,-0.0092031,-0.0012593,0.00036877,0.01808,0.002958,0.0033334,-0.00032721,0.00029777,0.00032873,-0.0049029,0.00027938,0.00029553,nan,0.0020661,0.00027506,-0.00029115,-0.00085299,-0.015302,-0.02775,-0.026661,0.025462,0.0062259,-0.0025415,1,0.0041248,0.0031702,-0.0030543,-0.002323,0.00075011,0.00061501,nan,-0.0034646,-0.00024922,0.023843,-0.0040948,-0.098714,-0.0020236,-0.0048697,nan,-0.0029151
omega_b13,0.0053524,-0.027562,-0.026214,0.02687,0.0025448,-0.0023871,0.014709,-0.039274,0.00093229,-0.00089602,-0.003786,0.0091273,0.0055911,0.0027548,-0.0014399,0.0024351,0.0010956,0.038601,0.0094953,-0.0076665,-0.0073158,-0.028335,-0.078674,-0.027435,0.027882,0.027958,0.021908,-0.015246,0.025202,nan,-0.00062914,0.024065,-0.025888,0.010761,0.014709,0.023541,0.025617,-0.02653,-0.0072968,0.006104,0.0041248,1,-0.0024452,-0.0050645,0.0032737,-0.00044139,-0.00024121,nan,-0.0050716,0.0078393,-0.016738,0.0024355,-0.08605,-0.0015581,0.00049228,nan,0.0053864
omega_b04,0.00053097,0.02526,0.025744,-0.017346,-0.003174,0.0066385,0.0020118,-0.00070691,0.0030703,0.0035177,-0.0014442,-0.0034222,-0.0031102,0.0015109,-0.00045519,0.0013596,-0.00019925,-0.0035036,6.075e-05,-0.00081952,0.01639,0.0014258,0.00012691,-0.003093,0.0029232,0.0031387,-0.0043661,-0.0014596,0.0027887,nan,-0.0063286,0.0026504,-0.0028329,0.00056984,-0.020176,-0.02452,-0.023809,0.023122,0.0054036,0.0010343,0.0031702,-0.0024452,1,-0.01298,-0.0014289,-0.0012012,-0.0043877,nan,-0.00091578,-0.001989,0.02825,-0.00194,-0.0016157,-0.040834,0.00056125,nan,-0.00087861
omega_b14,0.0068055,0.11777,0.11874,-0.044555,-0.0014656,0.02162,0.0011285,-0.0023139,-0.010881,0.022232,-0.012339,-5.2547e-05,-0.011088,-0.0060834,0.0031242,-0.0020149,0.0010448,-0.01605,0.0049932,-0.00054308,0.067435,0.0079224,-0.0055854,-0.016792,0.016335,0.017064,-0.010069,-0.006818,0.015284,nan,0.016261,0.014518,-0.015551,-0.0042256,-0.074633,-0.12,-0.11008,0.094975,0.015373,0.01082,-0.0030543,-0.0050645,-0.01298,1,-0.010533,-0.0088531,-0.017263,nan,-0.0081608,-0.026302,0.10732,-0.016689,0.0013263,-0.094828,0.0023327,nan,-0.00023
omega_b05,-0.0050239,-0.07226,-0.076988,0.032395,0.0059884,-0.016361,-0.0055052,0.0028956,0.0011915,-0.0094286,0.037484,-0.017693,0.010862,-0.0015345,-0.0028052,-0.0068383,-0.0022165,0.003513,-0.0034253,0.0021905,-0.030572,-0.0047336,0.0041235,0.0023038,-0.0017578,-0.0023194,0.0035415,0.0070887,-0.0019963,nan,-0.0023437,-0.0018622,0.0019586,-0.0017088,0.052301,0.071791,0.077125,-0.061974,-0.0080632,-0.0091764,-0.002323,0.0032737,-0.0014289,-0.010533,1,-0.0020719,0.0044751,nan,0.0056688,0.0052563,-0.071654,0.007564,-0.0035223,-0.0035485,-0.1167,nan,0.0086944
omega_b15,-0.0048061,-0.064877,-0.071564,0.056096,0.0037654,-0.012115,-0.0033337,-0.0080619,0.0012295,-0.0099445,-0.0038734,0.020321,0.0069153,-0.00046668,0.0042066,-0.00032011,-0.0042667,-0.0038282,-0.0025829,0.0031986,-0.029316,-0.0052948,0.0067512,-0.003514,0.0036725,0.0035882,0.0041603,0.0094988,0.0032466,nan,-0.0042748,0.0031149,-0.0033571,-0.0033054,0.052993,0.057219,0.061811,-0.061123,-0.007144,-0.0048809,0.00075011,-0.00044139,-0.0012012,-0.0088531,-0.0020719,1,0.0039618,nan,0.01269,0.02061,-0.07191,0.0029915,-0.0017182,-0.0038703,-0.057623,nan,0.00048022
omega_b06,-0.00016832,-0.049972,-0.051015,0.045493,0.00046815,-0.016913,-0.0040524,0.004747,0.0029529,-0.0064095,0.0060219,-0.00305,0.045315,-0.009553,0.0031226,-0.0025897,-0.0078956,-0.011167,-0.0033682,0.002564,-0.018325,-0.012001,0.0020542,-0.018826,0.017536,0.01912,-0.00029618,0.011781,0.016963,nan,-0.0025367,0.016077,-0.017195,-0.0028289,0.041821,0.043662,0.041759,-0.044918,-0.0089733,-0.01957,0.00061501,-0.00024121,-0.0043877,-0.017263,0.0044751,0.0039618,1,nan,-6.3623e-05,0.0043486,-0.056381,0.0040172,-0.0010775,0.0018495,0.0012998,nan,0.0045261
omega_b16,nan,nan,nan,nan,nan,nan,nan,nan,nan,nan,nan,nan,nan,nan,nan,nan,nan,nan,nan,nan,nan,nan,nan,nan,nan,nan,nan,nan,nan,nan,nan,nan,nan,nan,nan,nan,nan,nan,nan,nan,nan,nan,nan,nan,nan,nan,nan,nan,nan,nan,nan,nan,nan,nan,nan,nan,nan
omega_b07,-0.0064188,-0.095941,-0.1006,0.066015,0.0060077,-0.019839,-0.0068446,0.0058643,0.0030437,-0.01104,0.010387,0.00063437,0.011742,-0.0025694,0.13932,-0.061919,-0.0086916,0.0013335,-0.00013367,0.0036518,-0.047373,-0.0027451,0.0085133,0.009205,-0.0088723,-0.0093493,0.0056318,0.0097719,-0.0083513,nan,-0.0056042,-0.0079271,0.0084864,0.011767,0.068041,0.092675,0.098554,-0.093901,-0.010177,-0.012061,-0.0034646,-0.0050716,-0.00091578,-0.0081608,0.0056688,0.01269,-6.3623e-05,nan,1,-0.034437,-0.096027,0.0090224,0.0018121,-0.0064913,-0.0015996,nan,-0.10145
omega_b17,-0.0040194,-0.1236,-0.12728,0.080068,0.010283,-0.035966,-0.0033774,0.0010565,0.0041647,-0.024584,0.0096536,0.01593,0.017289,-0.0068529,-0.031186,0.091729,-0.007516,0.019604,0.0065243,-0.0015942,-0.073522,-0.0029868,0.0080341,0.012491,-0.012141,-0.012691,0.016416,0.008736,-0.011367,nan,-0.0046373,-0.010801,0.011568,-0.0047024,0.091842,0.12062,0.12205,-0.11395,-0.0095845,-0.017751,-0.00024922,0.0078393,-0.001989,-0.026302,0.0052563,0.02061,0.0043486,nan,-0.034437,1,-0.12919,0.008177,-0.0030458,-0.0030594,-0.001026,nan,-0.10949
b_1,0.045498,0.88055,0.91978,-0.59898,-0.036068,0.16189,0.037905,-0.019128,-0.025676,0.1319,-0.086147,0.0089676,-0.13286,0.033727,0.00020578,0.037476,0.028178,-0.056077,0.03656,-0.034737,0.439,0.029087,-0.064971,-0.06613,0.06489,0.067199,-0.087323,-0.11341,0.060304,nan,0.043351,0.0573,-0.06142,0.041426,-0.7236,-0.85014,-0.88412,0.83148,0.10497,0.10564,0.023843,-0.016738,0.02825,0.10732,-0.071654,-0.07191,-0.056381,nan,-0.096027,-0.12919,1,-0.078991,-0.00048738,0.044933,-0.0042987,nan,-0.037313
a_2,-0.0049376,-0.083623,-0.086182,0.048915,0.012281,-0.015478,-0.0042698,0.00035873,0.0033264,-0.01482,0.0073848,-0.0026421,0.01244,-0.0048195,-2.1888e-05,-0.0048086,0.00079851,0.0071976,-0.0026426,0.0024965,-0.04091,-0.0040123,0.0049535,0.0088203,-0.0086632,-0.0089658,0.0078199,0.0061604,-0.0080441,nan,-0.0047466,-0.00765,0.0081992,-0.0029353,0.056399,0.081462,0.081157,-0.072715,-0.11222,-0.048469,-0.0040948,0.0024355,-0.00194,-0.016689,0.007564,0.0029915,0.0040172,nan,0.0090224,0.008177,-0.078991,1,0.00093062,-0.0026831,-0.00025987,nan,0.0050696
a_3,0.0020956,0.0017955,0.0040875,-0.0046015,-3.3886e-05,-0.00014272,-0.0067491,0.012603,0.00020265,-0.0012184,-0.0010772,0.0023817,0.00022616,-0.0019296,-0.0020508,0.0061337,-0.0051636,-0.0012212,-0.0017083,0.0018653,0.0045999,0.0069784,0.021031,0.0077284,-0.0077429,-0.0078714,-0.0040638,0.003807,-0.0070781,nan,-0.00054058,-0.0067471,0.007254,-0.0027546,0.0012305,0.00041196,-0.004183,0.0022451,-0.0021479,0.0055335,-0.098714,-0.08605,-0.0016157,0.0013263,-0.0035223,-0.0017182,-0.0010775,nan,0.0018121,-0.0030458,-0.00048738,0.00093062,1,0.00057012,0.0038247,nan,-0.0024734
a_4,0.0035188,0.044771,0.046759,-0.026837,5.4602e-05,0.0041742,0.0019289,-0.00094029,0.00012215,0.0050589,-0.0049131,0.0034632,-0.0062739,-0.0016433,-0.00021509,0.0020948,0.0018071,-0.0017068,0.0031288,-0.0027272,0.018667,-0.0020643,-0.0051284,-0.0028492,0.0028479,0.0028975,-0.0038575,-0.0057048,0.0026149,nan,0.0073194,0.002485,-0.0026662,0.0038101,-0.031839,-0.04336,-0.048043,0.041343,0.007185,0.0056608,-0.0020236,-0.0015581,-0.040834,-0.094828,-0.0035485,-0.0038703,0.0018495,nan,-0.0064913,-0.0030594,0.044933,-0.0026831,0.00057012,1,-0.00080065,nan,-0.0010095
b_5,0.0019309,-0.0098325,-0.0085354,0.014293,0.00087173,-0.0025121,0.002754,-0.0030122,0.0015869,-0.0074803,-0.014443,0.01213,0.0010502,0.0010416,-0.0025844,0.0056771,0.00069751,0.00066738,-0.00038512,-0.00080865,-0.0045131,-0.0015047,-0.00073677,0.00025147,-0.00057898,-0.00026688,0.0021679,-0.00012263,-0.00029723,nan,-0.00065331,-0.00030215,0.00034705,0.00138,0.0020311,0.008332,0.0093628,-0.016092,0.0012427,0.0038355,-0.0048697,0.00049228,0.00056125,0.0023327,-0.1167,-0.057623,0.0012998,nan,-0.0015996,-0.001026,-0.0042987,-0.00025987,0.0038247,-0.00080065,1,nan,-0.001629
b_6,nan,nan,nan,nan,nan,nan,nan,nan,nan,nan,nan,nan,nan,nan,nan,nan,nan,nan,nan,nan,nan,nan,nan,nan,nan,nan,nan,nan,nan,nan,nan,nan,nan,nan,nan,nan,nan,nan,nan,nan,nan,nan,nan,nan,nan,nan,nan,nan,nan,nan,nan,nan,nan,nan,nan,nan,nan
b_7,-0.0042161,-0.039582,-0.0391,0.023765,0.0026625,-0.0077763,-0.0023144,0.0022927,0.0017809,-0.0070814,0.0028689,-0.0025036,0.0056256,0.0012852,-0.057757,0.004533,8.3197e-05,0.0030733,-0.0020187,0.00511,-0.013522,0.0066459,-0.0027503,0.0039604,-0.003784,-0.004022,0.037022,0.0023027,-0.003596,nan,-9.6769e-05,-0.0034132,0.0036564,-0.026065,0.028774,0.039526,0.037799,-0.037875,-0.0061218,-0.00323,-0.0029151,0.0053864,-0.00087861,-0.00023,0.0086944,0.00048022,0.0045261,nan,-0.10145,-0.10949,-0.037313,0.0050696,-0.0024734,-0.0010095,-0.001629,nan,1
