b01_pop,1,-0.056888,0.067231,-0.053343,0.00087377,5.2843e-06,0.00046427,5.5208e-05,0.00032336,-0.0021717,0.0019905,-0.0030676,0.0024929,-0.0064234,0.00070712,-0.00040537,0.0059991,-0.0075771,0.0097445,-0.002871,-0.010364,0.007725,-0.0067751,0.00052976,0.0016702,0.0085498,-0.0019238,0.00015969,nan,0.0061253,0.0012034,-0.001557,-0.0021867,0.0033261,0.17787,0.041379,-0.039717,0.033338,0.001154,-0.0020807,-0.00029022,0.0010211,-0.00030122,-0.0022596,0.0019545,-0.0010821,-0.0036326,-0.0093137,0.0022317,-2.2041e-06,-0.035875,-0.00028802,-0.0015049,0.0019345,-0.0023764,nan,-0.0031574
b11_pop,-0.056888,1,0.8378,0.15754,-0.004625,0.007291,0.019878,-0.0097735,-0.0050592,0.020781,0.0019907,-0.00415,0.0015321,-0.027216,0.0048702,0.0013899,-0.04827,0.061946,0.12864,-0.073335,0.13891,-0.011783,0.031917,-0.0004933,0.022106,0.11249,-0.009956,0.090614,nan,0.052454,-0.018035,-0.00021453,-0.045695,0.037181,-0.072784,-0.7867,-0.74599,0.30462,0.002895,-0.029348,0.0056441,-0.011187,0.0047693,-0.0012384,0.011257,-0.0056658,-0.00064462,-0.028797,0.0060727,0.0021392,0.39199,0.0023474,-0.010953,0.00059351,0.019061,nan,-0.011008
b21_pop,0.067231,0.8378,1,0.2988,-0.0056096,0.0068177,0.024644,-0.011203,-0.0062682,0.02461,0.0037098,-0.0072918,-0.00070241,-0.025327,0.0064925,0.0010001,-0.038547,0.04705,0.095601,-0.064835,0.13592,-0.018676,0.022232,-0.0015133,0.01666,0.083851,0.0018321,0.064462,nan,0.031487,-0.01139,0.0078938,-0.027878,0.025943,-0.020892,-0.80399,-0.8987,0.24133,0.0012231,-0.042068,0.0079712,-0.010919,0.0041805,-0.0033724,0.012763,-0.0087795,-0.00080461,-0.028054,0.00862,0.0042786,0.44853,0.0038772,-0.014815,0.0020321,0.021178,nan,-0.013613
a1_pop,-0.053343,0.15754,0.2988,1,-0.0072378,0.0068917,0.015319,-0.0016397,-0.0074287,0.017227,0.0011624,-0.0015929,-0.0018541,-0.0075335,0.0040638,-0.0021778,-0.012532,0.015734,0.039231,-0.014391,0.10562,-0.023128,-0.012413,-0.00013591,0.0063676,0.034303,-0.0018699,0.037561,nan,0.015534,-0.005694,-0.00084498,-0.015985,0.011198,-0.055881,-0.40822,-0.42988,-0.52705,-0.010867,-0.041437,0.0011053,0.0038866,-0.00061341,-0.0010691,0.00018624,-0.017535,0.027793,0.00054811,0.0055559,0.013595,0.24913,0.0070854,-0.0077711,0.0023037,0.013979,nan,-0.0047917
b02_pop,0.00087377,-0.004625,-0.0056096,-0.0072378,1,-0.23303,1.7332e-05,-0.00057678,0.00021058,-0.0026865,0.00087998,-0.0012394,0.0067808,-0.013376,0.00037612,-0.0055318,0.028623,0.029849,0.0030554,-0.0074489,-0.00456,0.030449,-0.0084561,0.0018706,0.00057043,0.002662,-0.0098428,0.0038057,nan,0.0099532,0.002924,-0.0083447,-0.00045243,0.0029086,0.00049221,0.0063881,0.0066373,-0.0035747,-0.012195,-0.0021311,0.00066489,-0.0030267,-0.00075079,0.0014094,0.00059516,-5.4908e-05,-0.0039439,-0.012062,-0.00074746,-0.0036903,-0.0017081,0.0011976,0.0010247,0.0011343,0.00046648,nan,0.0013339
b12_pop,5.2843e-06,0.007291,0.0068177,0.0068917,-0.23303,1,-0.0012511,0.0086543,-0.00045657,0.0032547,-0.0013695,0.00098332,-0.0049596,0.0080396,-0.0032678,0.0024623,0.069128,-0.048553,0.0099271,-0.012493,-0.047962,0.06983,-0.045059,0.0053796,0.0011869,0.0084893,-0.023622,0.018095,nan,0.02955,0.010022,-0.02726,-0.016211,0.0087146,0.00031616,-0.0064063,-0.0085586,-0.0028326,-0.033089,0.03225,-0.0027842,0.0078803,0.0014267,-0.006355,-0.00059239,0.00074136,0.0018289,0.0080549,0.00081657,0.0058891,0.0012069,-0.00012432,-0.0015128,-0.00056337,-0.00034507,nan,-0.0020264
b03_pop,0.00046427,0.019878,0.024644,0.015319,1.7332e-05,-0.0012511,1,-0.16077,-0.00032658,0.0024,-5.3738e-05,0.00019039,0.00023714,-0.00023287,0.0013265,-0.0007447,-0.022054,-0.03285,-0.013785,0.027832,-0.00099348,-0.012205,0.014065,-0.0031164,-0.0017678,-0.011656,0.010978,-0.0021497,nan,-0.023029,-0.0023216,0.010406,0.0097717,-0.0080255,-0.00030691,-0.02235,-0.025849,-0.0021008,-0.0022304,-0.00053684,-0.0059964,0.021204,-0.00046358,-0.0023968,0.00098573,0.0028256,0.00074627,-0.0011198,7.6125e-05,0.00098977,0.014101,0.0011978,-0.0014452,-9.6602e-05,0.00034121,nan,-0.00024761
b13_pop,5.5208e-05,-0.0097735,-0.011203,-0.0016397,-0.00057678,0.0086543,-0.16077,1,0.00019424,-0.0063344,-0.00025049,-0.00047204,0.0012574,-0.0062728,-6.6641e-05,0.0012066,-0.054926,0.087022,0.11147,-0.074824,0.064867,-0.0025879,0.042417,0.0013224,0.018843,0.096764,-0.018616,0.018046,nan,0.060558,-0.019884,-0.0029405,-0.044883,0.035762,3.8828e-05,0.0065718,0.011183,-0.00047842,0.0010573,-0.0041434,0.0099082,-0.037137,0.00011579,0.0027179,-0.00056848,-0.0039411,-0.00013216,-0.0059322,0.00034399,-0.0041723,-0.0076894,-0.00063274,0.010588,-0.0016738,-6.6702e-05,nan,0.00050637
b04_pop,0.00032336,-0.0050592,-0.0062682,-0.0074287,0.00021058,-0.00045657,-0.00032658,0.00019424,1,-0.096868,-0.00024213,0.00016101,0.000252,-0.00017299,-5.6074e-05,-0.0006769,-0.00010574,0.00087867,-0.0025337,-0.0051205,-0.00021658,0.0011834,0.00072338,0.00022419,-0.00049602,-0.0022945,-0.0015737,-0.00073321,nan,0.00064685,0.0011451,-0.0014584,0.00048011,-0.00035325,0.0004933,0.0062153,0.0067007,0.0049796,-0.00014374,0.00027924,-0.00063609,-0.00011689,0.0024243,0.00048136,-0.00018693,0.00030187,-0.0014968,-0.00024252,-0.00015702,-0.00092895,-0.0046357,0.00012068,0.0003766,-0.0015254,-0.00040093,nan,-0.00046905
b14_pop,-0.0021717,0.020781,0.02461,0.017227,-0.0026865,0.0032547,0.0024,-0.0063344,-0.096868,1,0.0011414,0.0023836,-0.00010087,0.0033914,-0.0033117,0.0082444,-0.0081133,0.0038325,-0.082643,0.032969,0.0077294,-0.0086238,0.0075017,0.0013456,-0.014985,-0.07334,-0.01037,0.0078115,nan,-0.018383,0.075878,-0.013573,0.043399,-0.020487,-0.0039655,-0.024189,-0.023106,-0.007851,0.00089831,0.001352,0.0010565,0.0024111,-0.012383,-0.0049213,0.00071402,-0.005945,0.0024021,-0.00064067,0.00088575,0.0072536,0.017984,2.874e-05,-8.8305e-05,0.023821,-0.00043654,nan,0.0014485
b05_pop,0.0019905,0.0019907,0.0037098,0.0011624,0.00087998,-0.0013695,-5.3738e-05,-0.00025049,-0.00024213,0.0011414,1,-0.15336,-0.0024363,0.0050437,-0.0002251,0.0013756,0.0013268,0.0010995,-0.001432,-0.001356,0.00030248,0.0022091,-0.00078189,0.00042044,-0.00027796,-0.0013617,-0.0033151,0.0014183,nan,0.0024864,0.0014128,-0.0046968,0.001644,0.00026188,0.00029941,-0.001297,-0.0021811,9.8314e-05,-0.0007642,-0.0021546,0.0008025,-0.00072892,0.00018465,-0.0022969,0.040921,0.0016983,-0.0026939,0.0056562,-3.0424e-06,-0.00071446,0.00050378,0.00046485,-0.0015092,0.0004556,-0.024319,nan,0.0007058
b15_pop,-0.0030676,-0.00415,-0.0072918,-0.0015929,-0.0012394,0.00098332,0.00019039,-0.00047204,0.00016101,0.0023836,-0.15336,1,0.0054747,-0.010424,0.00072442,-0.0022006,-0.0042835,-0.0047198,0.0015922,0.0046097,-0.0019422,-0.0065712,0.0032264,-0.0017255,0.0011228,0.001794,0.012996,-0.0067605,nan,-0.010217,-0.0026714,0.018143,-0.00047316,-0.0018866,-0.0021365,0.0017549,0.0053967,-0.0037007,-0.0011308,0.004366,-0.0015486,0.00078047,-0.00030121,7.7285e-06,-0.015547,-0.02391,0.003228,-0.011273,-0.00057189,-0.00033068,0.00030712,-0.00092121,0.0017441,0.0018656,0.029015,nan,-0.00012212
b06_pop,0.0024929,0.0015321,-0.00070241,-0.0018541,0.0067808,-0.0049596,0.00023714,0.0012574,0.000252,-0.00010087,-0.0024363,0.0054747,1,-0.34672,-0.0015392,0.0019894,-0.0020162,0.0050018,0.022253,-0.027062,0.0092527,-0.0020421,-0.0010549,-4.8784e-05,0.0038248,0.019582,-0.0014719,0.0082884,nan,0.0078673,-0.011601,-2.0206e-05,0.011399,0.0061588,0.0057336,-0.0028427,0.0043365,0.011666,-0.0090318,0.0048964,-0.0037488,-0.0024851,-0.00036117,0.0060915,0.0019276,-0.0022111,0.032765,-0.26228,-0.0012227,-0.00015787,-0.0033448,0.0015085,0.0032263,-0.0011197,0.00019653,nan,-0.0030851
b16_pop,-0.0064234,-0.027216,-0.025327,-0.0075335,-0.013376,0.0080396,-0.00023287,-0.0062728,-0.00017299,0.0033914,0.0050437,-0.010424,-0.34672,1,0.00096451,-0.0030178,-0.0055625,-0.0097552,-0.1026,0.065271,-0.013834,-0.011004,0.0074081,-6.6719e-05,-0.017957,-0.090482,0.0038986,-0.028836,nan,-0.035748,0.037394,-0.0024093,0.0016141,-0.028323,-0.0092521,0.02807,0.020093,-0.025595,0.016283,-0.01103,0.0081102,0.0078309,-0.00022129,-0.0091203,-0.0055492,0.0041298,-0.020154,0.59564,0.00064131,-0.00044383,-0.0067569,-0.00043931,-0.0065927,0.0034167,0.0036311,nan,0.0038816
b07_pop,0.00070712,0.0048702,0.0064925,0.0040638,0.00037612,-0.0032678,0.0013265,-6.6641e-05,-5.6074e-05,-0.0033117,-0.0002251,0.00072442,-0.0015392,0.00096451,1,-0.14785,-0.0047593,-0.014315,0.0043265,0.013712,-0.0064754,-0.02081,0.0036806,-0.0041625,0.001901,0.0049129,0.049726,-0.018938,nan,-0.027548,-0.011849,0.038122,-0.0035766,-0.0052504,0.00081944,-0.0048981,-0.0069485,-0.0025015,0.00014704,-0.0015773,0.00099973,-0.00059756,0.00063569,-0.0011482,7.2172e-05,0.002375,5.7857e-05,0.0023753,0.099482,-0.022672,0.0041849,6.107e-06,-0.00030511,0.00010437,0.00075201,nan,-0.043632
b17_pop,-0.00040537,0.0013899,0.0010001,-0.0021778,-0.0055318,0.0024623,-0.0007447,0.0012066,-0.0006769,0.0082444,0.0013756,-0.0022006,0.0019894,-0.0030178,-0.14785,1,0.000897,-0.052129,0.0056492,0.019469,-0.026395,-0.017464,-0.0028545,-0.0052052,0.0025571,0.0064918,0.06553,-0.0248,nan,-0.035703,-0.013018,0.048538,-0.0063477,-0.0067892,0.0004663,0.00083099,0.0022355,0.0075835,-0.0035208,0.0049504,-0.0018153,0.0067526,-0.0017017,0.003109,-0.0036557,-0.0025653,0.0026176,-0.0079886,-0.0574,0.07428,-0.0047303,0.0012279,0.00016271,-0.0010425,0.0011063,nan,0.022002
p1_pop,0.0059991,-0.04827,-0.038547,-0.012532,0.028623,0.069128,-0.022054,-0.054926,-0.00010574,-0.0081133,0.0013268,-0.0042835,-0.0020162,-0.0055625,-0.0047593,0.000897,1,-0.2141,0.063127,-0.11399,-0.56294,0.65337,-0.86376,0.059913,0.0068145,0.05704,-0.17183,0.075124,nan,0.26426,0.086319,-0.23588,-0.14012,0.073575,0.0062707,0.032793,0.039443,-0.063787,-0.014257,0.017526,-0.0026437,-0.029697,0.00036555,-0.0030971,0.0038917,0.0015002,0.00055479,0.016732,-0.0029298,-0.0042069,-0.038999,-0.0094861,-0.016402,0.0001425,-0.0023824,nan,0.0018083
g1_pop,-0.0075771,0.061946,0.04705,0.015734,0.029849,-0.048553,-0.03285,0.087022,0.00087867,0.0038325,0.0010995,-0.0047198,0.0050018,-0.0097552,-0.014315,-0.052129,-0.2141,1,0.0184,-0.19096,0.59298,0.083386,0.1865,0.027658,-0.0046471,0.0038467,-0.44155,0.17317,nan,0.25651,0.084615,-0.28385,0.069608,0.060765,-0.010754,-0.029629,-0.050989,0.037004,-0.010435,0.025785,-0.016589,0.043618,-3.7704e-06,0.0004749,0.0052451,0.00087011,0.0031392,-0.014641,-0.015672,-0.0065674,0.036427,-0.0025469,-0.0010701,0.00057224,-0.0032021,nan,0.0053713
p2_pop,0.0097445,0.12864,0.095601,0.039231,0.0030554,0.0099271,-0.013785,0.11147,-0.0025337,-0.082643,-0.001432,0.0015922,0.022253,-0.1026,0.0043265,0.0056492,0.063127,0.0184,1,-0.40509,0.029437,0.10624,-0.068252,-0.0078459,0.1784,0.88447,0.065024,0.021126,nan,0.28562,-0.17235,0.12788,-0.44472,0.26234,0.015167,-0.038797,-0.095728,0.05727,-0.002126,0.0059533,0.0015032,0.014584,0.0040913,-0.0010469,-0.001604,-0.00073032,-1.9736e-05,-0.051352,0.0030032,-0.00079587,-0.010429,-0.0022606,-0.0023221,-0.004302,0.0048344,nan,-0.0029531
g2_pop,-0.002871,-0.073335,-0.064835,-0.014391,-0.0074489,-0.012493,0.027832,-0.074824,-0.0051205,0.032969,-0.001356,0.0046097,-0.027062,0.065271,0.013712,0.019469,-0.11399,-0.19096,-0.40509,1,-0.096113,-0.2091,0.093369,-0.072496,-0.050535,-0.33823,0.29463,0.010674,nan,-0.63877,-0.12506,0.25129,-0.12882,-0.22677,-0.0033408,0.027699,0.063432,-0.034838,0.0037022,-0.0095037,0.0013138,0.013409,-0.0037846,0.003739,-0.00552,-0.00084953,-0.0021738,0.060312,0.010478,0.0030743,-0.014195,0.0035675,0.0058796,0.00046277,0.0027756,nan,-0.002492
alpha11_pop,-0.010364,0.13891,0.13592,0.10562,-0.00456,-0.047962,-0.00099348,0.064867,-0.00021658,0.0077294,0.00030248,-0.0019422,0.0092527,-0.013834,-0.0064754,-0.026395,-0.56294,0.59298,0.029437,-0.096113,1,-0.25193,0.41861,-0.0069783,0.00066364,0.016869,-0.17889,0.10327,nan,0.075692,0.012219,-0.070397,0.087834,0.021911,-0.020167,-0.142,-0.14737,0.060182,0.0064607,-0.0031316,-0.001906,0.033721,-7.7832e-05,-0.0011957,0.0022463,-0.00075839,0.013687,-0.025766,-0.0087011,0.0059594,0.13889,0.0035495,0.0062846,0.0046319,-0.00099389,nan,0.00033511
alpha12_pop,0.007725,-0.011783,-0.018676,-0.023128,0.030449,0.06983,-0.012205,-0.0025879,0.0011834,-0.0086238,0.0022091,-0.0065712,-0.0020421,-0.011004,-0.02081,-0.017464,0.65337,0.083386,0.10624,-0.2091,-0.25193,1,-0.39289,0.062828,0.017324,0.087009,-0.38586,0.22892,nan,0.3946,0.14822,-0.36803,-0.13094,0.11115,0.00851,0.021748,0.015983,-0.0056794,-0.010678,0.053087,0.00083868,-0.027016,0.00099737,-0.0014832,0.0067336,0.0019809,-0.0047216,0.0090613,-0.012047,-0.0012396,-0.037422,-0.019432,-0.010313,-0.0020961,-0.00049782,nan,0.0015371
alpha13_pop,-0.0067751,0.031917,0.022232,-0.012413,-0.0084561,-0.045059,0.014065,0.042417,0.00072338,0.0075017,-0.00078189,0.0032264,-0.0010549,0.0074081,0.0036806,-0.0028545,-0.86376,0.1865,-0.068252,0.093369,0.41861,-0.39289,1,-0.048185,-0.011248,-0.062179,0.073445,-0.019049,nan,-0.21201,-0.047126,0.15713,0.12727,-0.0629,-0.0071062,-0.012645,-0.022386,0.059438,0.0032583,-0.0039397,-0.0061424,0.0051352,-3.0547e-05,0.0035014,-0.0024316,-0.0015149,-0.0063463,-0.013222,0.0017327,0.0035863,0.021458,0.0062305,0.022812,-0.0021482,0.0036254,nan,-0.0037901
alpha14_pop,0.00052976,-0.0004933,-0.0015133,-0.00013591,0.0018706,0.0053796,-0.0031164,0.0013224,0.00022419,0.0013456,0.00042044,-0.0017255,-4.8784e-05,-6.6719e-05,-0.0041625,-0.0052052,0.059913,0.027658,-0.0078459,-0.072496,-0.0069783,0.062828,-0.048185,1,-0.29502,-0.020348,-0.086856,0.050716,nan,0.13315,0.041142,-0.096415,-0.0032593,-0.0067208,0.00017009,7.806e-05,0.00055515,-0.0026094,-0.000561,0.0019491,-0.00016213,-0.0067452,8.5214e-05,-0.00061994,0.0014002,0.00049419,0.00066186,0.001866,-0.0030304,-0.0010175,0.00044883,-0.0011074,-0.0017238,0.00031974,-0.00129,nan,0.0011456
alpha15_pop,0.0016702,0.022106,0.01666,0.0063676,0.00057043,0.0011869,-0.0017678,0.018843,-0.00049602,-0.014985,-0.00027796,0.0011228,0.0038248,-0.017957,0.001901,0.0025571,0.0068145,-0.0046471,0.1784,-0.050535,0.00066364,0.017324,-0.011248,-0.29502,1,0.19357,0.035991,-0.011276,nan,0.012638,-0.04087,0.053652,-0.079367,0.07324,0.0027486,-0.006248,-0.016383,0.010616,-0.00041059,0.0014263,0.00016527,0.0045434,0.00069776,-2.3842e-05,-0.00047628,-0.00015854,-0.00030462,-0.0091779,0.0014207,0.0002513,-0.00277,-0.00039423,-0.00014391,-0.00089056,0.0012266,nan,-0.00091361
alpha16_pop,0.0085498,0.11249,0.083851,0.034303,0.002662,0.0084893,-0.011656,0.096764,-0.0022945,-0.07334,-0.0013617,0.001794,0.019582,-0.090482,0.0049129,0.0064918,0.05704,0.0038467,0.88447,-0.33823,0.016869,0.087009,-0.062179,-0.020348,0.19357,1,0.078879,0.005531,nan,0.21849,-0.16208,0.13544,-0.3935,0.27056,0.013442,-0.033493,-0.083665,0.049969,-0.0019446,0.0049571,0.0013309,0.014183,0.0035702,-0.00080528,-0.0017505,-0.00076056,-0.00020249,-0.045472,0.0034573,-0.00050329,-0.010126,-0.0018454,-0.0018519,-0.003874,0.0045802,nan,-0.0028893
alpha17_pop,-0.0019238,-0.009956,0.0018321,-0.0018699,-0.0098428,-0.023622,0.010978,-0.018616,-0.0015737,-0.01037,-0.0033151,0.012996,-0.0014719,0.0038986,0.049726,0.06553,-0.17183,-0.44155,0.065024,0.29463,-0.17889,-0.38586,0.073445,-0.086856,0.035991,0.078879,1,-0.39043,nan,-0.56633,-0.22528,0.76337,-0.065803,-0.11285,0.00071202,0.0070198,0.0047412,0.002834,0.0051033,-0.014835,0.0019345,0.025244,-0.00060584,0.0034956,-0.012135,-0.0031662,-0.0052435,0.0048639,0.036521,0.012863,-0.0071571,0.0064426,0.0046354,-0.0014904,0.010528,nan,-0.013393
alpha21_pop,0.00015969,0.090614,0.064462,0.037561,0.0038057,0.018095,-0.0021497,0.018046,-0.00073321,0.0078115,0.0014183,-0.0067605,0.0082884,-0.028836,-0.018938,-0.0248,0.075124,0.17317,0.021126,0.010674,0.10327,0.22892,-0.019049,0.050716,-0.011276,0.005531,-0.39043,1,nan,0.35715,0.21071,-0.41748,-0.12188,0.083805,-0.0059104,-0.072891,-0.080562,0.0094035,-0.0015256,0.0077758,0.0021299,-0.017728,0.0019956,0.00012061,0.0070721,-5.7966e-05,0.0054688,-0.022035,-0.01308,-0.00334,0.056063,-0.0041644,-0.0027335,-0.00017082,-0.0033382,nan,0.003855
alpha22_pop,nan,nan,nan,nan,nan,nan,nan,nan,nan,nan,nan,nan,nan,nan,nan,nan,nan,nan,nan,nan,nan,nan,nan,nan,nan,nan,nan,nan,nan,nan,nan,nan,nan,nan,nan,nan,nan,nan,nan,nan,nan,nan,nan,nan,nan,nan,nan,nan,nan,nan,nan,nan,nan,nan,nan,nan,nan
alpha23_pop,0.0061253,0.052454,0.031487,0.015534,0.0099532,0.02955,-0.023029,0.060558,0.00064685,-0.018383,0.0024864,-0.010217,0.0078673,-0.035748,-0.027548,-0.035703,0.26426,0.25651,0.28562,-0.63877,0.075692,0.3946,-0.21201,0.13315,0.012638,0.21849,-0.56633,0.35715,nan,1,0.21916,-0.59398,-0.1544,0.2853,0.0053429,-0.020569,-0.038684,0.015299,-0.0030022,0.015021,-0.00048288,-0.036368,0.0024276,-0.0040926,0.0092241,0.0032539,0.0044722,-0.0079323,-0.0201,-0.0063626,0.0074661,-0.0073237,-0.010139,0.00049123,-0.0070759,nan,0.0066101
alpha24_pop,0.0012034,-0.018035,-0.01139,-0.005694,0.002924,0.010022,-0.0023216,-0.019884,0.0011451,0.075878,0.0014128,-0.0026714,-0.011601,0.037394,-0.011849,-0.013018,0.086319,0.084615,-0.17235,-0.12506,0.012219,0.14822,-0.047126,0.041142,-0.04087,-0.16208,-0.22528,0.21071,nan,0.21916,1,-0.21592,0.10978,0.016211,-0.0030003,-0.00076752,0.007425,-0.018395,0.0017514,0.0052975,-0.0023956,-0.016306,-0.0032971,-0.016341,0.0027977,-0.00047479,4.3342e-05,0.033857,-0.0078922,1.603e-05,0.0068402,-0.0027645,-0.0018921,0.012662,-0.002611,nan,0.0028734
alpha25_pop,-0.001557,-0.00021453,0.0078938,-0.00084498,-0.0083447,-0.02726,0.010406,-0.0029405,-0.0014584,-0.013573,-0.0046968,0.018143,-2.0206e-05,-0.0024093,0.038122,0.048538,-0.23588,-0.28385,0.12788,0.25129,-0.070397,-0.36803,0.15713,-0.096415,0.053652,0.13544,0.76337,-0.41748,nan,-0.59398,-0.21592,1,-0.043657,-0.10419,0.0015202,0.0060482,-0.00075404,0.012762,0.0036455,-0.012512,0.0015847,0.033407,-0.00040247,0.0027342,-0.014094,-0.005604,-0.0048053,-0.0027904,0.027536,0.0094791,-0.0089787,0.0062384,0.005578,-0.0014201,0.013983,nan,-0.010259
alpha26_pop,-0.0021867,-0.045695,-0.027878,-0.015985,-0.00045243,-0.016211,0.0097717,-0.044883,0.00048011,0.043399,0.001644,-0.00047316,0.011399,0.0016141,-0.0035766,-0.0063477,-0.14012,0.069608,-0.44472,-0.12882,0.087834,-0.13094,0.12727,-0.0032593,-0.079367,-0.3935,-0.065803,-0.12188,nan,-0.1544,0.10978,-0.043657,1,-0.123,-0.0065124,0.0077141,0.03117,-0.010761,-0.0022738,-0.0036602,-0.0067447,-0.0025387,-0.0029331,0.0027349,0.0035442,-0.0008502,-0.0042236,-0.088652,-0.0036133,0.0017359,0.013303,0.0033898,0.0040171,0.0024834,-0.0045902,nan,0.0019366
alpha27_pop,0.0033261,0.037181,0.025943,0.011198,0.0029086,0.0087146,-0.0080255,0.035762,-0.00035325,-0.020487,0.00026188,-0.0018866,0.0061588,-0.028323,-0.0052504,-0.0067892,0.073575,0.060765,0.26234,-0.22677,0.021911,0.11115,-0.0629,-0.0067208,0.07324,0.27056,-0.11285,0.083805,nan,0.2853,0.016211,-0.10419,-0.123,1,0.0042253,-0.012227,-0.027585,0.014765,-0.0011092,0.0046268,0.00018376,-0.0054365,0.001363,-0.0011411,0.0017211,0.0005682,0.00099105,-0.011823,-0.0038604,-0.0015481,-0.00043337,-0.0021217,-0.0028088,-0.0007349,-0.0005776,nan,0.00087435
omega_b01,0.17787,-0.072784,-0.020892,-0.055881,0.00049221,0.00031616,-0.00030691,3.8828e-05,0.0004933,-0.0039655,0.00029941,-0.0021365,0.0057336,-0.0092521,0.00081944,0.0004663,0.0062707,-0.010754,0.015167,-0.0033408,-0.020167,0.00851,-0.0071062,0.00017009,0.0027486,0.013442,0.00071202,-0.0059104,nan,0.0053429,-0.0030003,0.0015202,-0.0065124,0.0042253,1,0.065826,0.043517,0.028429,0.0019793,0.00052792,-0.00276,0.0015105,0.0002829,-0.0039744,-0.00036959,0.00097359,-0.0022136,-0.013117,0.001402,0.00040502,-0.14372,-0.00071974,-2.8328e-05,0.0019417,-0.0031276,nan,-0.0013308
omega_b11,0.041379,-0.7867,-0.80399,-0.40822,0.0063881,-0.0064063,-0.02235,0.0065718,0.0062153,-0.024189,-0.001297,0.0017549,-0.0028427,0.02807,-0.0048981,0.00083099,0.032793,-0.029629,-0.038797,0.027699,-0.142,0.021748,-0.012645,7.806e-05,-0.006248,-0.033493,0.0070198,-0.072891,nan,-0.020569,-0.00076752,0.0060482,0.0077141,-0.012227,0.065826,1,0.78311,-0.14452,-0.00212,0.039991,-0.00763,0.0094822,-0.004191,0.0015628,-0.0093565,0.0095801,-0.0081722,0.031606,-0.0066231,-0.0070109,-0.45778,-0.0036984,0.012908,-0.0017199,-0.020332,nan,0.010619
omega_b21,-0.039717,-0.74599,-0.8987,-0.42988,0.0066373,-0.0085586,-0.025849,0.011183,0.0067007,-0.023106,-0.0021811,0.0053967,0.0043365,0.020093,-0.0069485,0.0022355,0.039443,-0.050989,-0.095728,0.063432,-0.14737,0.015983,-0.022386,0.00055515,-0.016383,-0.083665,0.0047412,-0.080562,nan,-0.038684,0.007425,-0.00075404,0.03117,-0.027585,0.043517,0.78311,1,-0.14896,0.0011831,0.044503,-0.0077696,0.011351,-0.0029307,0.00030025,-0.0096788,0.0096483,-0.0063995,0.019512,-0.0086978,-0.0064623,-0.50363,-0.0039974,0.015887,-0.002968,-0.021055,nan,0.012797
omega_a1,0.033338,0.30462,0.24133,-0.52705,-0.0035747,-0.0028326,-0.0021008,-0.00047842,0.0049796,-0.007851,9.8314e-05,-0.0037007,0.011666,-0.025595,-0.0025015,0.0075835,-0.063787,0.037004,0.05727,-0.034838,0.060182,-0.0056794,0.059438,-0.0026094,0.010616,0.049969,0.002834,0.0094035,nan,0.015299,-0.018395,0.012762,-0.010761,0.014765,0.028429,-0.14452,-0.14896,1,0.015399,0.015081,0.0037768,-0.0085937,0.0050421,0.0088978,0.0034917,0.020461,-0.032603,-0.03719,-0.0054583,-0.0090583,-0.029241,-0.0062437,-0.0053913,-0.0036994,-0.0030108,nan,0.0011541
omega_b02,0.001154,0.002895,0.0012231,-0.010867,-0.012195,-0.033089,-0.0022304,0.0010573,-0.00014374,0.00089831,-0.0007642,-0.0011308,-0.0090318,0.016283,0.00014704,-0.0035208,-0.014257,-0.010435,-0.002126,0.0037022,0.0064607,-0.010678,0.0032583,-0.000561,-0.00041059,-0.0019446,0.0051033,-0.0015256,nan,-0.0030022,0.0017514,0.0036455,-0.0022738,-0.0011092,0.0019793,-0.00212,0.0011831,0.015399,1,-0.065956,-0.00091271,-0.0017373,0.0013656,-0.0078218,-0.0013014,0.0036985,0.0011358,0.016029,-0.0017092,0.0015213,0.0013629,-0.10111,-0.00031408,0.003418,0.0028361,nan,-0.0014412
omega_b12,-0.0020807,-0.029348,-0.042068,-0.041437,-0.0021311,0.03225,-0.00053684,-0.0041434,0.00027924,0.001352,-0.0021546,0.004366,0.0048964,-0.01103,-0.0015773,0.0049504,0.017526,0.025785,0.0059533,-0.0095037,-0.0031316,0.053087,-0.0039397,0.0019491,0.0014263,0.0049571,-0.014835,0.0077758,nan,0.015021,0.0052975,-0.012512,-0.0036602,0.0046268,0.00052792,0.039991,0.044503,0.015081,-0.065956,1,0.0015689,0.00029044,-0.0016121,0.0071239,0.0013043,0.0033059,-0.0017279,-0.012376,-0.0016714,-0.00091667,-0.022596,-0.063146,0.0037655,-0.0037158,-0.0021838,nan,0.00048819
omega_b03,-0.00029022,0.0056441,0.0079712,0.0011053,0.00066489,-0.0027842,-0.0059964,0.0099082,-0.00063609,0.0010565,0.0008025,-0.0015486,-0.0037488,0.0081102,0.00099973,-0.0018153,-0.0026437,-0.016589,0.0015032,0.0013138,-0.001906,0.00083868,-0.0061424,-0.00016213,0.00016527,0.0013309,0.0019345,0.0021299,nan,-0.00048288,-0.0023956,0.0015847,-0.0067447,0.00018376,-0.00276,-0.00763,-0.0077696,0.0037768,-0.00091271,0.0015689,1,-0.0146,0.0010863,0.0032375,0.0027287,-0.0039843,-0.0011288,0.012889,0.0014572,-0.0010819,0.0083296,0.0015652,-0.097918,0.00037881,0.00083862,nan,-0.00023995
omega_b13,0.0010211,-0.011187,-0.010919,0.0038866,-0.0030267,0.0078803,0.021204,-0.037137,-0.00011689,0.0024111,-0.00072892,0.00078047,-0.0024851,0.0078309,-0.00059756,0.0067526,-0.029697,0.043618,0.014584,0.013409,0.033721,-0.027016,0.0051352,-0.0067452,0.0045434,0.014183,0.025244,-0.017728,nan,-0.036368,-0.016306,0.033407,-0.0025387,-0.0054365,0.0015105,0.0094822,0.011351,-0.0085937,-0.0017373,0.00029044,-0.0146,1,-0.00094586,-0.0061392,-0.0027754,0.0015627,0.0016377,0.0048639,0.00060224,-0.002015,-0.0059533,4.5265e-05,-0.060293,0.00017981,0.0031879,nan,0.0016675
omega_b04,-0.00030122,0.0047693,0.0041805,-0.00061341,-0.00075079,0.0014267,-0.00046358,0.00011579,0.0024243,-0.012383,0.00018465,-0.00030121,-0.00036117,-0.00022129,0.00063569,-0.0017017,0.00036555,-3.7704e-06,0.0040913,-0.0037846,-7.7832e-05,0.00099737,-3.0547e-05,8.5214e-05,0.00069776,0.0035702,-0.00060584,0.0019956,nan,0.0024276,-0.0032971,-0.00040247,-0.0029331,0.001363,0.0002829,-0.004191,-0.0029307,0.0050421,0.0013656,-0.0016121,0.0010863,-0.00094586,1,-0.014891,-0.00014839,0.00092817,-0.00048159,0.00014949,0.00073495,0.00077158,0.00086334,-0.00063187,-0.00033906,-0.035604,-7.5799e-05,nan,-0.000301
omega_b14,-0.0022596,-0.0012384,-0.0033724,-0.0010691,0.0014094,-0.006355,-0.0023968,0.0027179,0.00048136,-0.0049213,-0.0022969,7.7285e-06,0.0060915,-0.0091203,-0.0011482,0.003109,-0.0030971,0.0004749,-0.0010469,0.003739,-0.0011957,-0.0014832,0.0035014,-0.00061994,-2.3842e-05,-0.00080528,0.0034956,0.00012061,nan,-0.0040926,-0.016341,0.0027342,0.0027349,-0.0011411,-0.0039744,0.0015628,0.00030025,0.0088978,-0.0078218,0.0071239,0.0032375,-0.0061392,-0.014891,1,0.0019249,-0.0037097,0.0071663,-0.015526,-0.00081724,-0.01289,-0.0044012,0.0004192,-0.0009606,-0.11405,0.00082925,nan,0.0013189
omega_b05,0.0019545,0.011257,0.012763,0.00018624,0.00059516,-0.00059239,0.00098573,-0.00056848,-0.00018693,0.00071402,0.040921,-0.015547,0.0019276,-0.0055492,7.2172e-05,-0.0036557,0.0038917,0.0052451,-0.001604,-0.00552,0.0022463,0.0067336,-0.0024316,0.0014002,-0.00047628,-0.0017505,-0.012135,0.0070721,nan,0.0092241,0.0027977,-0.014094,0.0035442,0.0017211,-0.00036959,-0.0093565,-0.0096788,0.0034917,-0.0013014,0.0013043,0.0027287,-0.0027754,-0.00014839,0.0019249,1,-0.011264,-0.0023283,-0.0069664,0.0008811,0.0043057,0.0059572,-0.0010508,-0.00070701,0.00089343,-0.1313,nan,-0.00086531
omega_b15,-0.0010821,-0.0056658,-0.0087795,-0.017535,-5.4908e-05,0.00074136,0.0028256,-0.0039411,0.00030187,-0.005945,0.0016983,-0.02391,-0.0022111,0.0041298,0.002375,-0.0025653,0.0015002,0.00087011,-0.00073032,-0.00084953,-0.00075839,0.0019809,-0.0015149,0.00049419,-0.00015854,-0.00076056,-0.0031662,-5.7966e-05,nan,0.0032539,-0.00047479,-0.005604,-0.0008502,0.0005682,0.00097359,0.0095801,0.0096483,0.020461,0.0036985,0.0033059,-0.0039843,0.0015627,0.00092817,-0.0037097,-0.011264,1,-0.00045506,0.0013086,0.001966,-0.0029359,-0.0091223,-0.0020203,0.0010468,-0.00067771,-0.08723,nan,0.00075249
omega_b06,-0.0036326,-0.00064462,-0.00080461,0.027793,-0.0039439,0.0018289,0.00074627,-0.00013216,-0.0014968,0.0024021,-0.0026939,0.003228,0.032765,-0.020154,5.7857e-05,0.0026176,0.00055479,0.0031392,-1.9736e-05,-0.0021738,0.013687,-0.0047216,-0.0063463,0.00066186,-0.00030462,-0.00020249,-0.0052435,0.0054688,nan,0.0044722,4.3342e-05,-0.0048053,-0.0042236,0.00099105,-0.0022136,-0.0081722,-0.0063995,-0.032603,0.0011358,-0.0017279,-0.0011288,0.0016377,-0.00048159,0.0071663,-0.0023283,-0.00045506,1,-0.037443,-0.00061415,-0.0010618,0.011166,0.0012172,0.00031553,-0.002352,-0.002348,nan,-0.0016511
omega_b16,-0.0093137,-0.028797,-0.028054,0.00054811,-0.012062,0.0080549,-0.0011198,-0.0059322,-0.00024252,-0.00064067,0.0056562,-0.011273,-0.26228,0.59564,0.0023753,-0.0079886,0.016732,-0.014641,-0.051352,0.060312,-0.025766,0.0090613,-0.013222,0.001866,-0.0091779,-0.045472,0.0048639,-0.022035,nan,-0.0079323,0.033857,-0.0027904,-0.088652,-0.011823,-0.013117,0.031606,0.019512,-0.03719,0.016029,-0.012376,0.012889,0.0048639,0.00014949,-0.015526,-0.0069664,0.0013086,-0.037443,1,0.0016044,-0.0035702,-0.01029,0.00033427,-0.0083087,0.0055964,0.0055592,nan,0.0029203
omega_b07,0.0022317,0.0060727,0.00862,0.0055559,-0.00074746,0.00081657,7.6125e-05,0.00034399,-0.00015702,0.00088575,-3.0424e-06,-0.00057189,-0.0012227,0.00064131,0.099482,-0.0574,-0.0029298,-0.015672,0.0030032,0.010478,-0.0087011,-0.012047,0.0017327,-0.0030304,0.0014207,0.0034573,0.036521,-0.01308,nan,-0.0201,-0.0078922,0.027536,-0.0036133,-0.0038604,0.001402,-0.0066231,-0.0086978,-0.0054583,-0.0017092,-0.0016714,0.0014572,0.00060224,0.00073495,-0.00081724,0.0008811,0.001966,-0.00061415,0.0016044,1,-0.0023411,0.0051469,0.00067672,-0.0015894,-1.2858e-05,-2.5282e-05,nan,-0.1008
omega_b17,-2.2041e-06,0.0021392,0.0042786,0.013595,-0.0036903,0.0058891,0.00098977,-0.0041723,-0.00092895,0.0072536,-0.00071446,-0.00033068,-0.00015787,-0.00044383,-0.022672,0.07428,-0.0042069,-0.0065674,-0.00079587,0.0030743,0.0059594,-0.0012396,0.0035863,-0.0010175,0.0002513,-0.00050329,0.012863,-0.00334,nan,-0.0063626,1.603e-05,0.0094791,0.0017359,-0.0015481,0.00040502,-0.0070109,-0.0064623,-0.0090583,0.0015213,-0.00091667,-0.0010819,-0.002015,0.00077158,-0.01289,0.0043057,-0.0029359,-0.0010618,-0.0035702,-0.0023411,1,0.0037437,-0.0021321,-0.0010101,0.0022343,-0.0023215,nan,-0.081283
b_1,-0.035875,0.39199,0.44853,0.24913,-0.0017081,0.0012069,0.014101,-0.0076894,-0.0046357,0.017984,0.00050378,0.00030712,-0.0033448,-0.0067569,0.0041849,-0.0047303,-0.038999,0.036427,-0.010429,-0.014195,0.13889,-0.037422,0.021458,0.00044883,-0.00277,-0.010126,-0.0071571,0.056063,nan,0.0074661,0.0068402,-0.0089787,0.013303,-0.00043337,-0.14372,-0.45778,-0.50363,-0.029241,0.0013629,-0.022596,0.0083296,-0.0059533,0.00086334,-0.0044012,0.0059572,-0.0091223,0.011166,-0.01029,0.0051469,0.0037437,1,0.0012261,-0.0081064,0.003108,0.010289,nan,-0.0053499
a_2,-0.00028802,0.0023474,0.0038772,0.0070854,0.0011976,-0.00012432,0.0011978,-0.00063274,0.00012068,2.874e-05,0.00046485,-0.00092121,0.0015085,-0.00043931,6.107e-06,0.0012279,-0.0094861,-0.0025469,-0.0022606,0.0035675,0.0035495,-0.019432,0.0062305,-0.0011074,-0.00039423,-0.0018454,0.0064426,-0.0041644,nan,-0.0073237,-0.0027645,0.0062384,0.0033898,-0.0021217,-0.00071974,-0.0036984,-0.0039974,-0.0062437,-0.10111,-0.063146,0.0015652,4.5265e-05,-0.00063187,0.0004192,-0.0010508,-0.0020203,0.0012172,0.00033427,0.00067672,-0.0021321,0.0012261,1,-0.00060954,0.00070248,0.0015065,nan,0.00052434
a_3,-0.0015049,-0.010953,-0.014815,-0.0077711,0.0010247,-0.0015128,-0.0014452,0.010588,0.0003766,-8.8305e-05,-0.0015092,0.0017441,0.0032263,-0.0065927,-0.00030511,0.00016271,-0.016402,-0.0010701,-0.0023221,0.0058796,0.0062846,-0.010313,0.022812,-0.0017238,-0.00014391,-0.0018519,0.0046354,-0.0027335,nan,-0.010139,-0.0018921,0.005578,0.0040171,-0.0028088,-2.8328e-05,0.012908,0.015887,-0.0053913,-0.00031408,0.0037655,-0.097918,-0.060293,-0.00033906,-0.0009606,-0.00070701,0.0010468,0.00031553,-0.0083087,-0.0015894,-0.0010101,-0.0081064,-0.00060954,1,0.0010402,-0.00082771,nan,-0.00017807
a_4,0.0019345,0.00059351,0.0020321,0.0023037,0.0011343,-0.00056337,-9.6602e-05,-0.0016738,-0.0015254,0.023821,0.0004556,0.0018656,-0.0011197,0.0034167,0.00010437,-0.0010425,0.0001425,0.00057224,-0.004302,0.00046277,0.0046319,-0.0020961,-0.0021482,0.00031974,-0.00089056,-0.003874,-0.0014904,-0.00017082,nan,0.00049123,0.012662,-0.0014201,0.0024834,-0.0007349,0.0019417,-0.0017199,-0.002968,-0.0036994,0.003418,-0.0037158,0.00037881,0.00017981,-0.035604,-0.11405,0.00089343,-0.00067771,-0.002352,0.0055964,-1.2858e-05,0.0022343,0.003108,0.00070248,0.0010402,1,-0.00048635,nan,0.00077222
b_5,-0.0023764,0.019061,0.021178,0.013979,0.00046648,-0.00034507,0.00034121,-6.6702e-05,-0.00040093,-0.00043654,-0.024319,0.029015,0.00019653,0.0036311,0.00075201,0.0011063,-0.0023824,-0.0032021,0.0048344,0.0027756,-0.00099389,-0.00049782,0.0036254,-0.00129,0.0012266,0.0045802,0.010528,-0.0033382,nan,-0.0070759,-0.002611,0.013983,-0.0045902,-0.0005776,-0.0031276,-0.020332,-0.021055,-0.0030108,0.0028361,-0.0021838,0.00083862,0.0031879,-7.5799e-05,0.00082925,-0.1313,-0.08723,-0.002348,0.0055592,-2.5282e-05,-0.0023215,0.010289,0.0015065,-0.00082771,-0.00048635,1,nan,-0.00035722
b_6,nan,nan,nan,nan,nan,nan,nan,nan,nan,nan,nan,nan,nan,nan,nan,nan,nan,nan,nan,nan,nan,nan,nan,nan,nan,nan,nan,nan,nan,nan,nan,nan,nan,nan,nan,nan,nan,nan,nan,nan,nan,nan,nan,nan,nan,nan,nan,nan,nan,nan,nan,nan,nan,nan,nan,nan,nan
b_7,-0.0031574,-0.011008,-0.013613,-0.0047917,0.0013339,-0.0020264,-0.00024761,0.00050637,-0.00046905,0.0014485,0.0007058,-0.00012212,-0.0030851,0.0038816,-0.043632,0.022002,0.0018083,0.0053713,-0.0029531,-0.002492,0.00033511,0.0015371,-0.0037901,0.0011456,-0.00091361,-0.0028893,-0.013393,0.003855,nan,0.0066101,0.0028734,-0.010259,0.0019366,0.00087435,-0.0013308,0.010619,0.012797,0.0011541,-0.0014412,0.00048819,-0.00023995,0.0016675,-0.000301,0.0013189,-0.00086531,0.00075249,-0.0016511,0.0029203,-0.1008,-0.081283,-0.0053499,0.00052434,-0.00017807,0.00077222,-0.00035722,nan,1
