b01_pop,1,-0.1099,0.12451,-0.060159,0.00044507,-0.0022276,0.00011896,-0.00047222,-0.00098602,0.0032819,0.00018515,0.0025075,0.0013625,-0.002984,0.004371,-0.011003,0.0028839,0.0058058,-0.009984,0.0017775,-0.004231,8.6572e-05,0.0027403,7.0946e-05,0.0058536,-0.00040462,0.0016584,0.0032251,nan,-9.2029e-05,0.18226,0.070056,-0.056045,0.025868,-0.0032464,0.0012619,-0.00094226,-5.6186e-05,-0.002303,-0.0029086,-0.0012933,-0.001307,0.00076798,-0.0020514,-0.020502,-0.00089119,-0.00044578,0.000703,0.001091,nan
b11_pop,-0.1099,1,0.57669,-0.26586,-0.0083212,0.014072,-0.00060436,-0.016968,0.0011998,0.0057438,0.0077983,-0.0022918,0.015064,-0.034743,-0.012975,0.017912,0.059034,-0.029878,0.037568,-0.002601,-0.0021709,-0.00030044,0.0093597,-0.00020466,0.026735,0.0015494,0.031103,-0.0061255,nan,-0.0047068,-0.068393,-0.49436,-0.3828,0.35884,-0.014839,0.0041247,-0.0042154,-0.011796,0.00063498,0.0011955,0.0013853,0.010533,0.018533,-0.043162,0.052768,0.0067403,0.003676,-0.011778,-0.0098852,nan
b21_pop,0.12451,0.57669,1,-0.21501,-0.0048625,0.011577,-0.0018066,-0.0098391,-0.0011378,0.0093783,0.0078164,-0.0011399,0.02015,-0.050446,0.0021626,0.0036272,0.017596,-0.02654,0.015498,0.0079793,0.0021288,-0.0002388,0.0011527,-0.00013315,-0.024985,0.0011838,0.0070835,-0.00040716,nan,-0.0015063,0.034373,-0.38496,-0.63178,0.31831,-0.027984,0.0024833,-0.0041645,-0.01452,-0.0044281,-0.0050357,0.0033885,0.0073744,0.026847,-0.059464,0.082847,0.0058953,0.0067901,-0.01046,-0.0092971,nan
a1_pop,-0.060159,-0.26586,-0.21501,1,0.0087216,0.0013895,-0.00071765,0.0038378,-0.0036277,-0.0090723,-0.010498,-0.0053499,-0.0085141,0.041762,-0.0064015,-0.001906,0.0043323,0.0030311,0.030747,0.0091001,0.011072,-4.58e-05,-0.01403,-2.9705e-05,0.0040124,-5.8732e-05,-0.0012521,0.0011146,nan,0.010247,-0.030136,-0.16852,0.039408,-0.7303,0.0018955,-0.011197,0.0012762,0.0030746,-0.0050797,0.012069,0.0082569,0.00095681,-0.011748,0.036307,-0.1302,-0.0039734,0.003853,0.0037681,0.0069318,nan
b02_pop,0.00044507,-0.0083212,-0.0048625,0.0087216,1,-0.23263,0.0008374,-0.0023752,-0.00011982,0.0010989,-0.0019102,0.0020259,-0.0027746,0.010231,0.005862,0.028836,-0.0033516,-0.0024519,0.0028975,0.023955,0.0065704,-4.1666e-05,-0.0037991,1.2501e-05,-0.0024984,7.9495e-05,-0.0033766,0.0034632,nan,0.011754,-0.0017285,0.0042233,0.002685,-0.011894,-0.0055799,-0.011671,-0.00014374,-0.0064917,0.00019253,0.0032464,-0.0010767,-0.0018714,-0.0019779,0.0090928,0.0010508,-0.0029002,0.0011418,0.0010332,0.0010301,nan
b12_pop,-0.0022276,0.014072,0.011577,0.0013895,-0.23263,1,-0.0014758,0.0095283,0.00019268,-0.0022676,0.00071168,-0.0040789,0.0027497,-0.011327,0.01436,-0.051749,0.00086015,-0.0048211,-0.0025858,0.051726,0.023857,-0.00018732,-0.027584,-6.1482e-06,-0.0016664,0.00043424,-0.0058755,-0.00021536,nan,0.018389,0.00043081,-0.015197,-0.013933,0.0074223,-0.024681,0.057108,0.0014338,0.0084553,-0.00041283,-5.1606e-05,0.0024971,-0.0010326,0.0016815,-0.015253,-0.00072381,-0.00048147,0.0013107,-0.000831,-0.00050893,nan
b03_pop,0.00011896,-0.00060436,-0.0018066,-0.00071765,0.0008374,-0.0014758,1,-0.13788,-0.00015624,-0.0010039,0.00050358,-0.0031794,0.00057015,0.00055994,-0.02572,-0.057133,-0.0071593,0.015546,0.008204,0.0085913,0.03159,-1.1399e-05,-0.032845,3.8099e-05,0.0022846,-0.00045875,-0.010443,-0.0021169,nan,0.010772,0.0024197,0.0044771,0.00097057,0.0010011,-0.00014894,0.001696,0.0086634,-0.00022936,-0.00035422,0.00041795,-0.00046238,-0.0021606,-0.00025014,0.00015283,-0.0019418,-0.00017339,-0.00053825,0.0010264,0.0016249,nan
b13_pop,-0.00047222,-0.016968,-0.0098391,0.0038378,-0.0023752,0.0095283,-0.13788,1,-0.000772,0.0072129,0.00032855,0.019277,0.00030151,-0.0013042,-0.0387,0.13707,0.068125,-0.041152,0.030718,-0.032214,-0.049347,-0.00013661,0.075644,-0.00014823,0.0092524,0.0016935,0.045291,-0.0049969,nan,-0.026772,-0.0012772,-0.0031113,0.015246,-0.010678,0.00057403,-0.0011017,0.010451,-0.0087252,0.00040751,-0.0042531,0.0039235,0.0033593,0.0013566,-0.0045912,-0.00033776,0.00021488,-0.00029372,-0.00053738,-0.0048992,nan
b04_pop,-0.00098602,0.0011998,-0.0011378,-0.0036277,-0.00011982,0.00019268,-0.00015624,-0.000772,1,-0.097224,6.5563e-05,0.00032018,-0.00067224,0.0015718,0.00089995,-0.0002855,8.2284e-06,-0.0068294,-0.00018855,0.00014744,-0.00068313,-4.1995e-05,0.00043377,-3.435e-05,-1.8582e-05,0.0002156,0.0010219,0.0021375,nan,0.00010289,-0.00031076,0.00053351,0.0017913,0.0034118,-0.00083301,-0.00010801,0.00044332,-6.7907e-05,0.0039502,-0.0017937,0.00078355,-0.00031925,-6.1312e-05,-0.00068804,0.00062823,-2.2246e-05,-0.00055145,0.00053044,-0.00023032,nan
b14_pop,0.0032819,0.0057438,0.0093783,-0.0090723,0.0010989,-0.0022676,-0.0010039,0.0072129,-0.097224,1,0.00066532,0.00040125,0.0043694,-0.0062311,-0.0039356,0.0041478,-0.045655,0.020224,0.0055279,0.0013313,0.0021423,0.00047399,-0.00049391,0.00037175,-0.0060478,-0.0025432,-0.015518,0.04096,nan,0.012933,-0.00010721,0.0085498,-0.0048557,0.0092435,0.0046666,0.0018358,-0.0029147,0.0026621,-0.0039431,-0.027384,-0.00095312,0.00087431,0.0014543,-0.003994,0.0015441,-0.0008607,0.00057561,0.019003,0.00058977,nan
b05_pop,0.00018515,0.0077983,0.0078164,-0.010498,-0.0019102,0.00071168,0.00050358,0.00032855,6.5563e-05,0.00066532,1,-0.13775,-0.0010743,0.0021269,0.013106,0.021085,0.0011885,-0.00089908,-0.0072661,-0.00243,-0.016748,8.8942e-05,0.020213,5.5811e-05,-0.0010957,-0.00015445,0.0050968,0.0025759,nan,-0.0055791,0.00039078,-0.0023951,-0.0062972,0.012181,-0.0014442,-0.003173,0.00062038,0.0017008,4.8133e-05,-0.0012995,0.056461,-0.0080855,-0.0022089,0.0019939,0.0027401,0.00035457,-0.0011352,-0.00078063,-0.020813,nan
b15_pop,0.0025075,-0.0022918,-0.0011399,-0.0053499,0.0020259,-0.0040789,-0.0031794,0.019277,0.00032018,0.00040125,-0.13775,1,0.001807,-0.004801,0.058024,-0.027773,0.0062028,-0.0022792,-0.040054,0.010222,-0.050402,0.00023104,0.051306,0.00016762,0.0011423,-0.00042092,0.015714,0.0064098,nan,-0.017413,-0.00024837,0.0074186,0.00083086,0.00096893,0.00027582,0.0090843,0.00199,0.0083539,-0.0016392,0.00056806,-0.010372,0.012281,0.0039427,0.00025878,0.00013167,-0.00028597,-0.0034898,0.00051641,-0.0064654,nan
b07_pop,0.0013625,0.015064,0.02015,-0.0085141,-0.0027746,0.0027497,0.00057015,0.00030151,-0.00067224,0.0043694,-0.0010743,0.001807,1,-0.17177,-0.0011902,-0.0010061,-0.0029432,-0.0031884,0.00066397,0.0031297,0.0024396,-3.4036e-05,-0.0022213,-1.1531e-05,-0.00064485,0.00011645,-0.0016644,0.0016695,nan,0.0044846,-0.00049846,-0.010988,-0.012479,0.012093,-0.00041378,0.0036083,0.00018422,-0.0023192,0.00043522,0.0018149,-0.00062414,0.0022537,0.12035,-0.044595,0.0022143,0.00015277,0.0012617,-0.00063308,0.00029539,nan
b17_pop,-0.002984,-0.034743,-0.050446,0.041762,0.010231,-0.011327,0.00055994,-0.0013042,0.0015718,-0.0062311,0.0021269,-0.004801,-0.17177,1,-0.010739,0.003523,-0.018809,-0.013085,0.010744,0.012005,0.015509,-0.00016268,-0.01485,-0.00034655,0.0052035,0.00028491,-0.0070427,0.022052,nan,0.06012,0.00036439,0.019712,0.041854,-0.051232,-0.00071273,-0.0059165,0.0031241,0.0046212,-0.0015245,0.0029873,-0.00022809,-0.0083957,-0.15069,0.36587,-0.0092796,0.00095002,-0.0002087,0.0014412,-0.0016546,nan
p1_pop,0.004371,-0.012975,0.0021626,-0.0064015,0.005862,0.01436,-0.02572,-0.0387,0.00089995,-0.0039356,0.013106,0.058024,-0.0011902,-0.010739,1,-0.024314,0.031399,-0.0062889,-0.63925,0.14808,-0.82355,0.0032688,0.64131,0.0014412,-0.041752,-0.0063649,0.17283,0.083437,nan,-0.23245,0.0076237,0.0073871,0.0053509,-0.0088997,0.0062665,-0.0092975,0.02751,-0.010118,-0.00059125,0.0011481,0.0061373,0.083432,0.0027069,-0.0055153,-0.0069124,-0.0030659,-0.055658,0.0012883,-0.031491,nan
g1_pop,-0.011003,0.017912,0.0036272,-0.001906,0.028836,-0.051749,-0.057133,0.13707,-0.0002855,0.0041478,0.021085,-0.027773,-0.0010061,0.003523,-0.024314,1,0.030386,-0.055583,0.19353,0.077961,-0.24836,0.0004838,0.26398,-0.0008307,-0.056322,0.00061885,0.11258,0.032127,nan,-0.036935,-0.013344,0.018257,-0.0073664,0.0035699,-0.008517,0.016591,-0.032886,0.1059,0.00059854,-0.00077424,0.014206,0.029809,0.002022,-0.0023266,-0.0020757,-0.0002948,-0.021615,-0.001244,-0.014928,nan
p2_pop,0.0028839,0.059034,0.017596,0.0043323,-0.0033516,0.00086015,-0.0071593,0.068125,8.2284e-06,-0.045655,0.0011885,0.0062028,-0.0029432,-0.018809,0.031399,0.030386,1,-0.3106,0.0050046,-0.036184,-0.076107,-0.0033379,0.0799,-0.0025827,0.043413,0.018445,0.33373,-0.14249,nan,-0.15475,0.0025666,0.0098211,-0.032962,0.025203,-0.00091851,0.00061454,0.0025772,0.020946,0.0011365,-0.0004337,0.0016817,0.011621,0.00094054,-0.0044164,-0.01548,0.00080382,-0.0068592,-0.0026087,-0.004973,nan
g2_pop,0.0058058,-0.029878,-0.02654,0.0030311,-0.0024519,-0.0048211,0.015546,-0.041152,-0.0068294,0.020224,-0.00089908,-0.0022792,-0.0031884,-0.013085,-0.0062889,-0.055583,-0.3106,1,-0.059136,-0.078889,0.0065208,0.0083536,-0.013234,0.0060181,0.055586,-0.03994,-0.50843,-0.18618,nan,-0.30884,0.0054748,-0.0073237,0.028428,-0.017759,-0.00010485,-0.0010741,-0.0008082,-0.0013261,-0.00083109,0.0011973,-0.0014108,-0.00063224,-0.0042996,0.015039,-0.0070984,0.00061769,0.0093092,0.0009031,0.0020949,nan
alpha11_pop,-0.009984,0.037568,0.015498,0.030747,0.0028975,-0.0025858,0.008204,0.030718,-0.00018855,0.0055279,-0.0072661,-0.040054,0.00066397,0.010744,-0.63925,0.19353,0.0050046,-0.059136,1,0.050124,0.53124,-0.0031596,-0.44708,-0.0021195,0.0068994,0.0073158,-0.088203,-0.038752,nan,0.23399,-0.014924,-0.067836,-0.032073,0.033126,-0.006016,0.0085001,-0.022488,0.012341,0.0012997,-0.00059129,-0.0019977,-0.060311,-0.0014166,-0.00055568,0.035216,0.0025949,0.035296,-0.0017899,0.020383,nan
alpha12_pop,0.0017775,-0.002601,0.0079793,0.0091001,0.023955,0.051726,0.0085913,-0.032214,0.00014744,0.0013313,-0.00243,0.010222,0.0031297,0.012005,0.14808,0.077961,-0.036184,-0.078889,0.050124,1,0.11262,-0.0013329,-0.041043,0.0012769,-0.095188,0.0030136,-0.04616,0.069986,nan,0.26619,0.0025957,-0.014406,-0.0090486,0.0018377,0.0061836,0.016712,0.0029333,-0.036815,7.1353e-05,0.0019327,-0.0017177,-0.013346,0.0026424,-0.014445,0.0031275,-0.0091628,0.012481,-0.00016228,0.0033929,nan
alpha13_pop,-0.004231,-0.0021709,0.0021288,0.011072,0.0065704,0.023857,0.03159,-0.049347,-0.00068313,0.0021423,-0.016748,-0.050402,0.0024396,0.015509,-0.82355,-0.24836,-0.076107,0.0065208,0.53124,0.11262,1,-0.004401,-0.9125,-0.0024215,0.029514,0.0081358,-0.2661,-0.082595,nan,0.37062,-0.007642,-0.014048,-0.0040938,-0.0057692,-0.0095746,0.0066906,-0.027581,-0.052253,0.00024589,0.00041135,-0.014081,-0.12538,-0.003402,0.0038694,0.011803,0.0018653,0.069837,-0.00049208,0.046681,nan
alpha14_pop,8.6572e-05,-0.00030044,-0.0002388,-4.58e-05,-4.1666e-05,-0.00018732,-1.1399e-05,-0.00013661,-4.1995e-05,0.00047399,8.8942e-05,0.00023104,-3.4036e-05,-0.00016268,0.0032688,0.0004838,-0.0033379,0.0083536,-0.0031596,-0.0013329,-0.004401,1,0.0045035,0.028892,0.00098027,-0.19681,-0.002628,0.0058189,nan,-0.0043199,0.00010138,-7.1397e-06,0.00026641,-0.00018698,3.4277e-05,-5.6973e-05,3.1505e-05,0.00023125,-6.5605e-05,-2.332e-05,9.5342e-05,0.00065089,-1.5891e-05,0.0001046,-0.00012489,-1.0289e-06,-0.00021959,6.4074e-05,-0.00024306,nan
alpha15_pop,0.0027403,0.0093597,0.0011527,-0.01403,-0.0037991,-0.027584,-0.032845,0.075644,0.00043377,-0.00049391,0.020213,0.051306,-0.0022213,-0.01485,0.64131,0.26398,0.0799,-0.013234,-0.44708,-0.041043,-0.9125,0.0045035,1,0.0028872,-0.035576,-0.0082442,0.2649,0.091495,nan,-0.35171,0.0051743,0.012022,-0.0022823,0.013556,0.0064656,-0.0030514,0.0056976,0.057909,-0.00015827,-0.00098699,0.026006,0.1434,0.0037551,-0.0059691,-0.0095515,-0.0011518,-0.054501,-0.00010239,-0.059035,nan
alpha17_pop,7.0946e-05,-0.00020466,-0.00013315,-2.9705e-05,1.2501e-05,-6.1482e-06,3.8099e-05,-0.00014823,-3.435e-05,0.00037175,5.5811e-05,0.00016762,-1.1531e-05,-0.00034655,0.0014412,-0.0008307,-0.0025827,0.0060181,-0.0021195,0.0012769,-0.0024215,0.028892,0.0028872,1,0.00074139,-0.15178,-0.0019442,0.0045882,nan,-0.0022496,9.0824e-05,-8.5154e-05,0.00014007,-0.00012236,1.3092e-05,3.434e-06,-2.1789e-05,6.6582e-05,-4.6286e-05,-1.502e-05,8.4287e-05,0.00041183,0.00013357,-0.00065062,-5.8696e-05,-1.5631e-05,-8.1642e-05,5.1938e-05,-0.00017236,nan
alpha21_pop,0.0058536,0.026735,-0.024985,0.0040124,-0.0024984,-0.0016664,0.0022846,0.0092524,-1.8582e-05,-0.0060478,-0.0010957,0.0011423,-0.00064485,0.0052035,-0.041752,-0.056322,0.043413,0.055586,0.0068994,-0.095188,0.029514,0.00098027,-0.035576,0.00074139,1,-0.0056704,0.044546,0.086936,nan,0.038284,0.0053954,0.00040826,0.015027,-0.050794,0.0010487,-0.0037623,0.0017084,-0.0010493,-0.00046537,0.0039384,-0.00057328,-0.001957,-0.0018535,0.0064682,-0.0042689,-0.00027832,0.0024681,-4.1486e-05,0.0023717,nan
alpha22_pop,-0.00040462,0.0015494,0.0011838,-5.8732e-05,7.9495e-05,0.00043424,-0.00045875,0.0016935,0.0002156,-0.0025432,-0.00015445,-0.00042092,0.00011645,0.00028491,-0.0063649,0.00061885,0.018445,-0.03994,0.0073158,0.0030136,0.0081358,-0.19681,-0.0082442,-0.15178,-0.0056704,1,0.015711,-0.031857,nan,0.011445,-0.00043224,0.00040427,-0.0012696,0.0010616,-0.00010391,0.00019754,-9.3678e-06,-0.00028378,0.00035237,0.00011198,-0.00014564,-0.0012053,0.00010252,-0.00043741,0.00042082,1.4144e-05,0.00026703,-0.00034183,0.00040255,nan
alpha23_pop,0.0016584,0.031103,0.0070835,-0.0012521,-0.0033766,-0.0058755,-0.010443,0.045291,0.0010219,-0.015518,0.0050968,0.015714,-0.0016644,-0.0070427,0.17283,0.11258,0.33373,-0.50843,-0.088203,-0.04616,-0.2661,-0.002628,0.2649,-0.0019442,0.044546,0.015711,1,0.13761,nan,-0.10727,0.0011364,0.0051664,-0.014753,0.016967,0.0032855,-0.00086592,0.0049542,0.0077816,-0.00042318,0.00097478,0.0057436,0.037925,0.0011813,-0.0042464,-0.0004392,-0.00061172,-0.036276,-0.0014115,-0.015037,nan
alpha24_pop,0.0032251,-0.0061255,-0.00040716,0.0011146,0.0034632,-0.00021536,-0.0021169,-0.0049969,0.0021375,0.04096,0.0025759,0.0064098,0.0016695,0.022052,0.083437,0.032127,-0.14249,-0.18618,-0.038752,0.069986,-0.082595,0.0058189,0.091495,0.0045882,0.086936,-0.031857,0.13761,1,nan,0.29267,0.0036843,-0.0044572,-0.00024238,-0.0090167,0.0022923,-0.0029468,-0.00088229,0.00035846,-0.0077427,-0.003768,0.0026839,0.011982,0.0022712,-0.008202,-0.00088264,-0.0013532,-0.0090349,0.0073719,-0.0054532,nan
alpha25_pop,nan,nan,nan,nan,nan,nan,nan,nan,nan,nan,nan,nan,nan,nan,nan,nan,nan,nan,nan,nan,nan,nan,nan,nan,nan,nan,nan,nan,nan,nan,nan,nan,nan,nan,nan,nan,nan,nan,nan,nan,nan,nan,nan,nan,nan,nan,nan,nan,nan,nan
alpha27_pop,-9.2029e-05,-0.0047068,-0.0015063,0.010247,0.011754,0.018389,0.010772,-0.026772,0.00010289,0.012933,-0.0055791,-0.017413,0.0044846,0.06012,-0.23245,-0.036935,-0.15475,-0.30884,0.23399,0.26619,0.37062,-0.0043199,-0.35171,-0.0022496,0.038284,0.011445,-0.10727,0.29267,nan,1,-0.00187,-0.010589,-0.0015179,-0.0098807,-0.00043007,0.0021982,-0.0087214,-0.025698,-0.0017529,0.00015193,-0.0051116,-0.051861,0.0036212,-0.024177,0.0052735,-0.0018785,0.023854,0.001637,0.017482,nan
omega_b01,0.18226,-0.068393,0.034373,-0.030136,-0.0017285,0.00043081,0.0024197,-0.0012772,-0.00031076,-0.00010721,0.00039078,-0.00024837,-0.00049846,0.00036439,0.0076237,-0.013344,0.0025666,0.0054748,-0.014924,0.0025957,-0.007642,0.00010138,0.0051743,9.0824e-05,0.0053954,-0.00043224,0.0011364,0.0036843,nan,-0.00187,1,0.023634,-0.0095232,0.016169,0.00089285,0.0026387,9.7e-05,0.00042133,-0.0012358,2.7902e-05,-0.00041259,-0.0003748,-0.00093701,0.0029639,-0.097,-0.0018289,-0.00028732,-0.00055519,0.00021954,nan
omega_b11,0.070056,-0.49436,-0.38496,-0.16852,0.0042233,-0.015197,0.0044771,-0.0031113,0.00053351,0.0085498,-0.0023951,0.0074186,-0.010988,0.019712,0.0073871,0.018257,0.0098211,-0.0073237,-0.067836,-0.014406,-0.014048,-7.1397e-06,0.012022,-8.5154e-05,0.00040826,0.00040427,0.0051664,-0.0044572,nan,-0.010589,0.023634,1,0.36591,-0.074044,0.011303,0.0074035,0.00063463,0.011262,0.00051921,-0.007954,-0.0072494,-0.0045026,-0.015183,0.035257,-0.017734,-0.0056594,-0.0054112,0.0076889,0.0055048,nan
omega_b21,-0.056045,-0.3828,-0.63178,0.039408,0.002685,-0.013933,0.00097057,0.015246,0.0017913,-0.0048557,-0.0062972,0.00083086,-0.012479,0.041854,0.0053509,-0.0073664,-0.032962,0.028428,-0.032073,-0.0090486,-0.0040938,0.00026641,-0.0022823,0.00014007,0.015027,-0.0012696,-0.014753,-0.00024238,nan,-0.0015179,-0.0095232,0.36591,1,-0.27373,0.026232,-0.0025159,0.0061058,0.0089366,0.0021705,-0.0021966,-0.0068744,-0.0073353,-0.02075,0.045586,-0.070186,-0.0048037,-0.005826,0.013415,0.0064222,nan
omega_a1,0.025868,0.35884,0.31831,-0.7303,-0.011894,0.0074223,0.0010011,-0.010678,0.0034118,0.0092435,0.012181,0.00096893,0.012093,-0.051232,-0.0088997,0.0035699,0.025203,-0.017759,0.033126,0.0018377,-0.0057692,-0.00018698,0.013556,-0.00012236,-0.050794,0.0010616,0.016967,-0.0090167,nan,-0.0098807,0.016169,-0.074044,-0.27373,1,-0.01009,0.015573,-0.0056558,-0.0044066,0.006164,-0.015311,-0.0032723,0.00073286,0.015827,-0.049024,0.081682,0.0071795,-0.0034065,-0.0084139,-0.011367,nan
omega_b02,-0.0032464,-0.014839,-0.027984,0.0018955,-0.0055799,-0.024681,-0.00014894,0.00057403,-0.00083301,0.0046666,-0.0014442,0.00027582,-0.00041378,-0.00071273,0.0062665,-0.008517,-0.00091851,-0.00010485,-0.006016,0.0061836,-0.0095746,3.4277e-05,0.0064656,1.3092e-05,0.0010487,-0.00010391,0.0032855,0.0022923,nan,-0.00043007,0.00089285,0.011303,0.026232,-0.01009,1,-0.049283,-0.001619,-0.0026763,0.001286,0.002874,-0.00073371,0.0032026,0.0025099,-0.0052547,-0.0038356,-0.095682,0.00032059,-0.0013449,-0.00046352,nan
omega_b12,0.0012619,0.0041247,0.0024833,-0.011197,-0.011671,0.057108,0.001696,-0.0011017,-0.00010801,0.0018358,-0.003173,0.0090843,0.0036083,-0.0059165,-0.0092975,0.016591,0.00061454,-0.0010741,0.0085001,0.016712,0.0066906,-5.6973e-05,-0.0030514,3.434e-06,-0.0037623,0.00019754,-0.00086592,-0.0029468,nan,0.0021982,0.0026387,0.0074035,-0.0025159,0.015573,-0.049283,1,0.0015006,0.0017047,0.00066791,0.0027453,-0.0013142,0.0037552,0.0032419,0.00037755,-0.00011435,-0.042583,-0.0011651,0.0017497,0.0019874,nan
omega_b03,-0.00094226,-0.0042154,-0.0041645,0.0012762,-0.00014374,0.0014338,0.0086634,0.010451,0.00044332,-0.0029147,0.00062038,0.00199,0.00018422,0.0031241,0.02751,-0.032886,0.0025772,-0.0008082,-0.022488,0.0029333,-0.027581,3.1505e-05,0.0056976,-2.1789e-05,0.0017084,-9.3678e-06,0.0049542,-0.00088229,nan,-0.0087214,9.7e-05,0.00063463,0.0061058,-0.0056558,-0.001619,0.0015006,1,-0.039895,0.0010155,0.00097296,0.0040235,-0.0028814,-0.00079041,0.0022312,-0.0019955,-0.00037214,-0.063625,-0.0010079,-0.00028155,nan
omega_b13,-5.6186e-05,-0.011796,-0.01452,0.0030746,-0.0064917,0.0084553,-0.00022936,-0.0087252,-6.7907e-05,0.0026621,0.0017008,0.0083539,-0.0023192,0.0046212,-0.010118,0.1059,0.020946,-0.0013261,0.012341,-0.036815,-0.052253,0.00023125,0.057909,6.6582e-05,-0.0010493,-0.00028378,0.0077816,0.00035846,nan,-0.025698,0.00042133,0.011262,0.0089366,-0.0044066,-0.0026763,0.0017047,-0.039895,1,-0.0004601,0.00025687,0.0028873,0.0085805,-0.00010653,0.011309,-0.001808,0.00062512,-0.039473,0.00017487,-0.003196,nan
omega_b04,-0.002303,0.00063498,-0.0044281,-0.0050797,0.00019253,-0.00041283,-0.00035422,0.00040751,0.0039502,-0.0039431,4.8133e-05,-0.0016392,0.00043522,-0.0015245,-0.00059125,0.00059854,0.0011365,-0.00083109,0.0012997,7.1353e-05,0.00024589,-6.5605e-05,-0.00015827,-4.6286e-05,-0.00046537,0.00035237,-0.00042318,-0.0077427,nan,-0.0017529,-0.0012358,0.00051921,0.0021705,0.006164,0.001286,0.00066791,0.0010155,-0.0004601,1,-0.0093645,-6.0385e-05,0.00062022,0.0017365,-0.0030834,0.0012436,0.00032013,-0.00044618,-0.035252,-0.00020504,nan
omega_b14,-0.0029086,0.0011955,-0.0050357,0.012069,0.0032464,-5.1606e-05,0.00041795,-0.0042531,-0.0017937,-0.027384,-0.0012995,0.00056806,0.0018149,0.0029873,0.0011481,-0.00077424,-0.0004337,0.0011973,-0.00059129,0.0019327,0.00041135,-2.332e-05,-0.00098699,-1.502e-05,0.0039384,0.00011198,0.00097478,-0.003768,nan,0.00015193,2.7902e-05,-0.007954,-0.0021966,-0.015311,0.002874,0.0027453,0.00097296,0.00025687,-0.0093645,1,0.00028555,0.0026274,-0.00088851,0.0074429,-0.0017886,-0.0020075,-0.00047684,-0.091084,5.8096e-05,nan
omega_b05,-0.0012933,0.0013853,0.0033885,0.0082569,-0.0010767,0.0024971,-0.00046238,0.0039235,0.00078355,-0.00095312,0.056461,-0.010372,-0.00062414,-0.00022809,0.0061373,0.014206,0.0016817,-0.0014108,-0.0019977,-0.0017177,-0.014081,9.5342e-05,0.026006,8.4287e-05,-0.00057328,-0.00014564,0.0057436,0.0026839,nan,-0.0051116,-0.00041259,-0.0072494,-0.0068744,-0.0032723,-0.00073371,-0.0013142,0.0040235,0.0028873,-6.0385e-05,0.00028555,1,-0.024392,-0.00075692,0.00033394,0.00020195,-0.00065627,-0.0018731,-0.00048331,-0.084213,nan
omega_b15,-0.001307,0.010533,0.0073744,0.00095681,-0.0018714,-0.0010326,-0.0021606,0.0033593,-0.00031925,0.00087431,-0.0080855,0.012281,0.0022537,-0.0083957,0.083432,0.029809,0.011621,-0.00063224,-0.060311,-0.013346,-0.12538,0.00065089,0.1434,0.00041183,-0.001957,-0.0012053,0.037925,0.011982,nan,-0.051861,-0.0003748,-0.0045026,-0.0073353,0.00073286,0.0032026,0.0037552,-0.0028814,0.0085805,0.00062022,0.0026274,-0.024392,1,0.003389,-0.0087519,-4.0459e-05,-0.00057624,-0.0054978,-0.0011366,-0.062897,nan
omega_b07,0.00076798,0.018533,0.026847,-0.011748,-0.0019779,0.0016815,-0.00025014,0.0013566,-6.1312e-05,0.0014543,-0.0022089,0.0039427,0.12035,-0.15069,0.0027069,0.002022,0.00094054,-0.0042996,-0.0014166,0.0026424,-0.003402,-1.5891e-05,0.0037551,0.00013357,-0.0018535,0.00010252,0.0011813,0.0022712,nan,0.0036212,-0.00093701,-0.015183,-0.02075,0.015827,0.0025099,0.0032419,-0.00079041,-0.00010653,0.0017365,-0.00088851,-0.00075692,0.003389,1,-0.18035,0.0040945,-0.001274,0.00030879,-0.00016342,0.0003905,nan
omega_b17,-0.0020514,-0.043162,-0.059464,0.036307,0.0090928,-0.015253,0.00015283,-0.0045912,-0.00068804,-0.003994,0.0019939,0.00025878,-0.044595,0.36587,-0.0055153,-0.0023266,-0.0044164,0.015039,-0.00055568,-0.014445,0.0038694,0.0001046,-0.0059691,-0.00065062,0.0064682,-0.00043741,-0.0042464,-0.008202,nan,-0.024177,0.0029639,0.035257,0.045586,-0.049024,-0.0052547,0.00037755,0.0022312,0.011309,-0.0030834,0.0074429,0.00033394,-0.0087519,-0.18035,1,-0.010065,0.0023784,0.0024535,-0.00096517,0.0011488,nan
b_1,-0.020502,0.052768,0.082847,-0.1302,0.0010508,-0.00072381,-0.0019418,-0.00033776,0.00062823,0.0015441,0.0027401,0.00013167,0.0022143,-0.0092796,-0.0069124,-0.0020757,-0.01548,-0.0070984,0.035216,0.0031275,0.011803,-0.00012489,-0.0095515,-5.8696e-05,-0.0042689,0.00042082,-0.0004392,-0.00088264,nan,0.0052735,-0.097,-0.017734,-0.070186,0.081682,-0.0038356,-0.00011435,-0.0019955,-0.001808,0.0012436,-0.0017886,0.00020195,-4.0459e-05,0.0040945,-0.010065,1,0.0013572,0.0019324,-0.0014268,-0.00023391,nan
a_2,-0.00089119,0.0067403,0.0058953,-0.0039734,-0.0029002,-0.00048147,-0.00017339,0.00021488,-2.2246e-05,-0.0008607,0.00035457,-0.00028597,0.00015277,0.00095002,-0.0030659,-0.0002948,0.00080382,0.00061769,0.0025949,-0.0091628,0.0018653,-1.0289e-06,-0.0011518,-1.5631e-05,-0.00027832,1.4144e-05,-0.00061172,-0.0013532,nan,-0.0018785,-0.0018289,-0.0056594,-0.0048037,0.0071795,-0.095682,-0.042583,-0.00037214,0.00062512,0.00032013,-0.0020075,-0.00065627,-0.00057624,-0.001274,0.0023784,0.0013572,1,8.0739e-05,0.00047476,0.00028512,nan
a_3,-0.00044578,0.003676,0.0067901,0.003853,0.0011418,0.0013107,-0.00053825,-0.00029372,-0.00055145,0.00057561,-0.0011352,-0.0034898,0.0012617,-0.0002087,-0.055658,-0.021615,-0.0068592,0.0093092,0.035296,0.012481,0.069837,-0.00021959,-0.054501,-8.1642e-05,0.0024681,0.00026703,-0.036276,-0.0090349,nan,0.023854,-0.00028732,-0.0054112,-0.005826,-0.0034065,0.00032059,-0.0011651,-0.063625,-0.039473,-0.00044618,-0.00047684,-0.0018731,-0.0054978,0.00030879,0.0024535,0.0019324,8.0739e-05,1,-0.00063585,0.0024591,nan
a_4,0.000703,-0.011778,-0.01046,0.0037681,0.0010332,-0.000831,0.0010264,-0.00053738,0.00053044,0.019003,-0.00078063,0.00051641,-0.00063308,0.0014412,0.0012883,-0.001244,-0.0026087,0.0009031,-0.0017899,-0.00016228,-0.00049208,6.4074e-05,-0.00010239,5.1938e-05,-4.1486e-05,-0.00034183,-0.0014115,0.0073719,nan,0.001637,-0.00055519,0.0076889,0.013415,-0.0084139,-0.0013449,0.0017497,-0.0010079,0.00017487,-0.035252,-0.091084,-0.00048331,-0.0011366,-0.00016342,-0.00096517,-0.0014268,0.00047476,-0.00063585,1,-0.00044525,nan
b_5,0.001091,-0.0098852,-0.0092971,0.0069318,0.0010301,-0.00050893,0.0016249,-0.0048992,-0.00023032,0.00058977,-0.020813,-0.0064654,0.00029539,-0.0016546,-0.031491,-0.014928,-0.004973,0.0020949,0.020383,0.0033929,0.046681,-0.00024306,-0.059035,-0.00017236,0.0023717,0.00040255,-0.015037,-0.0054532,nan,0.017482,0.00021954,0.0055048,0.0064222,-0.011367,-0.00046352,0.0019874,-0.00028155,-0.003196,-0.00020504,5.8096e-05,-0.084213,-0.062897,0.0003905,0.0011488,-0.00023391,0.00028512,0.0024591,-0.00044525,1,nan
b_7,nan,nan,nan,nan,nan,nan,nan,nan,nan,nan,nan,nan,nan,nan,nan,nan,nan,nan,nan,nan,nan,nan,nan,nan,nan,nan,nan,nan,nan,nan,nan,nan,nan,nan,nan,nan,nan,nan,nan,nan,nan,nan,nan,nan,nan,nan,nan,nan,nan,nan
