b01_pop,1,-0.11922,0.095915,-0.035738,-0.0021387,0.001978,0.0018312,0.0018095,0.0011511,-0.0011239,0.00084821,-0.00011816,-0.00010812,0.0025663,0.0013018,0.00054829,-0.000627,0.00020521,nan,0.00685,-0.0039967,-0.0037533,0.0021361,0.0089733,-0.0027894,nan,-0.0066227,0.015807,-0.0025898,0.0014812,-0.0020143,-0.0014762,-0.0059615,0.0040075,0.17931,0.058923,-0.014562,-0.031593,-0.0013006,0.0040334,-0.00052697,0.0038624,0.00011969,0.0025372,-0.0014201,-0.0044145,-0.0028678,nan,0.00096305,-0.0024927,-0.023264,0.00012094,-0.00091291,-0.0020562,0.0014661,nan,-0.0012217
b11_pop,-0.11922,1,0.53572,0.0188,0.0035739,-0.018811,0.0020129,-0.0013628,0.0010739,0.011583,0.0012153,0.012884,-0.015678,0.045938,0.0045167,0.00088471,-0.075633,0.075821,nan,-0.010648,0.084555,-0.066241,0.07332,0.063776,-0.049786,nan,-0.073556,0.06539,-0.028646,0.0041699,-0.025025,-0.031809,-0.067035,0.072934,-0.06786,-0.44593,-0.40828,0.13903,-0.011605,-0.0010472,-0.013707,0.0036601,0.005302,0.0075129,0.0018271,0.0010995,-0.0067134,nan,0.0064355,-0.019718,0.043368,0.00048138,0.011083,-0.011502,-0.0085275,nan,0.011811
b21_pop,0.095915,0.53572,1,-0.065848,-0.00013175,-0.014962,0.0032426,-0.0058492,0.00057085,-0.0046948,-0.0023705,0.019079,-0.010143,0.024569,0.0086121,-0.0089837,-0.011063,0.031465,nan,-0.020473,0.02044,-0.015246,0.01611,0.024994,-0.011907,nan,-0.032677,0.0025079,0.0088003,0.021977,0.012817,-0.012432,-0.03755,0.018671,0.0059331,-0.27243,-0.59701,0.13925,-0.018894,0.0055005,-0.0068087,0.0099056,0.004727,0.0097918,-0.0024546,-0.0031059,-0.0094326,nan,0.0081436,-0.032559,0.09088,0.0018809,0.005162,-0.013826,-0.0063743,nan,0.012241
a1_pop,-0.035738,0.0188,-0.065848,1,0.0038049,-0.0030203,0.00050355,-0.003962,0.003312,0.0096532,-0.01069,0.030952,0.0042035,-0.0047716,-0.0011651,0.0022067,-0.037945,0.038149,nan,0.0070071,0.046457,-0.035216,0.038997,0.031718,-0.02614,nan,-0.030109,0.039794,-0.026387,-0.013619,-0.028215,-0.013202,-0.023482,0.037402,-0.026126,-0.28472,-0.14368,-0.62529,0.022029,-0.010066,-0.018119,0.0091809,-0.00051565,-0.012879,-0.015082,-0.0099189,0.0012362,nan,-0.0079871,0.040733,-0.10176,-0.010403,0.0025923,-0.0046032,0.0061453,nan,-0.0066607
b02_pop,-0.0021387,0.0035739,-0.00013175,0.0038049,1,-0.21859,0.00026113,0.0027229,0.00097728,-0.0065386,-0.00047472,-0.00023276,-0.0037313,0.009584,-0.0020299,0.0019632,-0.01034,0.010395,nan,0.001388,0.0096034,-0.010663,0.011302,0.010796,-0.0079834,nan,-0.011419,0.0081015,-0.0056143,-0.0018088,-0.0052992,-0.0047855,-0.011603,0.011615,-0.0030337,-4.1492e-05,-0.0041594,-0.0076419,-0.0035457,-0.019462,-0.001498,0.00099768,0.00018968,0.0030503,-0.0019914,0.00081788,-0.00060088,nan,-0.0010754,0.0019099,0.0013273,0.0062611,0.001467,9.169e-05,0.0035755,nan,0.0012102
b12_pop,0.001978,-0.018811,-0.014962,-0.0030203,-0.21859,1,0.00037065,-0.00097097,-0.0019761,0.0065632,1.4035e-05,0.0032514,0.0051882,-0.0091371,0.00059528,-0.00083443,0.016421,-0.012054,nan,-0.0011564,-0.014623,0.015877,-0.017166,-0.014733,0.011816,nan,0.013328,-0.010155,0.010813,0.00799,0.0093111,0.0063119,0.011891,-0.016996,0.0050687,0.0098657,0.016949,0.0015438,-0.01444,0.064055,0.0013156,0.0019371,-0.0012334,-0.0079413,0.00045397,-0.00050309,-0.003046,nan,-0.0011426,0.00053509,-0.0027242,-0.010375,-0.0036587,-0.00030649,-0.0025808,nan,-0.00046944
b03_pop,0.0018312,0.0020129,0.0032426,0.00050355,0.00026113,0.00037065,1,-0.15595,0.00031455,-0.0030063,-0.0019015,0.0025606,-0.0025138,0.0058841,-0.00030477,-0.00085562,-0.0079734,-0.020009,nan,0.017746,0.0023041,-0.0042448,0.0050402,0.0055588,-0.0031844,nan,-0.0041039,-0.0030997,-0.0020111,-0.00052601,-0.0043271,-0.0019791,-0.00438,0.0046515,0.0013621,0.00060654,-0.0077812,6.9941e-05,-0.00097218,-0.0024416,-0.0042058,-0.0062711,-0.00049093,0.0050559,-0.0010284,0.0008585,-0.0018175,nan,0.00091157,0.0028869,0.0012093,0.00026085,0.0091624,-0.0002978,0.00093608,nan,-0.001323
b13_pop,0.0018095,-0.0013628,-0.0058492,-0.003962,0.0027229,-0.00097097,-0.15595,1,0.0021406,0.031495,0.0015463,-0.0045175,-0.03384,0.11258,0.0018773,0.015749,-0.26016,0.23197,nan,-0.041248,0.17473,-0.22961,0.25618,0.19625,-0.17168,nan,-0.2023,0.14278,-0.12996,-0.064835,-0.11339,-0.10009,-0.18059,0.24907,-0.0027332,0.018018,0.010278,-0.033001,0.00017338,0.0032296,-0.038322,0.083177,0.00021691,-0.0067708,5.202e-05,-0.0022541,0.0016309,nan,0.0050932,0.022095,-0.0054614,-0.001274,0.0093237,-0.0085144,-0.00045727,nan,-0.0025618
b04_pop,0.0011511,0.0010739,0.00057085,0.003312,0.00097728,-0.0019761,0.00031455,0.0021406,1,-0.10011,-0.00031197,-0.0002874,-1.9335e-06,0.003406,0.0001989,-0.00079211,-0.0069332,0.0139,nan,-0.0076747,0.0041625,-0.0094298,0.0099784,0.012784,-0.0071011,nan,-0.010899,0.0073501,-0.003583,-0.00086641,-0.00021978,-0.0046919,-0.0093549,0.010441,0.00024956,0.0015178,0.0009811,-0.0061191,0.00023128,0.0013819,-0.0024441,0.0016007,0.00040445,-0.0060617,-0.00088406,-0.00078926,-0.00014485,nan,-0.00029566,-0.00235,-0.00085779,-0.00063458,0.0023928,0.0029343,0.0002125,nan,0.00066671
b14_pop,-0.0011239,0.011583,-0.0046948,0.0096532,-0.0065386,0.0065632,-0.0030063,0.031495,-0.10011,1,0.003774,-0.0041779,-0.010978,0.026826,-0.0010823,0.00093426,-0.02771,0.025722,nan,0.019891,0.034623,-0.036514,0.038743,0.060003,-0.0277,nan,-0.048218,0.018911,-0.0068672,-0.0014656,0.017732,-0.020492,-0.046529,0.041286,0.0023271,0.0018204,-0.0049643,-0.0062345,-0.0022673,-0.006825,-0.0028433,0.0097778,-0.010232,0.028165,0.0034564,-0.0012686,-0.00026573,nan,0.00050019,0.011068,-0.0049946,0.00085318,9.5165e-05,-0.0030839,-0.001435,nan,-0.0021556
b05_pop,0.00084821,0.0012153,-0.0023705,-0.01069,-0.00047472,1.4035e-05,-0.0019015,0.0015463,-0.00031197,0.003774,1,-0.14959,-0.001339,0.00090096,-0.0010586,0.0064189,0.001192,-0.0030966,nan,-0.0013097,0.00082811,0.0018466,-0.0018926,-0.0030437,0.0013759,nan,0.0032137,-0.0026722,0.0011487,0.00045085,0.00099837,0.00076807,0.003215,-0.0019871,0.0017615,0.003105,0.0073453,0.0087133,0.0015543,0.0012839,-0.00033886,-0.0022798,-0.00091057,-0.00062645,0.048195,-0.0048025,-0.0021592,nan,-3.7297e-05,0.0027207,4.2631e-05,0.00029654,0.00046294,-3.2263e-05,-0.023999,nan,0.0007362
b15_pop,-0.00011816,0.012884,0.019079,0.030952,-0.00023276,0.0032514,0.0025606,-0.0045175,-0.0002874,-0.0041779,-0.14959,1,0.0049462,-0.010649,0.0019909,-0.013172,0.009781,-0.0069075,nan,0.00037387,-0.0078839,0.0099623,-0.010438,-0.0082686,0.0074738,nan,0.0096133,-0.0043983,0.0047928,0.0024676,0.0031059,0.0046237,0.0088205,-0.01091,-0.0012918,-0.021505,-0.024968,-0.02504,-0.00067469,-0.0032922,-0.00045095,0.0043224,0.00059404,0.0015244,-0.023243,0.025854,0.00254,nan,-0.00018768,-0.0078677,0.00090437,-0.0013,-0.0023677,0.00053075,0.014488,nan,0.0015233
b06_pop,-0.00010812,-0.015678,-0.010143,0.0042035,-0.0037313,0.0051882,-0.0025138,-0.03384,-1.9335e-06,-0.010978,-0.001339,0.0049462,1,-0.27998,0.0033334,-0.00071842,0.10291,-0.12062,nan,-0.033814,-0.080409,0.11576,-0.11956,-0.12313,0.087234,nan,0.14388,-0.078821,0.041405,-0.0071599,0.032783,0.058437,0.16553,-0.12849,0.0039943,-0.01042,0.017404,0.004257,0.0022019,-0.0020702,0.021591,-0.0097076,0.0002524,-0.0047935,0.0031718,8.4177e-05,0.075198,nan,0.00060339,-0.0091957,-0.0013215,0.0015652,-0.012262,0.0055964,0.00261,nan,0.0037861
b16_pop,0.0025663,0.045938,0.024569,-0.0047716,0.009584,-0.0091371,0.0058841,0.11258,0.003406,0.026826,0.00090096,-0.010649,-0.27998,1,-0.007034,0.0065127,-0.35257,0.402,nan,0.089317,0.27809,-0.39242,0.40704,0.41363,-0.29568,nan,-0.4812,0.26059,-0.14164,0.017559,-0.10726,-0.19768,-0.55129,0.43543,-0.0090437,0.035971,-0.04302,-0.019745,-0.0081417,0.0041664,-0.065752,0.036426,0.0013907,0.0059318,-0.0059999,0.0091402,-0.013992,nan,0.0046593,0.026221,-0.0055932,0.001321,0.039568,-0.018285,-0.0084042,nan,-0.0094019
b07_pop,0.0013018,0.0045167,0.0086121,-0.0011651,-0.0020299,0.00059528,-0.00030477,0.0018773,0.0001989,-0.0010823,-0.0010586,0.0019909,0.0033334,-0.007034,1,-0.14477,-0.0085452,-0.01028,nan,-0.0028144,-0.0012258,-0.0042384,0.0038127,-0.0072524,-0.0029805,nan,0.020352,-0.0048906,-0.0092175,-0.017939,-0.0037316,0.00039871,0.013195,0.0037902,-9.5178e-05,-0.0016211,-0.0067401,-0.0009783,-0.0012996,-3.859e-05,0.00054925,0.0035204,0.00018867,0.00028629,0.00034448,0.0010913,0.0014734,nan,0.11599,-0.053073,0.0024202,0.00057252,-0.00013683,0.00086198,-2.4897e-05,nan,-0.035734
b17_pop,0.00054829,0.00088471,-0.0089837,0.0022067,0.0019632,-0.00083443,-0.00085562,0.015749,-0.00079211,0.00093426,0.0064189,-0.013172,-0.00071842,0.0065127,-0.14477,1,-0.078238,0.0089898,nan,-0.011752,0.040218,-0.068312,0.068885,0.033284,-0.050555,nan,0.00030763,0.015501,-0.057488,-0.065195,-0.041387,-0.023571,-0.0074688,0.071862,0.0017705,0.006697,0.0054432,-0.0027803,0.0021172,-0.0038137,-0.0092993,0.0040896,-0.00085472,-0.0056164,-0.0011149,-0.00693,-0.0054174,nan,-0.073453,0.14786,-0.0062789,-0.0006319,0.010176,-0.004203,0.00050775,nan,0.0027262
p1_pop,-0.000627,-0.075633,-0.011063,-0.037945,-0.01034,0.016421,-0.0079734,-0.26016,-0.0069332,-0.02771,0.001192,0.009781,0.10291,-0.35257,-0.0085452,-0.078238,1,-0.62871,nan,0.056107,-0.69516,0.84039,-0.96845,-0.63933,0.62735,nan,0.65016,-0.41486,0.51141,0.34625,0.42196,0.35452,0.58019,-0.90732,0.0097447,-0.081258,0.04259,0.11672,0.0036303,-0.010884,0.14414,-0.086809,-0.00069178,-0.0029031,0.0048329,-0.0066718,0.0054396,nan,-0.020233,-0.088494,0.01964,0.001312,-0.11238,0.031159,0.0029654,nan,0.0051303
g1_pop,0.00020521,0.075821,0.031465,0.038149,0.010395,-0.012054,-0.020009,0.23197,0.0139,0.025722,-0.0030966,-0.0069075,-0.12062,0.402,-0.01028,0.0089898,-0.62871,1,nan,-0.0058676,0.58317,-0.64809,0.67632,0.70042,-0.48672,nan,-0.79689,0.47707,-0.29041,-0.015064,-0.27665,-0.30773,-0.69926,0.71215,-0.01623,0.081245,-0.054412,-0.12583,-0.0065327,0.0081195,-0.1185,0.099677,0.00048022,0.0015407,-0.0067712,0.0074876,-0.0047626,nan,0.010373,0.047555,-0.016348,0.00045629,0.06786,-0.028705,-0.0045349,nan,-0.011961
p2_pop,nan,nan,nan,nan,nan,nan,nan,nan,nan,nan,nan,nan,nan,nan,nan,nan,nan,nan,nan,nan,nan,nan,nan,nan,nan,nan,nan,nan,nan,nan,nan,nan,nan,nan,nan,nan,nan,nan,nan,nan,nan,nan,nan,nan,nan,nan,nan,nan,nan,nan,nan,nan,nan,nan,nan,nan,nan
g2_pop,0.00685,-0.010648,-0.020473,0.0070071,0.001388,-0.0011564,0.017746,-0.041248,-0.0076747,0.019891,-0.0013097,0.00037387,-0.033814,0.089317,-0.0028144,-0.011752,0.056107,-0.0058676,nan,1,-0.064724,0.031641,-0.044301,0.0095388,0.029971,nan,0.0096486,0.15004,-0.18724,-0.43106,-0.052334,0.082331,-0.15179,-0.059919,0.0045126,-0.021752,0.0075737,-0.013913,-0.00033145,0.00015741,0.007786,0.0034115,-0.00036021,-0.0018248,-0.0012391,0.0006493,-0.0036827,nan,-0.0021631,-0.0069353,-0.0079139,0.00022055,0.0010697,-0.0008509,-0.0014302,nan,-0.0037916
alpha11_pop,-0.0039967,0.084555,0.02044,0.046457,0.0096034,-0.014623,0.0023041,0.17473,0.0041625,0.034623,0.00082811,-0.0078839,-0.080409,0.27809,-0.0012258,0.040218,-0.69516,0.58317,nan,-0.064724,1,-0.58146,0.65784,0.46669,-0.43545,nan,-0.56024,0.24119,-0.30664,-0.14281,-0.28758,-0.26094,-0.46584,0.63349,-0.018428,0.047751,-0.055807,-0.063034,-0.0060582,0.0058694,-0.10071,0.066339,0.00011684,0.00054632,-0.0035348,0.0059315,-0.0035131,nan,0.011517,0.055276,0.024593,-0.00062795,0.074677,-0.022117,-0.0045132,nan,-0.0069448
alpha12_pop,-0.0037533,-0.066241,-0.015246,-0.035216,-0.010663,0.015877,-0.0042448,-0.22961,-0.0094298,-0.036514,0.0018466,0.0099623,0.11576,-0.39242,-0.0042384,-0.068312,0.84039,-0.64809,nan,0.031641,-0.58146,1,-0.88456,-0.73336,0.67403,nan,0.73345,-0.45895,0.54698,0.29334,0.42391,0.33938,0.66159,-0.92037,0.010512,-0.076968,0.04452,0.12303,0.004508,-0.010038,0.13388,-0.069971,-0.0011101,-0.0017395,0.0059607,-0.0078276,0.0061994,nan,-0.018913,-0.083584,0.018819,0.00082501,-0.10247,0.033058,0.0036988,nan,0.007378
alpha13_pop,0.0021361,0.07332,0.01611,0.038997,0.011302,-0.017166,0.0050402,0.25618,0.0099784,0.038743,-0.0018926,-0.010438,-0.11956,0.40704,0.0038127,0.068885,-0.96845,0.67632,nan,-0.044301,0.65784,-0.88456,1,0.75624,-0.66112,nan,-0.77218,0.47342,-0.50947,-0.29758,-0.4294,-0.38265,-0.6831,0.95842,-0.011921,0.084793,-0.046987,-0.1322,-0.0044672,0.010877,-0.15262,0.076463,0.00060584,0.0023161,-0.0059451,0.008008,-0.0064454,nan,0.01993,0.087288,-0.019978,-0.0010032,0.11619,-0.034529,-0.0037122,nan,-0.0076219
alpha14_pop,0.0089733,0.063776,0.024994,0.031718,0.010796,-0.014733,0.0055588,0.19625,0.012784,0.060003,-0.0030437,-0.0082686,-0.12313,0.41363,-0.0072524,0.033284,-0.63933,0.70042,nan,0.0095388,0.46669,-0.73336,0.75624,1,-0.54936,nan,-0.79368,0.49003,-0.37563,-0.11563,-0.35538,-0.33259,-0.71916,0.80007,-0.0077169,0.066833,-0.050762,-0.1163,-0.0061308,0.0068575,-0.1123,0.055878,0.002673,0.00027893,-0.0063984,0.0086187,-0.0063925,nan,0.01301,0.060534,-0.018339,0.00056044,0.082332,-0.037989,-0.0051062,nan,-0.010646
alpha15_pop,-0.0027894,-0.049786,-0.011907,-0.02614,-0.0079834,0.011816,-0.0031844,-0.17168,-0.0071011,-0.0277,0.0013759,0.0074738,0.087234,-0.29568,-0.0029805,-0.050555,0.62735,-0.48672,nan,0.029971,-0.43545,0.67403,-0.66112,-0.54936,1,nan,0.55176,-0.3409,0.38827,0.20754,0.30914,0.26319,0.49837,-0.68856,0.0079616,-0.057571,0.033608,0.091376,0.0034506,-0.007489,0.1002,-0.052021,-0.00082007,-0.0013753,0.0044734,-0.0059431,0.0046351,nan,-0.014054,-0.062314,0.013897,0.00058177,-0.07632,0.02465,0.0028336,nan,0.0056117
alpha16_pop,nan,nan,nan,nan,nan,nan,nan,nan,nan,nan,nan,nan,nan,nan,nan,nan,nan,nan,nan,nan,nan,nan,nan,nan,nan,nan,nan,nan,nan,nan,nan,nan,nan,nan,nan,nan,nan,nan,nan,nan,nan,nan,nan,nan,nan,nan,nan,nan,nan,nan,nan,nan,nan,nan,nan,nan,nan
alpha17_pop,-0.0066227,-0.073556,-0.032677,-0.030109,-0.011419,0.013328,-0.0041039,-0.2023,-0.010899,-0.048218,0.0032137,0.0096133,0.14388,-0.4812,0.020352,0.00030763,0.65016,-0.79689,nan,0.0096486,-0.56024,0.73345,-0.77218,-0.79368,0.55176,nan,1,-0.50821,0.29544,-0.041504,0.29589,0.35922,0.84398,-0.80989,0.012758,-0.073655,0.058265,0.11007,0.0081297,-0.007779,0.12026,-0.056792,-0.0032448,-0.0013206,0.0074719,-0.010946,0.0066083,nan,-0.0089661,-0.047613,0.015257,-0.001048,-0.079959,0.033394,0.005955,nan,0.014423
alpha21_pop,0.015807,0.06539,0.0025079,0.039794,0.0081015,-0.010155,-0.0030997,0.14278,0.0073501,0.018911,-0.0026722,-0.0043983,-0.078821,0.26059,-0.0048906,0.015501,-0.41486,0.47707,nan,0.15004,0.24119,-0.45895,0.47342,0.49003,-0.3409,nan,-0.50821,1,-0.33251,-0.11003,-0.23147,-0.17569,-0.4347,0.48865,0.0065014,0.054923,-0.039277,-0.1592,-0.0035968,0.0069227,-0.075288,0.04899,0.0033961,-6.7333e-05,-0.0059582,0.0016115,-0.0044672,nan,0.0090481,0.037387,-0.033629,-0.00019334,0.049538,-0.020323,-0.0021307,nan,-0.0075055
alpha22_pop,-0.0025898,-0.028646,0.0088003,-0.026387,-0.0056143,0.010813,-0.0020111,-0.12996,-0.003583,-0.0068672,0.0011487,0.0047928,0.041405,-0.14164,-0.0092175,-0.057488,0.51141,-0.29041,nan,-0.18724,-0.30664,0.54698,-0.50947,-0.37563,0.38827,nan,0.29544,-0.33251,1,0.56349,0.50144,0.0083682,0.24151,-0.50775,0.0024447,-0.042784,0.014008,0.09003,-0.00023054,-0.006245,0.072292,-0.049552,-0.00088578,0.0014595,0.0027534,-0.0012891,0.0034408,nan,-0.013795,-0.053978,0.016457,0.0016869,-0.067959,0.020793,-0.00027344,nan,0.00076692
alpha23_pop,0.0014812,0.0041699,0.021977,-0.013619,-0.0018088,0.00799,-0.00052601,-0.064835,-0.00086641,-0.0014656,0.00045085,0.0024676,-0.0071599,0.017559,-0.017939,-0.065195,0.34625,-0.015064,nan,-0.43106,-0.14281,0.29334,-0.29758,-0.11563,0.20754,nan,-0.041504,-0.11003,0.56349,1,0.26551,-0.0043536,-0.042416,-0.26923,0.00064185,-0.022609,-0.0085117,0.052977,-0.0039512,-0.0058721,0.033429,-0.041043,0.0012266,-0.00016127,-1.6411e-05,0.0020669,0.00085509,nan,-0.012459,-0.043166,0.012533,0.0028259,-0.055126,0.0081483,-0.0027367,nan,-0.0046186
alpha24_pop,-0.0020143,-0.025025,0.012817,-0.028215,-0.0052992,0.0093111,-0.0043271,-0.11339,-0.00021978,0.017732,0.00099837,0.0031059,0.032783,-0.10726,-0.0037316,-0.041387,0.42196,-0.27665,nan,-0.052334,-0.28758,0.42391,-0.4294,-0.35538,0.30914,nan,0.29589,-0.23147,0.50144,0.26551,1,0.097677,0.2236,-0.42748,0.0018494,-0.030452,0.0094521,0.0738,-1.1475e-05,-0.0021494,0.063291,-0.037668,-0.0031572,0.007816,0.0026208,-0.0006613,0.0044718,nan,-0.010601,-0.040904,0.010421,0.00094313,-0.0533,0.026976,-0.00063143,nan,0.00095241
alpha25_pop,-0.0014762,-0.031809,-0.012432,-0.013202,-0.0047855,0.0063119,-0.0019791,-0.10009,-0.0046919,-0.020492,0.00076807,0.0046237,0.058437,-0.19768,0.00039871,-0.023571,0.35452,-0.30773,nan,0.082331,-0.26094,0.33938,-0.38265,-0.33259,0.26319,nan,0.35922,-0.17569,0.0083682,-0.0043536,0.097677,1,0.3323,-0.40559,0.0057457,-0.033807,0.023113,0.046828,0.0028871,-0.0041888,0.059518,-0.027191,-0.00039486,-0.0015744,0.002802,-0.0044536,0.0027223,nan,-0.0072234,-0.034241,0.0062695,-4.4757e-05,-0.041354,0.013709,0.0023971,nan,0.0043419
alpha26_pop,-0.0059615,-0.067035,-0.03755,-0.023482,-0.011603,0.011891,-0.00438,-0.18059,-0.0093549,-0.046529,0.003215,0.0088205,0.16553,-0.55129,0.013195,-0.0074688,0.58019,-0.69926,nan,-0.15179,-0.46584,0.66159,-0.6831,-0.71916,0.49837,nan,0.84398,-0.4347,0.24151,-0.042416,0.2236,0.3323,1,-0.7337,0.014293,-0.060654,0.059632,0.088833,0.0094629,-0.0078989,0.10823,-0.053406,-0.0038438,-0.00012318,0.0079002,-0.012678,0.008703,nan,-0.0081963,-0.047743,0.011379,-0.0017094,-0.067729,0.030226,0.0085653,nan,0.016198
alpha27_pop,0.0040075,0.072934,0.018671,0.037402,0.011615,-0.016996,0.0046515,0.24907,0.010441,0.041286,-0.0019871,-0.01091,-0.12849,0.43543,0.0037902,0.071862,-0.90732,0.71215,nan,-0.059919,0.63349,-0.92037,0.95842,0.80007,-0.68856,nan,-0.80989,0.48865,-0.50775,-0.26923,-0.42748,-0.40559,-0.7337,1,-0.011832,0.083579,-0.049652,-0.13092,-0.0052289,0.01082,-0.14565,0.074677,0.0011684,0.0021915,-0.0065391,0.0088741,-0.0067307,nan,0.020145,0.089882,-0.019695,-0.00074631,0.10992,-0.035592,-0.0043015,nan,-0.0084131
omega_b01,0.17931,-0.06786,0.0059331,-0.026126,-0.0030337,0.0050687,0.0013621,-0.0027332,0.00024956,0.0023271,0.0017615,-0.0012918,0.0039943,-0.0090437,-9.5178e-05,0.0017705,0.0097447,-0.01623,nan,0.0045126,-0.018428,0.010512,-0.011921,-0.0077169,0.0079616,nan,0.012758,0.0065014,0.0024447,0.00064185,0.0018494,0.0057457,0.014293,-0.011832,1,0.013949,0.029964,0.01055,0.0016435,0.0025369,0.001465,0.0013645,0.0008523,0.0048849,0.00026599,-0.0021113,0.0026804,nan,-3.0605e-05,-0.005932,-0.13583,0.00041692,-0.0013145,-0.00096581,0.00094269,nan,0.0021362
omega_b11,0.058923,-0.44593,-0.27243,-0.28472,-4.1492e-05,0.0098657,0.00060654,0.018018,0.0015178,0.0018204,0.003105,-0.021505,-0.01042,0.035971,-0.0016211,0.006697,-0.081258,0.081245,nan,-0.021752,0.047751,-0.076968,0.084793,0.066833,-0.057571,nan,-0.073655,0.054923,-0.042784,-0.022609,-0.030452,-0.033807,-0.060654,0.083579,0.013949,1,0.35296,-0.094552,0.0026487,0.008992,-0.011531,0.012892,-0.0058234,0.0048238,-0.00026276,0.00017427,0.0060434,nan,0.0035749,0.019838,-0.029008,0.0011744,0.0069607,0.0042509,0.00093938,nan,-0.0080938
omega_b21,-0.014562,-0.40828,-0.59701,-0.14368,-0.0041594,0.016949,-0.0077812,0.010278,0.0009811,-0.0049643,0.0073453,-0.024968,0.017404,-0.04302,-0.0067401,0.0054432,0.04259,-0.054412,nan,0.0075737,-0.055807,0.04452,-0.046987,-0.050762,0.033608,nan,0.058265,-0.039277,0.014008,-0.0085117,0.0094521,0.023113,0.059632,-0.049652,0.029964,0.35296,1,-0.10148,0.014936,-0.0025545,0.016024,-0.0076037,-0.0041259,-0.0046146,0.0032109,-0.014239,0.0098366,nan,-0.0037869,0.019606,-0.068578,-0.0022729,-0.011803,0.012675,0.0059846,nan,-0.009606
omega_a1,-0.031593,0.13903,0.13925,-0.62529,-0.0076419,0.0015438,6.9941e-05,-0.033001,-0.0061191,-0.0062345,0.0087133,-0.02504,0.004257,-0.019745,-0.0009783,-0.0027803,0.11672,-0.12583,nan,-0.013913,-0.063034,0.12303,-0.1322,-0.1163,0.091376,nan,0.11007,-0.1592,0.09003,0.052977,0.0738,0.046828,0.088833,-0.13092,0.01055,-0.094552,-0.10148,1,-0.023698,0.00262,0.034408,-0.030312,0.0030163,0.0070357,0.01786,0.02409,0.0052159,nan,-0.00026446,-0.060172,0.047067,0.011573,-0.0061622,0.0036363,-0.0079675,nan,0.012291
omega_b02,-0.0013006,-0.011605,-0.018894,0.022029,-0.0035457,-0.01444,-0.00097218,0.00017338,0.00023128,-0.0022673,0.0015543,-0.00067469,0.0022019,-0.0081417,-0.0012996,0.0021172,0.0036303,-0.0065327,nan,-0.00033145,-0.0060582,0.004508,-0.0044672,-0.0061308,0.0034506,nan,0.0081297,-0.0035968,-0.00023054,-0.0039512,-1.1475e-05,0.0028871,0.0094629,-0.0052289,0.0016435,0.0026487,0.014936,-0.023698,1,-0.017717,-0.00093446,-0.0035881,-0.00071846,0.0060382,-0.0013686,-0.0026311,-0.0052587,nan,0.00028921,-0.0030141,-0.0054838,-0.10587,-0.0018265,0.0014909,0.0014364,nan,0.00019944
omega_b12,0.0040334,-0.0010472,0.0055005,-0.010066,-0.019462,0.064055,-0.0024416,0.0032296,0.0013819,-0.006825,0.0012839,-0.0032922,-0.0020702,0.0041664,-3.859e-05,-0.0038137,-0.010884,0.0081195,nan,0.00015741,0.0058694,-0.010038,0.010877,0.0068575,-0.007489,nan,-0.007779,0.0069227,-0.006245,-0.0058721,-0.0021494,-0.0041888,-0.0078989,0.01082,0.0025369,0.008992,-0.0025545,0.00262,-0.017717,1,6.3203e-06,0.0032151,-0.0013292,-0.0021646,0.00079801,0.00025742,0.0022805,nan,0.0011632,0.0066189,0.00077554,-0.039665,0.0026633,0.00010399,-0.0031678,nan,0.0040167
omega_b03,-0.00052697,-0.013707,-0.0068087,-0.018119,-0.001498,0.0013156,-0.0042058,-0.038322,-0.0024441,-0.0028433,-0.00033886,-0.00045095,0.021591,-0.065752,0.00054925,-0.0092993,0.14414,-0.1185,nan,0.007786,-0.10071,0.13388,-0.15262,-0.1123,0.1002,nan,0.12026,-0.075288,0.072292,0.033429,0.063291,0.059518,0.10823,-0.14565,0.001465,-0.011531,0.016024,0.034408,-0.00093446,6.3203e-06,1,-0.030074,-0.00086497,0.00081685,0.00083644,-0.0038949,0.0049364,nan,-0.0030088,-0.015951,0.0073606,0.00028032,-0.10817,0.0027454,0.0013642,nan,0.00074874
omega_b13,0.0038624,0.0036601,0.0099056,0.0091809,0.00099768,0.0019371,-0.0062711,0.083177,0.0016007,0.0097778,-0.0022798,0.0043224,-0.0097076,0.036426,0.0035204,0.0040896,-0.086809,0.099677,nan,0.0034115,0.066339,-0.069971,0.076463,0.055878,-0.052021,nan,-0.056792,0.04899,-0.049552,-0.041043,-0.037668,-0.027191,-0.053406,0.074677,0.0013645,0.012892,-0.0076037,-0.030312,-0.0035881,0.0032151,-0.030074,1,0.0015351,0.0030116,-0.003459,-0.00051931,0.0031859,nan,0.0017394,0.00012809,-0.0016882,-0.00018471,-0.046576,-0.0010135,0.00024504,nan,-0.002484
omega_b04,0.00011969,0.005302,0.004727,-0.00051565,0.00018968,-0.0012334,-0.00049093,0.00021691,0.00040445,-0.010232,-0.00091057,0.00059404,0.0002524,0.0013907,0.00018867,-0.00085472,-0.00069178,0.00048022,nan,-0.00036021,0.00011684,-0.0011101,0.00060584,0.002673,-0.00082007,nan,-0.0032448,0.0033961,-0.00088578,0.0012266,-0.0031572,-0.00039486,-0.0038438,0.0011684,0.0008523,-0.0058234,-0.0041259,0.0030163,-0.00071846,-0.0013292,-0.00086497,0.0015351,1,-0.011168,-0.0013331,-0.00072002,0.0019364,nan,0.00079263,-0.0022418,-0.00055427,0.00052259,-0.0010786,-0.037635,0.00057359,nan,-0.00069094
omega_b14,0.0025372,0.0075129,0.0097918,-0.012879,0.0030503,-0.0079413,0.0050559,-0.0067708,-0.0060617,0.028165,-0.00062645,0.0015244,-0.0047935,0.0059318,0.00028629,-0.0056164,-0.0029031,0.0015407,nan,-0.0018248,0.00054632,-0.0017395,0.0023161,0.00027893,-0.0013753,nan,-0.0013206,-6.7333e-05,0.0014595,-0.00016127,0.007816,-0.0015744,-0.00012318,0.0021915,0.0048849,0.0048238,-0.0046146,0.0070357,0.0060382,-0.0021646,0.00081685,0.0030116,-0.011168,1,0.00036065,-0.002291,-0.0033061,nan,2.089e-05,-0.011486,0.00067135,-0.00029143,0.0014819,-0.053136,-0.0045295,nan,0.0020302
omega_b05,-0.0014201,0.0018271,-0.0024546,-0.015082,-0.0019914,0.00045397,-0.0010284,5.202e-05,-0.00088406,0.0034564,0.048195,-0.023243,0.0031718,-0.0059999,0.00034448,-0.0011149,0.0048329,-0.0067712,nan,-0.0012391,-0.0035348,0.0059607,-0.0059451,-0.0063984,0.0044734,nan,0.0074719,-0.0059582,0.0027534,-1.6411e-05,0.0026208,0.002802,0.0079002,-0.0065391,0.00026599,-0.00026276,0.0032109,0.01786,-0.0013686,0.00079801,0.00083644,-0.003459,-0.0013331,0.00036065,1,-0.0055269,0.0012848,nan,2.4962e-05,0.0036308,0.0007334,0.00046633,0.00039344,0.00055684,-0.10716,nan,0.0010979
omega_b15,-0.0044145,0.0010995,-0.0031059,-0.0099189,0.00081788,-0.00050309,0.0008585,-0.0022541,-0.00078926,-0.0012686,-0.0048025,0.025854,8.4177e-05,0.0091402,0.0010913,-0.00693,-0.0066718,0.0074876,nan,0.0006493,0.0059315,-0.0078276,0.008008,0.0086187,-0.0059431,nan,-0.010946,0.0016115,-0.0012891,0.0020669,-0.0006613,-0.0044536,-0.012678,0.0088741,-0.0021113,0.00017427,-0.014239,0.02409,-0.0026311,0.00025742,-0.0038949,-0.00051931,-0.00072002,-0.002291,-0.0055269,1,0.0050574,nan,-0.00083194,0.00083656,-0.0019838,-0.00083075,-2.7164e-05,0.002702,-0.075353,nan,0.0016526
omega_b06,-0.0028678,-0.0067134,-0.0094326,0.0012362,-0.00060088,-0.003046,-0.0018175,0.0016309,-0.00014485,-0.00026573,-0.0021592,0.00254,0.075198,-0.013992,0.0014734,-0.0054174,0.0054396,-0.0047626,nan,-0.0036827,-0.0035131,0.0061994,-0.0064454,-0.0063925,0.0046351,nan,0.0066083,-0.0044672,0.0034408,0.00085509,0.0044718,0.0027223,0.008703,-0.0067307,0.0026804,0.0060434,0.0098366,0.0052159,-0.0052587,0.0022805,0.0049364,0.0031859,0.0019364,-0.0033061,0.0012848,0.0050574,1,nan,-7.7696e-05,-0.0035205,-0.0098251,0.0022648,-0.0028641,-0.0019977,0.0012492,nan,0.0018773
omega_b16,nan,nan,nan,nan,nan,nan,nan,nan,nan,nan,nan,nan,nan,nan,nan,nan,nan,nan,nan,nan,nan,nan,nan,nan,nan,nan,nan,nan,nan,nan,nan,nan,nan,nan,nan,nan,nan,nan,nan,nan,nan,nan,nan,nan,nan,nan,nan,nan,nan,nan,nan,nan,nan,nan,nan,nan,nan
omega_b07,0.00096305,0.0064355,0.0081436,-0.0079871,-0.0010754,-0.0011426,0.00091157,0.0050932,-0.00029566,0.00050019,-3.7297e-05,-0.00018768,0.00060339,0.0046593,0.11599,-0.073453,-0.020233,0.010373,nan,-0.0021631,0.011517,-0.018913,0.01993,0.01301,-0.014054,nan,-0.0089661,0.0090481,-0.013795,-0.012459,-0.010601,-0.0072234,-0.0081963,0.020145,-3.0605e-05,0.0035749,-0.0037869,-0.00026446,0.00028921,0.0011632,-0.0030088,0.0017394,0.00079263,2.089e-05,2.4962e-05,-0.00083194,-7.7696e-05,nan,1,-0.065025,0.0024472,-0.0010207,0.0031962,-0.0016395,0.0013908,nan,-0.077541
omega_b17,-0.0024927,-0.019718,-0.032559,0.040733,0.0019099,0.00053509,0.0028869,0.022095,-0.00235,0.011068,0.0027207,-0.0078677,-0.0091957,0.026221,-0.053073,0.14786,-0.088494,0.047555,nan,-0.0069353,0.055276,-0.083584,0.087288,0.060534,-0.062314,nan,-0.047613,0.037387,-0.053978,-0.043166,-0.040904,-0.034241,-0.047743,0.089882,-0.005932,0.019838,0.019606,-0.060172,-0.0030141,0.0066189,-0.015951,0.00012809,-0.0022418,-0.011486,0.0036308,0.00083656,-0.0035205,nan,-0.065025,1,-0.0098228,0.0019887,0.011824,-0.0008222,-0.0015499,nan,-0.12581
b_1,-0.023264,0.043368,0.09088,-0.10176,0.0013273,-0.0027242,0.0012093,-0.0054614,-0.00085779,-0.0049946,4.2631e-05,0.00090437,-0.0013215,-0.0055932,0.0024202,-0.0062789,0.01964,-0.016348,nan,-0.0079139,0.024593,0.018819,-0.019978,-0.018339,0.013897,nan,0.015257,-0.033629,0.016457,0.012533,0.010421,0.0062695,0.011379,-0.019695,-0.13583,-0.029008,-0.068578,0.047067,-0.0054838,0.00077554,0.0073606,-0.0016882,-0.00055427,0.00067135,0.0007334,-0.0019838,-0.0098251,nan,0.0024472,-0.0098228,1,0.00062617,-0.0030799,0.0013111,0.00047487,nan,-0.0004466
a_2,0.00012094,0.00048138,0.0018809,-0.010403,0.0062611,-0.010375,0.00026085,-0.001274,-0.00063458,0.00085318,0.00029654,-0.0013,0.0015652,0.001321,0.00057252,-0.0006319,0.001312,0.00045629,nan,0.00022055,-0.00062795,0.00082501,-0.0010032,0.00056044,0.00058177,nan,-0.001048,-0.00019334,0.0016869,0.0028259,0.00094313,-4.4757e-05,-0.0017094,-0.00074631,0.00041692,0.0011744,-0.0022729,0.011573,-0.10587,-0.039665,0.00028032,-0.00018471,0.00052259,-0.00029143,0.00046633,-0.00083075,0.0022648,nan,-0.0010207,0.0019887,0.00062617,1,-0.00039808,0.00011995,0.00034738,nan,-0.0011779
a_3,-0.00091291,0.011083,0.005162,0.0025923,0.001467,-0.0036587,0.0091624,0.0093237,0.0023928,9.5165e-05,0.00046294,-0.0023677,-0.012262,0.039568,-0.00013683,0.010176,-0.11238,0.06786,nan,0.0010697,0.074677,-0.10247,0.11619,0.082332,-0.07632,nan,-0.079959,0.049538,-0.067959,-0.055126,-0.0533,-0.041354,-0.067729,0.10992,-0.0013145,0.0069607,-0.011803,-0.0061622,-0.0018265,0.0026633,-0.10817,-0.046576,-0.0010786,0.0014819,0.00039344,-2.7164e-05,-0.0028641,nan,0.0031962,0.011824,-0.0030799,-0.00039808,1,-0.0032936,-0.0015699,nan,-0.00017827
a_4,-0.0020562,-0.011502,-0.013826,-0.0046032,9.169e-05,-0.00030649,-0.0002978,-0.0085144,0.0029343,-0.0030839,-3.2263e-05,0.00053075,0.0055964,-0.018285,0.00086198,-0.004203,0.031159,-0.028705,nan,-0.0008509,-0.022117,0.033058,-0.034529,-0.037989,0.02465,nan,0.033394,-0.020323,0.020793,0.0081483,0.026976,0.013709,0.030226,-0.035592,-0.00096581,0.0042509,0.012675,0.0036363,0.0014909,0.00010399,0.0027454,-0.0010135,-0.037635,-0.053136,0.00055684,0.002702,-0.0019977,nan,-0.0016395,-0.0008222,0.0013111,0.00011995,-0.0032936,1,0.00058666,nan,-0.0014794
b_5,0.0014661,-0.0085275,-0.0063743,0.0061453,0.0035755,-0.0025808,0.00093608,-0.00045727,0.0002125,-0.001435,-0.023999,0.014488,0.00261,-0.0084042,-2.4897e-05,0.00050775,0.0029654,-0.0045349,nan,-0.0014302,-0.0045132,0.0036988,-0.0037122,-0.0051062,0.0028336,nan,0.005955,-0.0021307,-0.00027344,-0.0027367,-0.00063143,0.0023971,0.0085653,-0.0043015,0.00094269,0.00093938,0.0059846,-0.0079675,0.0014364,-0.0031678,0.0013642,0.00024504,0.00057359,-0.0045295,-0.10716,-0.075353,0.0012492,nan,0.0013908,-0.0015499,0.00047487,0.00034738,-0.0015699,0.00058666,1,nan,-0.00065146
b_6,nan,nan,nan,nan,nan,nan,nan,nan,nan,nan,nan,nan,nan,nan,nan,nan,nan,nan,nan,nan,nan,nan,nan,nan,nan,nan,nan,nan,nan,nan,nan,nan,nan,nan,nan,nan,nan,nan,nan,nan,nan,nan,nan,nan,nan,nan,nan,nan,nan,nan,nan,nan,nan,nan,nan,nan,nan
b_7,-0.0012217,0.011811,0.012241,-0.0066607,0.0012102,-0.00046944,-0.001323,-0.0025618,0.00066671,-0.0021556,0.0007362,0.0015233,0.0037861,-0.0094019,-0.035734,0.0027262,0.0051303,-0.011961,nan,-0.0037916,-0.0069448,0.007378,-0.0076219,-0.010646,0.0056117,nan,0.014423,-0.0075055,0.00076692,-0.0046186,0.00095241,0.0043419,0.016198,-0.0084131,0.0021362,-0.0080938,-0.009606,0.012291,0.00019944,0.0040167,0.00074874,-0.002484,-0.00069094,0.0020302,0.0010979,0.0016526,0.0018773,nan,-0.077541,-0.12581,-0.0004466,-0.0011779,-0.00017827,-0.0014794,-0.00065146,nan,1
