b01_pop,0.018073,-0.00019842,0.00031668,-0.0057958,-3.1625e-07,1.0342e-07,2.9688e-06,-6.3777e-07,-2.2379e-06,1.0955e-06,5.6809e-06,-4.8119e-08,8.3125e-07,1.3112e-06,-0.00040738,0.00012822,-2.7175e-06,-1.6371e-05,6.5581e-06,5.2205e-06,-7.614e-06,-0.00011117,-1.6131e-05,-3.075e-15,-1.4414e-06,-2.2205e-14,3.571e-12,3.056e-05,7.5829e-05,nan,2.0184e-08,-2.3817e-06,1.9375e-05,-4.7865e-09,0.0027623,6.9461e-05,-0.00012604,0.0005276,3.1444e-07,1.6478e-09,-7.0414e-07,2.6565e-06,2.9273e-07,-2.1021e-06,4.186e-06,-1.5702e-06,-5.4559e-06,-1.9947e-06,-0.00072409,2.9008e-05,-2.6101e-05,-8.0576e-08,1.2364e-06,-2.1655e-06,1.1612e-07,1.0967e-06,-1.401e-07
b11_pop,-0.00019842,0.00031538,0.00021521,0.00031094,1.4233e-07,1.697e-09,2.1934e-06,-9.4718e-07,-6.8975e-06,1.7843e-06,-5.0002e-06,5.4586e-07,-1.0791e-06,1.2934e-07,-0.00028418,-4.1032e-05,-1.9875e-05,1.5042e-05,1.5031e-05,-2.8822e-06,2.0626e-05,-0.0025849,3.9159e-05,-4.9913e-15,-1.1536e-06,-9.239e-14,-1.07e-10,1.4641e-05,9.523e-05,nan,4.1977e-08,1.6924e-05,1.6891e-05,-1.1122e-09,-0.00010073,-0.00014275,-0.00014024,0.00068447,1.8581e-07,5.2091e-08,-9.0857e-07,1.4482e-08,-1.4493e-06,-1.2935e-07,1.0667e-06,4.3718e-07,8.5574e-07,-1.2556e-07,-0.0010669,4.2523e-05,2.3028e-06,4.0822e-08,2.2712e-07,-8.8918e-07,1.0008e-07,-8.5298e-08,-6.8991e-07
b21_pop,0.00031668,0.00021521,0.00034961,0.00032456,1.4036e-07,-4.3351e-09,3.5046e-06,-1.0035e-06,-7.9019e-06,2.0644e-06,-6.0019e-06,9.6514e-07,3.1067e-07,3.1236e-07,-0.0001729,-3.5223e-05,-9.5548e-06,1.2297e-05,7.6556e-06,-2.9039e-06,9.9568e-06,-0.0015854,1.5955e-05,-2.7892e-15,-5.7796e-08,-4.8389e-14,-5.8448e-11,7.4638e-06,1.7444e-05,nan,2.3528e-08,6.7674e-06,-2.9776e-06,-6.0129e-10,0.0001018,-0.00012195,-0.00020288,0.00063861,3.3919e-07,3.4095e-08,-2.9689e-07,7.2427e-07,-8.1104e-07,-6.9055e-07,2.3991e-06,4.7153e-07,1.5853e-06,-5.7854e-07,-0.0012211,4.1668e-05,3.6096e-06,1.8461e-08,4.6707e-07,-1.4428e-06,1.7493e-07,2.9876e-08,-9.4975e-07
a1_pop,-0.0057958,0.00031094,0.00032456,0.55066,-1.0059e-05,1.1093e-06,2.2873e-05,-3.655e-06,-0.00015051,2.7538e-05,0.00010948,-2.4435e-05,0.00020333,-5.1182e-05,-0.0079463,0.00094978,8.7451e-05,-0.00018074,8.0401e-05,8.1725e-05,0.00028689,0.01538,-0.00070636,4.4693e-14,5.0804e-05,8.1387e-13,4.7833e-10,-0.0002542,-0.0049546,nan,-3.2966e-07,0.00011796,-0.00081275,4.0134e-08,-0.0029886,-0.0026958,-0.0023464,-0.045567,4.2555e-06,-1.062e-06,-4.3665e-05,5.2394e-06,-1.9451e-05,-5.0541e-06,-0.00019609,6.5245e-05,0.00018309,-6.2668e-06,-0.0097492,0.0020542,-0.00043753,2.3205e-06,-8.9765e-06,2.9103e-05,7.7034e-06,-4.7982e-06,-2.869e-05
b02_pop,-3.1625e-07,1.4233e-07,1.4036e-07,-1.0059e-05,8.3891e-06,-3.0866e-07,-1.0789e-07,2.0349e-08,1.3388e-07,3.6386e-08,-7.2645e-08,-6.9772e-09,-5.0174e-08,-5.0312e-09,-1.9094e-05,2.0234e-06,1.4226e-06,2.7607e-06,2.3078e-07,-8.0873e-07,-2.4749e-08,0.00028479,-6.1674e-07,4.177e-16,4.0673e-07,1.1841e-14,1.3921e-11,-1.6168e-07,-5.0035e-05,nan,-3.6397e-09,-1.071e-08,-5.225e-06,-4.4867e-11,-2.8794e-07,-4.3693e-08,-6.2246e-08,2.2321e-06,9.01e-08,1.063e-08,2.9163e-07,-1.0126e-08,4.7359e-08,1.6149e-08,-1.0785e-07,-1.1361e-08,-1.8843e-07,-1.6217e-08,-1.6816e-05,9.8014e-06,3.2805e-08,-2.2044e-08,-9.8308e-09,-8.1922e-08,1.9344e-09,-3.3719e-09,-2.5941e-08
b12_pop,1.0342e-07,1.697e-09,-4.3351e-09,1.1093e-06,-3.0866e-07,1.9442e-07,2.2778e-09,1.3995e-08,-3.15e-08,-3.9802e-09,1.4863e-08,2.1165e-08,-5.8584e-09,9.2757e-09,1.6253e-06,3.347e-08,9.4197e-07,-1.2441e-06,-1.0245e-06,4.1039e-07,-3.714e-07,0.00012477,-1.2321e-06,1.7879e-16,4.6765e-08,4.2937e-15,6.1289e-12,-1.2099e-07,2.7894e-05,nan,-1.6458e-09,-4.4799e-07,-1.4225e-06,-3.5338e-11,3.7415e-08,2.3365e-08,-1.63e-08,-1.4007e-07,9.0197e-09,-5.4369e-09,-3.134e-08,4.3541e-09,-2.151e-08,3.4191e-09,1.2145e-08,2.0226e-08,1.2719e-08,5.4142e-09,9.3143e-07,-1.6405e-06,-2.7112e-10,2.9645e-09,-1.5518e-09,2.0307e-08,-1.5417e-09,1.1725e-10,4.5313e-09
b03_pop,2.9688e-06,2.1934e-06,3.5046e-06,2.2873e-05,-1.0789e-07,2.2778e-09,0.0036103,-9.8817e-05,-5.5041e-06,1.7609e-06,-2.5661e-06,1.2495e-07,2.5279e-06,1.0916e-07,0.0002457,-9.386e-05,-1.936e-06,-3.4718e-05,-1.4565e-06,-5.9886e-07,3.8783e-07,0.00020579,1.4813e-05,2.6259e-17,-1.2555e-06,-1.4085e-14,-3.4828e-11,-1.143e-06,6.372e-05,nan,-3.9124e-10,-5.762e-06,1.365e-05,4.4061e-10,-3.9538e-09,4.2102e-07,-1.8701e-06,-3.1645e-05,4.0067e-08,-4.341e-08,-1.3834e-05,6.7058e-06,1.6238e-06,2.9311e-09,2.0429e-06,9.339e-08,2.8308e-07,-4.63e-07,-8.5789e-05,-9.1989e-06,4.5283e-07,-2.6778e-09,-5.3458e-06,-7.3833e-08,-8.1485e-08,-2.0868e-07,1.3092e-07
b13_pop,-6.3777e-07,-9.4718e-07,-1.0035e-06,-3.655e-06,2.0349e-08,1.3995e-08,-9.8817e-05,0.00011027,1.0944e-06,-2.0535e-07,3.3403e-07,6.3153e-08,-5.3358e-07,4.6625e-08,-7.2526e-06,1.5851e-05,-1.4638e-05,1.6447e-05,9.8149e-07,-5.6111e-07,8.5787e-06,-0.0012476,3.5411e-05,-2.1067e-15,-5.9712e-07,-5.0405e-14,-4.4292e-11,1.3598e-06,9.0085e-05,nan,1.9162e-08,2.5534e-06,9.3704e-06,7.2411e-10,-9.3972e-07,2.5219e-07,7.314e-07,4.569e-07,-5.6219e-08,7.0486e-09,2.9776e-06,-2.4787e-06,7.0839e-07,-2.8069e-08,-9.4579e-07,2.9677e-08,8.8735e-08,1.4763e-07,3.7242e-05,-8.0294e-06,-9.7286e-09,1.4044e-08,1.4559e-06,2.0493e-08,3.5395e-09,3.8126e-08,3.4652e-08
b04_pop,-2.2379e-06,-6.8975e-06,-7.9019e-06,-0.00015051,1.3388e-07,-3.15e-08,-5.5041e-06,1.0944e-06,0.011068,-9.0567e-05,-4.3168e-07,-1.5453e-08,1.4787e-06,2.1958e-07,-0.00044751,7.1085e-05,-1.717e-06,7.1804e-07,-1.0066e-07,-3.7437e-07,-1.6553e-06,-0.00071876,-3.65e-06,-9.8065e-16,-9.1332e-07,-2.5122e-14,-1.6876e-11,8.9541e-07,0.00020455,nan,8.3533e-09,5.7849e-07,1.2201e-05,-1.6241e-10,3.9126e-06,5.4169e-06,7.3859e-06,-1.0241e-05,-9.9821e-08,-3.3643e-08,-1.055e-07,9.822e-07,6.3624e-05,1.4982e-06,-5.4639e-07,1.6173e-08,4.069e-06,3.2933e-08,-3.8377e-05,-4.885e-05,-6.4948e-07,7.9773e-09,7.914e-08,-6.7569e-06,9.6661e-08,1.3667e-08,2.6932e-07
b14_pop,1.0955e-06,1.7843e-06,2.0644e-06,2.7538e-05,3.6386e-08,-3.9802e-09,1.7609e-06,-2.0535e-07,-9.0567e-05,5.6061e-05,-2.094e-07,1.44e-07,1.3487e-08,2.7228e-08,0.00013155,-1.7902e-05,1.5652e-07,-1.863e-07,9.4109e-08,-1.4684e-07,2.3067e-08,8.7046e-05,1.528e-06,9.8249e-17,4.5854e-09,2.1243e-15,1.4046e-12,7.0735e-09,-3.5852e-05,nan,-8.6855e-10,-6.1474e-07,8.2684e-07,-1.5646e-12,-1.8673e-07,-1.2599e-06,-1.4211e-06,3.3149e-06,-8.4112e-09,5.3538e-09,8.999e-08,-2.8174e-07,4.6812e-06,-8.1224e-07,1.3709e-08,-9.353e-08,-8.9387e-07,4.3725e-08,-2.2226e-05,1.2014e-05,1.0833e-07,-2.6732e-09,1.8267e-08,1.9716e-07,-2.8164e-08,9.1651e-09,-4.7057e-08
b05_pop,5.6809e-06,-5.0002e-06,-6.0019e-06,0.00010948,-7.2645e-08,1.4863e-08,-2.5661e-06,3.3403e-07,-4.3168e-07,-2.094e-07,0.0028275,-6.3185e-05,-4.6627e-07,7.4546e-07,0.00066231,-5.4839e-05,-1.2399e-06,-2.3305e-07,-8.754e-07,1.2323e-05,1.5198e-06,-0.0003604,-5.0879e-07,-4.5061e-16,-8.7101e-07,-1.5874e-14,-9.3855e-12,-3.0668e-07,0.00015476,nan,3.9804e-09,-1.0192e-05,1.3391e-05,1.2547e-10,3.8091e-06,2.1781e-06,4.3373e-06,-2.1228e-05,6.119e-08,-3.0952e-08,1.0391e-06,-4.6661e-07,-3.0068e-07,2.934e-07,9.7383e-05,-1.6484e-06,-5.8485e-07,-5.3422e-08,0.00015783,1.1478e-05,-1.0745e-06,7.1466e-10,6.1066e-08,1.9571e-07,-1.9317e-06,-1.1477e-07,-2.7857e-07
b15_pop,-4.8119e-08,5.4586e-07,9.6514e-07,-2.4435e-05,-6.9772e-09,2.1165e-08,1.2495e-07,6.3153e-08,-1.5453e-08,1.44e-07,-6.3185e-05,5.3629e-05,2.0661e-07,-3.1209e-07,-0.00015497,8.8535e-06,2.1847e-06,1.1272e-07,1.5136e-05,-4.3891e-06,-7.1435e-07,0.00053243,-4.2845e-06,7.5584e-16,1.1204e-06,2.4057e-14,1.3265e-11,1.1519e-06,-0.00023326,nan,-5.8076e-09,2.85e-05,-5.8238e-06,-1.9366e-10,1.0972e-06,-1.1073e-06,-8.3023e-07,7.7331e-06,3.6271e-08,1.7335e-10,5.7543e-08,-1.7388e-07,1.1307e-07,-9.3919e-08,-7.4014e-06,2.136e-06,1.5147e-08,9.6218e-08,-5.398e-05,7.8234e-06,1.7388e-07,-1.1601e-08,5.0639e-08,4.2817e-08,-8.6987e-08,1.4544e-08,6.7629e-09
b06_pop,8.3125e-07,-1.0791e-06,3.1067e-07,0.00020333,-5.0174e-08,-5.8584e-09,2.5279e-06,-5.3358e-07,1.4787e-06,1.3487e-08,-4.6627e-07,2.0661e-07,0.0022016,-5.8157e-05,4.7636e-05,-5.5791e-05,7.1393e-07,-5.6429e-07,-1.2389e-06,5.185e-06,-4.9097e-07,0.00019516,4.0038e-07,1.8556e-16,1.2778e-06,1.3529e-14,5.8726e-13,7.6033e-07,-3.5076e-05,nan,-1.7711e-09,9.4864e-07,-2.8334e-05,-2.9553e-11,5.8273e-06,-8.0461e-07,-3.6811e-06,-1.1127e-05,-5.254e-08,2.5277e-08,-2.2888e-08,9.3987e-08,3.075e-06,5.442e-07,2.6192e-06,-4.3982e-07,0.00013636,-5.5805e-06,0.0001467,-2.0721e-06,3.9332e-07,2.3038e-08,-3.9039e-07,-9.1512e-07,-4.8368e-08,-3.3923e-06,-2.1514e-07
b16_pop,1.3112e-06,1.2934e-07,3.1236e-07,-5.1182e-05,-5.0312e-09,9.2757e-09,1.0916e-07,4.6625e-08,2.1958e-07,2.7228e-08,7.4546e-07,-3.1209e-07,-5.8157e-05,5.5049e-05,2.0993e-05,3.6176e-06,-1.4101e-06,4.7297e-07,4.2403e-06,-3.5154e-06,6.6032e-08,-0.00041175,1.2207e-07,-4.7176e-16,-1.8036e-06,-2.2994e-14,-1.4078e-11,-4.4724e-07,3.9667e-05,nan,4.3302e-09,7.132e-07,3.8077e-05,8.5029e-12,-2.3543e-08,1.4312e-07,4.312e-07,2.0755e-06,-2.8088e-08,-2.2069e-08,2.3004e-07,4.9105e-08,-4.6806e-07,-1.7524e-07,-4.3118e-07,-1.8088e-08,-7.7021e-06,6.1929e-07,-3.3884e-05,-4.3168e-06,-1.3569e-08,1.5404e-09,8.5423e-08,1.2842e-07,4.1771e-09,2.16e-07,7.7542e-08
b07_pop,-0.00040738,-0.00028418,-0.0001729,-0.0079463,-1.9094e-05,1.6253e-06,0.0002457,-7.2526e-06,-0.00044751,0.00013155,0.00066231,-0.00015497,4.7636e-05,2.0993e-05,46.576,-0.57898,-0.00024467,0.00010645,-1.024e-05,-5.3964e-05,-1.0822e-05,-0.059996,0.0003522,-7.8999e-14,-8.4172e-05,-2.4417e-12,5.9504e-10,7.1275e-05,0.0090418,nan,7.3049e-07,-3.7995e-05,0.0013135,3.3404e-08,-0.00055548,0.00030044,0.00023311,0.0010023,-6.1224e-06,3.0602e-06,0.00010863,9.9078e-05,-0.00014791,-8.0899e-07,-0.00011425,-1.0699e-05,9.4999e-05,-3.5794e-05,3.6409,-0.12454,-1.8282e-05,-2.7919e-06,-7.0598e-05,0.00012046,-7.6549e-06,1.2178e-05,-0.0012168
b17_pop,0.00012822,-4.1032e-05,-3.5223e-05,0.00094978,2.0234e-06,3.347e-08,-9.386e-05,1.5851e-05,7.1085e-05,-1.7902e-05,-5.4839e-05,8.8535e-06,-5.5791e-05,3.6176e-06,-0.57898,0.27343,2.1333e-05,-2.0759e-05,-1.9057e-05,2.3984e-05,-3.9193e-05,0.0024354,-1.6971e-05,7.6945e-15,1.5923e-05,4.4262e-14,9.6813e-10,1.7359e-06,2.2904e-05,nan,-3.473e-08,2.4504e-05,-0.00035475,2.3497e-08,0.00018203,6.693e-06,5.7099e-05,-0.00089817,4.8435e-06,-1.4986e-07,2.4436e-05,-3.1571e-05,3.1046e-05,7.7617e-06,4.138e-05,2.7216e-06,-7.3754e-05,3.916e-06,-0.17062,0.020819,-9.0382e-06,3.4194e-07,7.3671e-06,-1.7403e-05,-2.3569e-06,-6.9971e-07,1.3029e-05
p1_pop,-2.7175e-06,-1.9875e-05,-9.5548e-06,8.7451e-05,1.4226e-06,9.4197e-07,-1.936e-06,-1.4638e-05,-1.717e-06,1.5652e-07,-1.2399e-06,2.1847e-06,7.1393e-07,-1.4101e-06,-0.00024467,2.1333e-05,0.00055621,-0.00023464,-3.6064e-05,5.7686e-05,-0.00026819,0.079479,-0.0014141,1.1984e-13,6.9669e-05,3.0346e-12,3.4798e-09,-6.5226e-05,-0.0052078,nan,-1.06e-06,-1.327e-05,-0.00098549,-2.1255e-08,9.7517e-06,1.3743e-06,1.0479e-05,-9.7737e-05,3.5667e-06,-4.8984e-07,-9.897e-07,-2.6531e-06,1.242e-07,3.9384e-07,6.1524e-08,6.8048e-07,1.079e-05,-7.6216e-07,-0.00016788,-5.8034e-06,1.1507e-08,-6.3008e-07,-3.7212e-07,2.3569e-07,-5.2765e-09,-5.3983e-07,9.1933e-08
g1_pop,-1.6371e-05,1.5042e-05,1.2297e-05,-0.00018074,2.7607e-06,-1.2441e-06,-3.4718e-05,1.6447e-05,7.1804e-07,-1.863e-07,-2.3305e-07,1.1272e-07,-5.6429e-07,4.7297e-07,0.00010645,-2.0759e-05,-0.00023464,0.00074473,6.7839e-05,-3.0897e-05,0.00014982,-0.033539,-0.00027888,-4.6711e-14,-1.053e-05,-1.0273e-12,-7.0802e-10,3.2389e-05,0.00072237,nan,4.2521e-07,8.9937e-05,0.00031663,4.3898e-09,-2.2292e-05,2.8329e-06,-1.0531e-05,3.9488e-05,-2.9343e-06,6.3365e-07,-7.4244e-06,9.1137e-06,-2.9582e-07,-2.6341e-07,5.649e-07,-3.4563e-07,-3.6561e-06,1.6707e-07,2.8823e-05,1.4765e-06,3.0214e-08,2.2613e-07,-8.3962e-07,-4.1738e-07,1.4097e-08,1.8395e-07,-2.49e-08
p2_pop,6.5581e-06,1.5031e-05,7.6556e-06,8.0401e-05,2.3078e-07,-1.0245e-06,-1.4565e-06,9.8149e-07,-1.0066e-07,9.4109e-08,-8.754e-07,1.5136e-05,-1.2389e-06,4.2403e-06,-1.024e-05,-1.9057e-05,-3.6064e-05,6.7839e-05,0.00089003,-0.00011776,3.9506e-05,-0.0065572,-8.5969e-05,-3.743e-15,-3.3186e-06,-2.0692e-13,-4.9061e-10,-2.0715e-06,-0.0053399,nan,6.3722e-08,0.0004279,0.00033877,1.3492e-09,3.2764e-06,3.5734e-06,-1.0065e-05,6.5995e-05,-4.1719e-07,1.8348e-07,-9.5452e-08,8.6936e-07,3.0491e-07,-2.4225e-07,2.2314e-06,2.2597e-06,-2.7752e-06,6.0691e-07,-1.1514e-05,1.2301e-05,-1.6979e-06,2.633e-09,-9.813e-08,-2.861e-07,-3.0425e-07,8.9787e-08,-3.1917e-08
g2_pop,5.2205e-06,-2.8822e-06,-2.9039e-06,8.1725e-05,-8.0873e-07,4.1039e-07,-5.9886e-07,-5.6111e-07,-3.7437e-07,-1.4684e-07,1.2323e-05,-4.3891e-06,5.185e-06,-3.5154e-06,-5.3964e-05,2.3984e-05,5.7686e-05,-3.0897e-05,-0.00011776,0.00019816,-1.3748e-05,0.015027,2.6073e-06,1.4203e-14,4.527e-05,7.2745e-13,6.5894e-10,3.9773e-05,0.00068336,nan,-1.4614e-07,-0.00014018,-0.0010451,-9.1492e-09,4.7054e-06,-2.2176e-06,1.7364e-06,-2.1491e-05,5.4038e-07,-6.1237e-08,-7.9035e-07,-7.2204e-07,3.3309e-08,3.1058e-07,-7.5739e-07,-3.111e-07,1.126e-05,-1.2107e-06,-7.6849e-05,-7.5125e-06,-9.2687e-08,-1.0792e-07,5.7098e-08,8.0751e-08,7.3843e-08,-4.9988e-07,1.4693e-08
alpha11_pop,-7.614e-06,2.0626e-05,9.9568e-06,0.00028689,-2.4749e-08,-3.714e-07,3.8783e-07,8.5787e-06,-1.6553e-06,2.3067e-08,1.5198e-06,-7.1435e-07,-4.9097e-07,6.6032e-08,-1.0822e-05,-3.9193e-05,-0.00026819,0.00014982,3.9506e-05,-1.3748e-05,0.00071672,-0.010346,0.00090809,-2.2091e-14,1.4453e-06,-5.4407e-13,-7.7501e-10,-1.6934e-05,-0.00094924,nan,2.1078e-07,6.7204e-05,5.7978e-05,2.4255e-08,-3.0925e-05,-1.2639e-05,-1.543e-05,0.00023639,-4.1621e-07,2.4826e-07,-2.0265e-06,7.6952e-07,1.9449e-07,-4.0197e-07,-1.5561e-07,1.5907e-07,-3.2681e-06,-8.2724e-07,1.9955e-05,4.3962e-05,4.8146e-06,5.5736e-09,6.8151e-07,-1.3259e-07,-7.0151e-08,2.3495e-07,-1.3478e-07
alpha12_pop,-0.00011117,-0.0025849,-0.0015854,0.01538,0.00028479,0.00012477,0.00020579,-0.0012476,-0.00071876,8.7046e-05,-0.0003604,0.00053243,0.00019516,-0.00041175,-0.059996,0.0024354,0.079479,-0.033539,-0.0065572,0.015027,-0.010346,19.96,-0.076411,2.6922e-11,0.018702,6.8902e-10,8.1498e-07,-0.010709,-1.625,nan,-0.00023562,0.0031742,-0.26723,-1.1355e-06,0.00046541,0.00044302,0.0012816,-0.0054961,0.00095923,-5.6958e-05,-0.00045608,-0.0006871,0.00015111,0.00010038,-5.8377e-05,0.00016367,0.0028749,-0.00024967,-0.04608,0.0012031,8.7973e-05,-0.00018752,0.00013381,5.1817e-05,-2.2545e-06,-0.00014174,1.4806e-05
alpha13_pop,-1.6131e-05,3.9159e-05,1.5955e-05,-0.00070636,-6.1674e-07,-1.2321e-06,1.4813e-05,3.5411e-05,-3.65e-06,1.528e-06,-5.0879e-07,-4.2845e-06,4.0038e-07,1.2207e-07,0.0003522,-1.6971e-05,-0.0014141,-0.00027888,-8.5969e-05,2.6073e-06,0.00090809,-0.076411,0.011187,-1.8165e-13,-0.00010923,-4.5804e-12,-7.9367e-09,0.00024312,0.001817,nan,1.5537e-06,-5.456e-05,0.00045466,8.1283e-08,-5.5087e-05,1.0638e-05,-1.8603e-05,0.00024008,-3.4466e-06,8.7179e-07,-2.2788e-05,-2.4112e-05,2.9107e-06,2.1728e-07,-4.9363e-06,-8.8863e-07,-6.0567e-06,-4.1815e-08,0.00029531,5.562e-05,3.3272e-06,3.5117e-07,1.2528e-05,9.3027e-07,4.8792e-08,2.6333e-07,-5.2935e-07
alpha14_pop,-3.075e-15,-4.9913e-15,-2.7892e-15,4.4693e-14,4.177e-16,1.7879e-16,2.6259e-17,-2.1067e-15,-9.8065e-16,9.8249e-17,-4.5061e-16,7.5584e-16,1.8556e-16,-4.7176e-16,-7.8999e-14,7.6945e-15,1.1984e-13,-4.6711e-14,-3.743e-15,1.4203e-14,-2.2091e-14,2.6922e-11,-1.8165e-13,9.9004e-20,3.1309e-14,-8.5074e-19,-4.846e-18,-5.1836e-14,-2.3473e-12,nan,-1.0159e-15,9.1351e-15,-3.3312e-13,7.5998e-17,4.7006e-16,8.9123e-16,2.687e-15,-1.0521e-14,1.2857e-15,-8.9021e-17,-5.482e-16,-8.4264e-16,1.7635e-16,1.2973e-16,-2.8349e-17,2.2136e-16,3.608e-15,-2.9921e-16,-5.6098e-14,4.0791e-15,2.1172e-16,-2.509e-16,1.0827e-16,6.3565e-17,-2.9357e-18,-1.7733e-16,2.3868e-17
alpha15_pop,-1.4414e-06,-1.1536e-06,-5.7796e-08,5.0804e-05,4.0673e-07,4.6765e-08,-1.2555e-06,-5.9712e-07,-9.1332e-07,4.5854e-09,-8.7101e-07,1.1204e-06,1.2778e-06,-1.8036e-06,-8.4172e-05,1.5923e-05,6.9669e-05,-1.053e-05,-3.3186e-06,4.527e-05,1.4453e-06,0.018702,-0.00010923,3.1309e-14,0.00011696,1.388e-12,6.2389e-10,1.0943e-06,-0.0041157,nan,-2.1317e-07,9.4523e-05,-0.0008459,1.6958e-10,-3.6313e-08,-4.7447e-07,-3.736e-07,-5.7216e-06,9.0591e-07,-5.0065e-08,-1.1623e-06,-4.2287e-07,3.1368e-07,2.3154e-07,2.3382e-07,2.2196e-07,8.7008e-06,-9.44e-07,-9.7857e-05,1.9061e-06,2.8534e-07,-2.159e-07,9.125e-08,-9.0472e-08,1.6809e-08,-3.9387e-07,1.472e-08
alpha16_pop,-2.2205e-14,-9.239e-14,-4.8389e-14,8.1387e-13,1.1841e-14,4.2937e-15,-1.4085e-14,-5.0405e-14,-2.5122e-14,2.1243e-15,-1.5874e-14,2.4057e-14,1.3529e-14,-2.2994e-14,-2.4417e-12,4.4262e-14,3.0346e-12,-1.0273e-12,-2.0692e-13,7.2745e-13,-5.4407e-13,6.8902e-10,-4.5804e-12,-8.5074e-19,1.388e-12,1.157e-15,1.1038e-15,-3.3825e-13,-7.1177e-11,nan,-2.052e-14,9.7372e-13,-1.2998e-11,-2.6736e-15,1.6731e-14,8.6762e-15,3.9677e-14,-2.8544e-13,3.2537e-14,-2.2155e-15,-2.1806e-14,-2.0487e-14,6.2072e-15,4.25e-15,1.5159e-15,6.1468e-15,1.374e-13,-1.2968e-14,-1.9298e-12,-7.923e-15,4.4962e-15,-6.5815e-15,3.1065e-15,9.8693e-16,3.9352e-17,-6.5335e-15,4.0896e-16
alpha17_pop,3.571e-12,-1.07e-10,-5.8448e-11,4.7833e-10,1.3921e-11,6.1289e-12,-3.4828e-11,-4.4292e-11,-1.6876e-11,1.4046e-12,-9.3855e-12,1.3265e-11,5.8726e-13,-1.4078e-11,5.9504e-10,9.6813e-10,3.4798e-09,-7.0802e-10,-4.9061e-10,6.5894e-10,-7.7501e-10,8.1498e-07,-7.9367e-09,-4.846e-18,6.2389e-10,1.1038e-15,5.3116e-11,-4.169e-10,1.7164e-08,nan,-6.9007e-12,6.9614e-10,-8.7519e-09,9.4155e-14,3.4179e-11,1.5952e-11,5.5701e-11,-3.5409e-10,3.6294e-11,-1.4621e-12,-2.0629e-11,-7.2834e-12,6.6593e-12,2.4287e-12,5.3428e-12,5.8765e-12,9.728e-11,-6.5445e-12,-2.8027e-09,7.6597e-11,-3.147e-13,-6.4283e-12,3.5222e-13,2.8864e-12,-4.4708e-14,-5.1976e-12,3.8886e-12
alpha21_pop,3.056e-05,1.4641e-05,7.4638e-06,-0.0002542,-1.6168e-07,-1.2099e-07,-1.143e-06,1.3598e-06,8.9541e-07,7.0735e-09,-3.0668e-07,1.1519e-06,7.6033e-07,-4.4724e-07,7.1275e-05,1.7359e-06,-6.5226e-05,3.2389e-05,-2.0715e-06,3.9773e-05,-1.6934e-05,-0.010709,0.00024312,-5.1836e-14,1.0943e-06,-3.3825e-13,-4.169e-10,0.00040494,0.0010929,nan,3.6255e-07,8.6165e-05,-0.00017702,-6.2303e-08,4.9103e-06,-3.3814e-06,-9.7243e-06,3.329e-06,-6.008e-07,6.4729e-08,-7.9148e-07,1.4256e-07,1.0066e-07,1.632e-08,5.633e-07,4.5944e-08,1.8752e-06,-2.3785e-07,-6.4908e-05,-1.5985e-05,-1.2807e-06,1.0464e-07,2.1157e-07,-8.9594e-08,-1.9008e-08,-9.7261e-08,2.9947e-08
alpha22_pop,7.5829e-05,9.523e-05,1.7444e-05,-0.0049546,-5.0035e-05,2.7894e-05,6.372e-05,9.0085e-05,0.00020455,-3.5852e-05,0.00015476,-0.00023326,-3.5076e-05,3.9667e-05,0.0090418,2.2904e-05,-0.0052078,0.00072237,-0.0053399,0.00068336,-0.00094924,-1.625,0.001817,-2.3473e-12,-0.0041157,-7.1177e-11,1.7164e-08,0.0010929,1.5937,nan,1.9613e-05,0.0075457,0.053143,-3.6968e-07,0.00012403,-4.6229e-05,0.00011224,-0.00049496,-0.00010055,1.1687e-05,8.5123e-05,6.4587e-05,-3.9342e-05,-2.2741e-05,9.6318e-05,-2.9519e-05,-0.0006158,6.5019e-05,0.011038,-0.00087851,-3.9041e-05,3.5363e-05,-2.266e-05,2.9949e-05,-4.7892e-07,2.8935e-05,7.4921e-07
alpha23_pop,nan,nan,nan,nan,nan,nan,nan,nan,nan,nan,nan,nan,nan,nan,nan,nan,nan,nan,nan,nan,nan,nan,nan,nan,nan,nan,nan,nan,nan,nan,nan,nan,nan,nan,nan,nan,nan,nan,nan,nan,nan,nan,nan,nan,nan,nan,nan,nan,nan,nan,nan,nan,nan,nan,nan,nan,nan
alpha24_pop,2.0184e-08,4.1977e-08,2.3528e-08,-3.2966e-07,-3.6397e-09,-1.6458e-09,-3.9124e-10,1.9162e-08,8.3533e-09,-8.6855e-10,3.9804e-09,-5.8076e-09,-1.7711e-09,4.3302e-09,7.3049e-07,-3.473e-08,-1.06e-06,4.2521e-07,6.3722e-08,-1.4614e-07,2.1078e-07,-0.00023562,1.5537e-06,-1.0159e-15,-2.1317e-07,-2.052e-14,-6.9007e-12,3.6255e-07,1.9613e-05,nan,8.7446e-09,2.0028e-08,2.9496e-06,-6.7692e-11,-5.4871e-09,-7.0172e-09,-2.2288e-08,9.8906e-08,-1.1222e-08,7.9782e-10,4.7367e-09,7.6587e-09,-1.5046e-09,-1.1456e-09,8.6536e-10,-1.8996e-09,-3.1872e-08,2.6492e-09,4.9177e-07,-1.9482e-08,-1.5821e-09,2.1763e-09,-9.7677e-10,-6.2044e-10,1.6207e-11,1.572e-09,-1.7196e-10
alpha25_pop,-2.3817e-06,1.6924e-05,6.7674e-06,0.00011796,-1.071e-08,-4.4799e-07,-5.762e-06,2.5534e-06,5.7849e-07,-6.1474e-07,-1.0192e-05,2.85e-05,9.4864e-07,7.132e-07,-3.7995e-05,2.4504e-05,-1.327e-05,8.9937e-05,0.0004279,-0.00014018,6.7204e-05,0.0031742,-5.456e-05,9.1351e-15,9.4523e-05,9.7372e-13,6.9614e-10,8.6165e-05,0.0075457,nan,2.0028e-08,0.0046615,-0.00081139,2.7371e-09,-3.1749e-06,-4.8096e-06,-9.9213e-06,7.7352e-05,-8.6194e-08,2.0705e-07,-2.3334e-06,2.7459e-09,4.2787e-06,-1.6721e-07,1.9177e-05,-2.9691e-06,7.9682e-06,-9.9179e-07,-0.00023205,4.7904e-05,1.3797e-06,6.62e-08,3.6302e-07,-5.3752e-07,-3.6026e-07,-1.7141e-07,5.034e-08
alpha26_pop,1.9375e-05,1.6891e-05,-2.9776e-06,-0.00081275,-5.225e-06,-1.4225e-06,1.365e-05,9.3704e-06,1.2201e-05,8.2684e-07,1.3391e-05,-5.8238e-06,-2.8334e-05,3.8077e-05,0.0013135,-0.00035475,-0.00098549,0.00031663,0.00033877,-0.0010451,5.7978e-05,-0.26723,0.00045466,-3.3312e-13,-0.0008459,-1.2998e-11,-8.7519e-09,-0.00017702,0.053143,nan,2.9496e-06,-0.00081139,0.016289,1.7737e-08,-8.2073e-06,1.1425e-05,7.4717e-06,0.00016286,-1.288e-05,7.8618e-07,1.4812e-05,1.0533e-05,-5.2528e-06,-4.4758e-06,4.8409e-06,-9.3287e-07,-0.00016584,1.8224e-05,0.0015869,4.8286e-06,-3.769e-06,3.0217e-06,-1.3765e-06,1.3929e-06,-5.2983e-07,7.4849e-06,-2.091e-07
alpha27_pop,-4.7865e-09,-1.1122e-09,-6.0129e-10,4.0134e-08,-4.4867e-11,-3.5338e-11,4.4061e-10,7.2411e-10,-1.6241e-10,-1.5646e-12,1.2547e-10,-1.9366e-10,-2.9553e-11,8.5029e-12,3.3404e-08,2.3497e-08,-2.1255e-08,4.3898e-09,1.3492e-09,-9.1492e-09,2.4255e-08,-1.1355e-06,8.1283e-08,7.5998e-17,1.6958e-10,-2.6736e-15,9.4155e-14,-6.2303e-08,-3.6968e-07,nan,-6.7692e-11,2.7371e-09,1.7737e-08,4.1672e-10,-1.4541e-09,3.9857e-10,8.4979e-10,7.0225e-09,-1.8557e-11,1.5238e-11,5.7937e-11,-3.8776e-11,1.1758e-11,2.2985e-13,-4.7422e-11,-6.22e-11,-2.0769e-10,-1.6013e-12,7.2887e-09,1.1014e-08,2.5894e-10,-3.1891e-12,4.7727e-11,-2.4365e-11,3.8952e-12,1.3818e-11,2.243e-11
omega_b01,0.0027623,-0.00010073,0.0001018,-0.0029886,-2.8794e-07,3.7415e-08,-3.9538e-09,-9.3972e-07,3.9126e-06,-1.8673e-07,3.8091e-06,1.0972e-06,5.8273e-06,-2.3543e-08,-0.00055548,0.00018203,9.7517e-06,-2.2292e-05,3.2764e-06,4.7054e-06,-3.0925e-05,0.00046541,-5.5087e-05,4.7006e-16,-3.6313e-08,1.6731e-14,3.4179e-11,4.9103e-06,0.00012403,nan,-5.4871e-09,-3.1749e-06,-8.2073e-06,-1.4541e-09,0.010426,2.8077e-05,-1.2534e-05,-1.9843e-05,1.6433e-07,5.4886e-08,-8.5853e-06,6.8377e-08,-1.8873e-06,-1.1012e-06,3.3716e-06,-1.2877e-06,-3.0905e-06,8.471e-07,-4.3066e-05,0.00010947,-8.1985e-05,-1.267e-08,2.8076e-06,-9.4144e-08,-1.3048e-08,5.3624e-07,2.6636e-07
omega_b11,6.9461e-05,-0.00014275,-0.00012195,-0.0026958,-4.3693e-08,2.3365e-08,4.2102e-07,2.5219e-07,5.4169e-06,-1.2599e-06,2.1781e-06,-1.1073e-06,-8.0461e-07,1.4312e-07,0.00030044,6.693e-06,1.3743e-06,2.8329e-06,3.5734e-06,-2.2176e-06,-1.2639e-05,0.00044302,1.0638e-05,8.9123e-16,-4.7447e-07,8.6762e-15,1.5952e-11,-3.3814e-06,-4.6229e-05,nan,-7.0172e-09,-4.8096e-06,1.1425e-05,3.9857e-10,2.8077e-05,0.00016377,0.00010128,-0.00034997,-2.4714e-07,-2.6557e-08,6.2266e-07,1.5436e-07,9.137e-07,1.3502e-07,1.9931e-07,-5.6286e-07,-2.7059e-06,1.132e-08,0.00072803,-3.4453e-05,-2.2539e-06,-3.1479e-08,-1.7042e-07,5.1646e-07,-7.0386e-08,1.1504e-07,5.7705e-07
omega_b21,-0.00012604,-0.00014024,-0.00020288,-0.0023464,-6.2246e-08,-1.63e-08,-1.8701e-06,7.314e-07,7.3859e-06,-1.4211e-06,4.3373e-06,-8.3023e-07,-3.6811e-06,4.312e-07,0.00023311,5.7099e-05,1.0479e-05,-1.0531e-05,-1.0065e-05,1.7364e-06,-1.543e-05,0.0012816,-1.8603e-05,2.687e-15,-3.736e-07,3.9677e-14,5.5701e-11,-9.7243e-06,0.00011224,nan,-2.2288e-08,-9.9213e-06,7.4717e-06,8.4979e-10,-1.2534e-05,0.00010128,0.00023216,-0.0005071,-2.2683e-07,-2.1509e-08,1.2751e-06,-4.7609e-07,1.4672e-07,5.7049e-07,-6.0807e-07,-9.4545e-07,-5.0874e-06,5.3829e-07,0.0010248,1.827e-06,-4.7974e-06,-1.1887e-08,-5.87e-07,1.8819e-06,-9.6494e-08,1.8355e-07,6.6465e-07
omega_a1,0.0005276,0.00068447,0.00063861,-0.045567,2.2321e-06,-1.4007e-07,-3.1645e-05,4.569e-07,-1.0241e-05,3.3149e-06,-2.1228e-05,7.7331e-06,-1.1127e-05,2.0755e-06,0.0010023,-0.00089817,-9.7737e-05,3.9488e-05,6.5995e-05,-2.1491e-05,0.00023639,-0.0054961,0.00024008,-1.0521e-14,-5.7216e-06,-2.8544e-13,-3.5409e-10,3.329e-06,-0.00049496,nan,9.8906e-08,7.7352e-05,0.00016286,7.0225e-09,-1.9843e-05,-0.00034997,-0.0005071,0.016442,2.0344e-06,2.9332e-07,-1.5126e-05,1.0925e-06,-1.539e-05,-1.6284e-06,3.7535e-05,-7.8339e-06,1.0903e-05,-7.7155e-07,-0.0036512,-5.9316e-05,5.7038e-05,-5.0073e-07,2.7095e-06,-1.411e-05,-1.3539e-06,-8.4555e-07,1.9417e-07
omega_b02,3.1444e-07,1.8581e-07,3.3919e-07,4.2555e-06,9.01e-08,9.0197e-09,4.0067e-08,-5.6219e-08,-9.9821e-08,-8.4112e-09,6.119e-08,3.6271e-08,-5.254e-08,-2.8088e-08,-6.1224e-06,4.8435e-06,3.5667e-06,-2.9343e-06,-4.1719e-07,5.4038e-07,-4.1621e-07,0.00095923,-3.4466e-06,1.2857e-15,9.0591e-07,3.2537e-14,3.6294e-11,-6.008e-07,-0.00010055,nan,-1.1222e-08,-8.6194e-08,-1.288e-05,-1.8557e-11,1.6433e-07,-2.4714e-07,-2.2683e-07,2.0344e-06,5.9726e-06,-8.796e-08,1.2858e-07,-5.8104e-08,3.1441e-07,1.0871e-07,1.0377e-07,6.1579e-08,1.1898e-07,7.2161e-09,-1.7078e-05,2.6233e-06,2.7652e-08,-1.723e-07,-2.4718e-08,-8.8215e-08,-5.7659e-09,7.1049e-10,1.7412e-08
omega_b12,1.6478e-09,5.2091e-08,3.4095e-08,-1.062e-06,1.063e-08,-5.4369e-09,-4.341e-08,7.0486e-09,-3.3643e-08,5.3538e-09,-3.0952e-08,1.7335e-10,2.5277e-08,-2.2069e-08,3.0602e-06,-1.4986e-07,-4.8984e-07,6.3365e-07,1.8348e-07,-6.1237e-08,2.4826e-07,-5.6958e-05,8.7179e-07,-8.9021e-17,-5.0065e-08,-2.2155e-15,-1.4621e-12,6.4729e-08,1.1687e-05,nan,7.9782e-10,2.0705e-07,7.8618e-07,1.5238e-11,5.4886e-08,-2.6557e-08,-2.1509e-08,2.9332e-07,-8.796e-08,1.244e-07,1.0794e-08,-2.8836e-09,4.7333e-09,2.1314e-09,-5.7202e-09,-5.2813e-09,-2.903e-08,2.294e-09,2.355e-06,-1.9496e-07,-2.6156e-09,-7.5973e-09,4.7799e-09,1.3905e-09,9.7098e-10,1.8595e-09,8.1117e-10
omega_b03,-7.0414e-07,-9.0857e-07,-2.9689e-07,-4.3665e-05,2.9163e-07,-3.134e-08,-1.3834e-05,2.9776e-06,-1.055e-07,8.999e-08,1.0391e-06,5.7543e-08,-2.2888e-08,2.3004e-07,0.00010863,2.4436e-05,-9.897e-07,-7.4244e-06,-9.5452e-08,-7.9035e-07,-2.0265e-06,-0.00045608,-2.2788e-05,-5.482e-16,-1.1623e-06,-2.1806e-14,-2.0629e-11,-7.9148e-07,8.5123e-05,nan,4.7367e-09,-2.3334e-06,1.4812e-05,5.7937e-11,-8.5853e-06,6.2266e-07,1.2751e-06,-1.5126e-05,1.2858e-07,1.0794e-08,0.0022309,-9.388e-06,1.4471e-06,3.6782e-07,5.6313e-06,-3.364e-07,2.0735e-06,2.1807e-07,-6.2439e-07,-2.0381e-05,2.7182e-07,-1.9464e-09,-4.7148e-05,-4.0263e-07,5.4532e-08,-1.0371e-07,-4.4931e-08
omega_b13,2.6565e-06,1.4482e-08,7.2427e-07,5.2394e-06,-1.0126e-08,4.3541e-09,6.7058e-06,-2.4787e-06,9.822e-07,-2.8174e-07,-4.6661e-07,-1.7388e-07,9.3987e-08,4.9105e-08,9.9078e-05,-3.1571e-05,-2.6531e-06,9.1137e-06,8.6936e-07,-7.2204e-07,7.6952e-07,-0.0006871,-2.4112e-05,-8.4264e-16,-4.2287e-07,-2.0487e-14,-7.2834e-12,1.4256e-07,6.4587e-05,nan,7.6587e-09,2.7459e-09,1.0533e-05,-3.8776e-11,6.8377e-08,1.5436e-07,-4.7609e-07,1.0925e-06,-5.8104e-08,-2.8836e-09,-9.388e-06,6.3321e-05,-1.5232e-07,-3.0544e-07,-4.6524e-08,2.0779e-07,-9.6821e-08,-4.2327e-08,1.6281e-06,-1.9957e-05,-9.2336e-08,1.4986e-08,-4.8816e-06,1.3401e-07,-1.4301e-08,3.4283e-08,1.4031e-08
omega_b04,2.9273e-07,-1.4493e-06,-8.1104e-07,-1.9451e-05,4.7359e-08,-2.151e-08,1.6238e-06,7.0839e-07,6.3624e-05,4.6812e-06,-3.0068e-07,1.1307e-07,3.075e-06,-4.6806e-07,-0.00014791,3.1046e-05,1.242e-07,-2.9582e-07,3.0491e-07,3.3309e-08,1.9449e-07,0.00015111,2.9107e-06,1.7635e-16,3.1368e-07,6.2072e-15,6.6593e-12,1.0066e-07,-3.9342e-05,nan,-1.5046e-09,4.2787e-06,-5.2528e-06,1.1758e-11,-1.8873e-06,9.137e-07,1.4672e-07,-1.539e-05,3.1441e-07,4.7333e-09,1.4471e-06,-1.5232e-07,0.0060047,-1.3393e-05,8.752e-07,-1.0174e-06,1.8975e-06,-2.1283e-08,-0.00066349,1.8902e-05,-2.78e-07,-1.6358e-08,2.2093e-07,-4.6372e-05,-4.6998e-08,-2.1161e-08,4.7286e-07
omega_b14,-2.1021e-06,-1.2935e-07,-6.9055e-07,-5.0541e-06,1.6149e-08,3.4191e-09,2.9311e-09,-2.8069e-08,1.4982e-06,-8.1224e-07,2.934e-07,-9.3919e-08,5.442e-07,-1.7524e-07,-8.0899e-07,7.7617e-06,3.9384e-07,-2.6341e-07,-2.4225e-07,3.1058e-07,-4.0197e-07,0.00010038,2.1728e-07,1.2973e-16,2.3154e-07,4.25e-15,2.4287e-12,1.632e-08,-2.2741e-05,nan,-1.1456e-09,-1.6721e-07,-4.4758e-06,2.2985e-13,-1.1012e-06,1.3502e-07,5.7049e-07,-1.6284e-06,1.0871e-07,2.1314e-09,3.6782e-07,-3.0544e-07,-1.3393e-05,4.0534e-05,-7.7837e-07,1.035e-07,3.5402e-09,-1.4884e-07,-8.9122e-08,6.6526e-06,-1.5024e-07,-3.5042e-09,-3.6496e-08,-1.218e-05,-2.0228e-09,-2.4346e-08,4.6824e-09
omega_b05,4.186e-06,1.0667e-06,2.3991e-06,-0.00019609,-1.0785e-07,1.2145e-08,2.0429e-06,-9.4579e-07,-5.4639e-07,1.3709e-08,9.7383e-05,-7.4014e-06,2.6192e-06,-4.3118e-07,-0.00011425,4.138e-05,6.1524e-08,5.649e-07,2.2314e-06,-7.5739e-07,-1.5561e-07,-5.8377e-05,-4.9363e-06,-2.8349e-17,2.3382e-07,1.5159e-15,5.3428e-12,5.633e-07,9.6318e-05,nan,8.6536e-10,1.9177e-05,4.8409e-06,-4.7422e-11,3.3716e-06,1.9931e-07,-6.0807e-07,3.7535e-05,1.0377e-07,-5.7202e-09,5.6313e-06,-4.6524e-08,8.752e-07,-7.7837e-07,0.0017278,-7.4513e-06,-2.8095e-06,1.9405e-07,-0.00014414,1.853e-05,-1.1255e-06,2.9207e-08,3.2516e-08,-2.3894e-09,-7.8142e-06,7.2661e-08,-1.6121e-07
omega_b15,-1.5702e-06,4.3718e-07,4.7153e-07,6.5245e-05,-1.1361e-08,2.0226e-08,9.339e-08,2.9677e-08,1.6173e-08,-9.353e-08,-1.6484e-06,2.136e-06,-4.3982e-07,-1.8088e-08,-1.0699e-05,2.7216e-06,6.8048e-07,-3.4563e-07,2.2597e-06,-3.111e-07,1.5907e-07,0.00016367,-8.8863e-07,2.2136e-16,2.2196e-07,6.1468e-15,5.8765e-12,4.5944e-08,-2.9519e-05,nan,-1.8996e-09,-2.9691e-06,-9.3287e-07,-6.22e-11,-1.2877e-06,-5.6286e-07,-9.4545e-07,-7.8339e-06,6.1579e-08,-5.2813e-09,-3.364e-07,2.0779e-07,-1.0174e-06,1.035e-07,-7.4513e-06,3.2181e-05,-2.6392e-07,2.3691e-08,5.5254e-07,3.3472e-06,1.3848e-07,-1.0319e-08,1.442e-08,-1.1184e-07,-6.5178e-07,9.7936e-09,2.6553e-08
omega_b06,-5.4559e-06,8.5574e-07,1.5853e-06,0.00018309,-1.8843e-07,1.2719e-08,2.8308e-07,8.8735e-08,4.069e-06,-8.9387e-07,-5.8485e-07,1.5147e-08,0.00013636,-7.7021e-06,9.4999e-05,-7.3754e-05,1.079e-05,-3.6561e-06,-2.7752e-06,1.126e-05,-3.2681e-06,0.0028749,-6.0567e-06,3.608e-15,8.7008e-06,1.374e-13,9.728e-11,1.8752e-06,-0.0006158,nan,-3.1872e-08,7.9682e-06,-0.00016584,-2.0769e-10,-3.0905e-06,-2.7059e-06,-5.0874e-06,1.0903e-05,1.1898e-07,-2.903e-08,2.0735e-06,-9.6821e-08,1.8975e-06,3.5402e-09,-2.8095e-06,-2.6392e-07,0.0014276,-2.6443e-06,-1.3261e-05,4.8993e-05,4.1918e-07,-1.8585e-08,-4.2366e-07,-4.51e-07,1.0595e-07,-1.1799e-05,6.5706e-08
omega_b16,-1.9947e-06,-1.2556e-07,-5.7854e-07,-6.2668e-06,-1.6217e-08,5.4142e-09,-4.63e-07,1.4763e-07,3.2933e-08,4.3725e-08,-5.3422e-08,9.6218e-08,-5.5805e-06,6.1929e-07,-3.5794e-05,3.916e-06,-7.6216e-07,1.6707e-07,6.0691e-07,-1.2107e-06,-8.2724e-07,-0.00024967,-4.1815e-08,-2.9921e-16,-9.44e-07,-1.2968e-14,-6.5445e-12,-2.3785e-07,6.5019e-05,nan,2.6492e-09,-9.9179e-07,1.8224e-05,-1.6013e-12,8.471e-07,1.132e-08,5.3829e-07,-7.7155e-07,7.2161e-09,2.294e-09,2.1807e-07,-4.2327e-08,-2.1283e-08,-1.4884e-07,1.9405e-07,2.3691e-08,-2.6443e-06,3.4094e-05,4.8115e-06,1.505e-05,-5.3869e-08,-5.5644e-10,3.8973e-08,5.8151e-08,9.9406e-09,-1.0597e-06,-6.0139e-08
omega_b07,-0.00072409,-0.0010669,-0.0012211,-0.0097492,-1.6816e-05,9.3143e-07,-8.5789e-05,3.7242e-05,-3.8377e-05,-2.2226e-05,0.00015783,-5.398e-05,0.0001467,-3.3884e-05,3.6409,-0.17062,-0.00016788,2.8823e-05,-1.1514e-05,-7.6849e-05,1.9955e-05,-0.04608,0.00029531,-5.6098e-14,-9.7857e-05,-1.9298e-12,-2.8027e-09,-6.4908e-05,0.011038,nan,4.9177e-07,-0.00023205,0.0015869,7.2887e-09,-4.3066e-05,0.00072803,0.0010248,-0.0036512,-1.7078e-05,2.355e-06,-6.2439e-07,1.6281e-06,-0.00066349,-8.9122e-08,-0.00014414,5.5254e-07,-1.3261e-05,4.8115e-06,26.552,-0.072545,-4.7352e-05,8.1293e-08,5.2903e-06,0.00014039,-1.2146e-05,6.5783e-06,-0.0022623
omega_b17,2.9008e-05,4.2523e-05,4.1668e-05,0.0020542,9.8014e-06,-1.6405e-06,-9.1989e-06,-8.0294e-06,-4.885e-05,1.2014e-05,1.1478e-05,7.8234e-06,-2.0721e-06,-4.3168e-06,-0.12454,0.020819,-5.8034e-06,1.4765e-06,1.2301e-05,-7.5125e-06,4.3962e-05,0.0012031,5.562e-05,4.0791e-15,1.9061e-06,-7.923e-15,7.6597e-11,-1.5985e-05,-0.00087851,nan,-1.9482e-08,4.7904e-05,4.8286e-06,1.1014e-08,0.00010947,-3.4453e-05,1.827e-06,-5.9316e-05,2.6233e-06,-1.9496e-07,-2.0381e-05,-1.9957e-05,1.8902e-05,6.6526e-06,1.853e-05,3.3472e-06,4.8993e-05,1.505e-05,-0.072545,0.18066,-1.1402e-05,-7.8138e-09,-1.2048e-05,8.0746e-06,-2.2349e-06,-4.2554e-06,-0.00019559
b_1,-2.6101e-05,2.3028e-06,3.6096e-06,-0.00043753,3.2805e-08,-2.7112e-10,4.5283e-07,-9.7286e-09,-6.4948e-07,1.0833e-07,-1.0745e-06,1.7388e-07,3.9332e-07,-1.3569e-08,-1.8282e-05,-9.0382e-06,1.1507e-08,3.0214e-08,-1.6979e-06,-9.2687e-08,4.8146e-06,8.7973e-05,3.3272e-06,2.1172e-16,2.8534e-07,4.4962e-15,-3.147e-13,-1.2807e-06,-3.9041e-05,nan,-1.5821e-09,1.3797e-06,-3.769e-06,2.5894e-10,-8.1985e-05,-2.2539e-06,-4.7974e-06,5.7038e-05,2.7652e-08,-2.6156e-09,2.7182e-07,-9.2336e-08,-2.78e-07,-1.5024e-07,-1.1255e-06,1.3848e-07,4.1918e-07,-5.3869e-08,-4.7352e-05,-1.1402e-05,4.5386e-05,-5.4836e-09,3.035e-08,-2.3388e-07,1.8812e-08,1.2511e-08,5.339e-08
a_2,-8.0576e-08,4.0822e-08,1.8461e-08,2.3205e-06,-2.2044e-08,2.9645e-09,-2.6778e-09,1.4044e-08,7.9773e-09,-2.6732e-09,7.1466e-10,-1.1601e-08,2.3038e-08,1.5404e-09,-2.7919e-06,3.4194e-07,-6.3008e-07,2.2613e-07,2.633e-09,-1.0792e-07,5.5736e-09,-0.00018752,3.5117e-07,-2.509e-16,-2.159e-07,-6.5815e-15,-6.4283e-12,1.0464e-07,3.5363e-05,nan,2.1763e-09,6.62e-08,3.0217e-06,-3.1891e-12,-1.267e-08,-3.1479e-08,-1.1887e-08,-5.0073e-07,-1.723e-07,-7.5973e-09,-1.9464e-09,1.4986e-08,-1.6358e-08,-3.5042e-09,2.9207e-08,-1.0319e-08,-1.8585e-08,-5.5644e-10,8.1293e-08,-7.8138e-09,-5.4836e-09,5.8272e-07,-3.2422e-09,-4.989e-09,9.7839e-10,7.1704e-10,8.8382e-10
a_3,1.2364e-06,2.2712e-07,4.6707e-07,-8.9765e-06,-9.8308e-09,-1.5518e-09,-5.3458e-06,1.4559e-06,7.914e-08,1.8267e-08,6.1066e-08,5.0639e-08,-3.9039e-07,8.5423e-08,-7.0598e-05,7.3671e-06,-3.7212e-07,-8.3962e-07,-9.813e-08,5.7098e-08,6.8151e-07,0.00013381,1.2528e-05,1.0827e-16,9.125e-08,3.1065e-15,3.5222e-13,2.1157e-07,-2.266e-05,nan,-9.7677e-10,3.6302e-07,-1.3765e-06,4.7727e-11,2.8076e-06,-1.7042e-07,-5.87e-07,2.7095e-06,-2.4718e-08,4.7799e-09,-4.7148e-05,-4.8816e-06,2.2093e-07,-3.6496e-08,3.2516e-08,1.442e-08,-4.2366e-07,3.8973e-08,5.2903e-06,-1.2048e-05,3.035e-08,-3.2422e-09,0.0001616,-2.0251e-07,-9.704e-09,-2.4403e-09,4.767e-08
a_4,-2.1655e-06,-8.8918e-07,-1.4428e-06,2.9103e-05,-8.1922e-08,2.0307e-08,-7.3833e-08,2.0493e-08,-6.7569e-06,1.9716e-07,1.9571e-07,4.2817e-08,-9.1512e-07,1.2842e-07,0.00012046,-1.7403e-05,2.3569e-07,-4.1738e-07,-2.861e-07,8.0751e-08,-1.3259e-07,5.1817e-05,9.3027e-07,6.3565e-17,-9.0472e-08,9.8693e-16,2.8864e-12,-8.9594e-08,2.9949e-05,nan,-6.2044e-10,-5.3752e-07,1.3929e-06,-2.4365e-11,-9.4144e-08,5.1646e-07,1.8819e-06,-1.411e-05,-8.8215e-08,1.3905e-09,-4.0263e-07,1.3401e-07,-4.6372e-05,-1.218e-05,-2.3894e-09,-1.1184e-07,-4.51e-07,5.8151e-08,0.00014039,8.0746e-06,-2.3388e-07,-4.989e-09,-2.0251e-07,0.00028753,1.2767e-08,5.6751e-08,-1.3788e-07
b_5,1.1612e-07,1.0008e-07,1.7493e-07,7.7034e-06,1.9344e-09,-1.5417e-09,-8.1485e-08,3.5395e-09,9.6661e-08,-2.8164e-08,-1.9317e-06,-8.6987e-08,-4.8368e-08,4.1771e-09,-7.6549e-06,-2.3569e-06,-5.2765e-09,1.4097e-08,-3.0425e-07,7.3843e-08,-7.0151e-08,-2.2545e-06,4.8792e-08,-2.9357e-18,1.6809e-08,3.9352e-17,-4.4708e-14,-1.9008e-08,-4.7892e-07,nan,1.6207e-11,-3.6026e-07,-5.2983e-07,3.8952e-12,-1.3048e-08,-7.0386e-08,-9.6494e-08,-1.3539e-06,-5.7659e-09,9.7098e-10,5.4532e-08,-1.4301e-08,-4.6998e-08,-2.0228e-09,-7.8142e-06,-6.5178e-07,1.0595e-07,9.9406e-09,-1.2146e-05,-2.2349e-06,1.8812e-08,9.7839e-10,-9.704e-09,1.2767e-08,3.4079e-06,-6.427e-09,2.1931e-08
b_6,1.0967e-06,-8.5298e-08,2.9876e-08,-4.7982e-06,-3.3719e-09,1.1725e-10,-2.0868e-07,3.8126e-08,1.3667e-08,9.1651e-09,-1.1477e-07,1.4544e-08,-3.3923e-06,2.16e-07,1.2178e-05,-6.9971e-07,-5.3983e-07,1.8395e-07,8.9787e-08,-4.9988e-07,2.3495e-07,-0.00014174,2.6333e-07,-1.7733e-16,-3.9387e-07,-6.5335e-15,-5.1976e-12,-9.7261e-08,2.8935e-05,nan,1.572e-09,-1.7141e-07,7.4849e-06,1.3818e-11,5.3624e-07,1.1504e-07,1.8355e-07,-8.4555e-07,7.1049e-10,1.8595e-09,-1.0371e-07,3.4283e-08,-2.1161e-08,-2.4346e-08,7.2661e-08,9.7936e-09,-1.1799e-05,-1.0597e-06,6.5783e-06,-4.2554e-06,1.2511e-08,7.1704e-10,-2.4403e-09,5.6751e-08,-6.427e-09,5.8307e-06,3.1637e-09
b_7,-1.401e-07,-6.8991e-07,-9.4975e-07,-2.869e-05,-2.5941e-08,4.5313e-09,1.3092e-07,3.4652e-08,2.6932e-07,-4.7057e-08,-2.7857e-07,6.7629e-09,-2.1514e-07,7.7542e-08,-0.0012168,1.3029e-05,9.1933e-08,-2.49e-08,-3.1917e-08,1.4693e-08,-1.3478e-07,1.4806e-05,-5.2935e-07,2.3868e-17,1.472e-08,4.0896e-16,3.8886e-12,2.9947e-08,7.4921e-07,nan,-1.7196e-10,5.034e-08,-2.091e-07,2.243e-11,2.6636e-07,5.7705e-07,6.6465e-07,1.9417e-07,1.7412e-08,8.1117e-10,-4.4931e-08,1.4031e-08,4.7286e-07,4.6824e-09,-1.6121e-07,2.6553e-08,6.5706e-08,-6.0139e-08,-0.0022623,-0.00019559,5.339e-08,8.8382e-10,4.767e-08,-1.3788e-07,2.1931e-08,3.1637e-09,2.1511e-05
