b01_pop,0.018263,-9.1382e-05,0.00038273,-0.013454,-1.797e-06,2.3854e-07,1.0229e-05,8.0244e-08,-2.0201e-05,4.9237e-06,-3.9744e-06,1.5606e-06,-5.8155e-07,1.557e-06,0.0019944,-3.7719e-05,1.2649e-06,-3.4351e-05,1.462e-06,8.3077e-07,-3.4924e-06,0.0036552,-3.3913e-05,2.2961e-13,-2.3736e-13,nan,nan,4.3458e-13,0.00011668,1.64e-06,-2.4292e-14,nan,nan,1.6888e-11,0.0027097,3.683e-05,-0.00016307,0.0014683,-8.9225e-07,5.8084e-08,-1.0503e-05,3.7923e-06,1.4082e-06,4.9112e-06,-2.1728e-05,6.1185e-07,-1.0312e-05,-1.058e-06,0.0020942,3.4104e-05,1.3251e-05,-1.7302e-08,2.8447e-06,-4.3852e-06,5.3526e-07,4.8433e-07,-2.4135e-06
b11_pop,-9.1382e-05,0.00028535,0.00025215,-0.0033981,-1.5457e-07,-8.1289e-08,1.9013e-05,-8.3564e-07,-7.3863e-06,1.9733e-06,-3.8373e-06,9.6051e-07,-7.8631e-06,1.4466e-06,0.0013489,-0.00012292,-5.4685e-06,1.3823e-05,4.7361e-06,3.8144e-07,4.5262e-05,-0.0012051,7.2657e-05,-2.6103e-13,2.7903e-13,nan,nan,-2.1556e-12,-0.00019193,-3.3073e-06,4.578e-13,nan,nan,-3.5257e-11,-4.1101e-05,-0.00012597,-0.0001417,0.001543,-1.6381e-07,-5.0965e-08,-1.4663e-05,-7.1797e-07,3.3326e-06,2.5103e-06,-1.6687e-05,-1.2779e-06,1.2907e-06,-7.7058e-07,0.00068379,3.1911e-05,1.6513e-05,-7.5862e-08,2.7888e-06,-2.8976e-06,7.8683e-07,8.3321e-07,-1.9213e-06
b21_pop,0.00038273,0.00025215,0.00039064,-0.0038597,-5.1867e-07,-4.6802e-08,2.3451e-05,-4.6103e-07,-1.0677e-05,2.9572e-06,-6.6409e-06,1.5487e-06,-1.0478e-05,2.0934e-06,0.0019551,-0.00016589,-1.841e-06,5.9469e-06,2.9856e-06,3.8989e-07,2.206e-05,6.0781e-05,2.5895e-05,-1.9951e-13,2.3939e-13,nan,nan,-1.2421e-12,-0.00017419,-1.9712e-06,2.1667e-13,nan,nan,-2.6663e-11,0.00011824,-0.00013329,-0.00021497,0.0017117,-3.5323e-07,-5.9018e-08,-1.7654e-05,-7.367e-07,3.4357e-06,3.8414e-06,-2.3542e-05,-1.4397e-06,-1.184e-06,-7.7712e-07,0.0011222,5.1205e-05,2.5544e-05,-9.2641e-08,3.6402e-06,-3.4053e-06,1.0658e-06,1.1664e-06,-2.5616e-06
a1_pop,-0.013454,-0.0033981,-0.0038597,0.75576,3.1106e-06,3.272e-06,-0.00069485,0.00018169,0.00022945,-7.8787e-05,-2.1099e-05,1.1936e-05,0.00026745,-5.4056e-05,-0.0094722,-0.00073736,-0.00018295,0.00071322,0.00015913,-3.0948e-05,0.002191,-0.054168,0.0030655,-1.8061e-11,2.1135e-11,nan,nan,-1.177e-10,-0.014594,-0.00023462,2.1684e-11,nan,nan,-2.3843e-09,-0.0097171,-0.0010527,-0.00028697,-0.1199,1.3935e-06,-1.9774e-06,0.0003985,-5.1456e-06,-0.00037532,-2.2835e-05,0.00041804,2.8763e-05,7.7841e-05,7.2528e-05,-0.028225,0.0070299,-0.00066814,3.1865e-06,-9.2247e-05,0.00021345,-9.6243e-06,-6.9769e-06,2.0629e-06
b02_pop,-1.797e-06,-1.5457e-07,-5.1867e-07,3.1106e-06,9.0083e-06,-3.5546e-07,3.5528e-07,-1.1611e-07,7.6522e-08,1.1221e-08,-5.6887e-09,-1.0969e-08,1.3379e-07,-1.2497e-08,-1.3165e-06,2.6959e-06,5.7955e-07,3.6989e-06,-9.404e-07,-1.957e-06,4.7177e-07,0.00043642,5.9585e-07,-1.7185e-13,2.3102e-13,nan,nan,-4.2868e-13,-0.00016796,-1.2354e-06,-9.4059e-15,nan,nan,-2.0648e-11,-3.5367e-08,-3.034e-08,2.9735e-07,1.0931e-06,2.0111e-07,-3.8251e-08,2.3912e-07,-7.3015e-08,-1.3423e-07,2.9087e-08,1.1669e-07,-2.1346e-08,-1.6197e-07,5.2101e-08,1.647e-05,-5.0426e-06,-8.0605e-08,-1.2254e-08,-1.9366e-08,9.9842e-09,-6.064e-10,7.1609e-09,1.2647e-08
b12_pop,2.3854e-07,-8.1289e-08,-4.6802e-08,3.272e-06,-3.5546e-07,2.2102e-07,-1.4506e-07,1.3839e-07,-6.1262e-08,9.0917e-09,-1.2631e-09,4.2986e-09,2.1552e-08,-5.3085e-09,3.6967e-06,-2.2304e-07,3.3282e-07,-1.3562e-06,-9.6878e-07,6.0497e-07,-1.7072e-06,0.00019464,-2.7014e-06,6.4149e-14,-8.424e-14,nan,nan,2.209e-13,6.824e-05,-3.7929e-07,-1.2833e-14,nan,nan,8.0001e-12,3.5097e-08,5.8734e-08,2.7009e-08,-1.2079e-06,-1.5078e-08,6.5596e-09,-3.4875e-08,8.3031e-08,-1.436e-09,-4.2045e-09,-8.1846e-09,1.1131e-08,-7.6338e-09,2.8775e-09,-4.913e-06,5.928e-07,-3.1163e-09,-1.054e-09,-3.1342e-09,-2.7392e-09,-4.595e-10,-1.4051e-09,2.0017e-09
b03_pop,1.0229e-05,1.9013e-05,2.3451e-05,-0.00069485,3.5528e-07,-1.4506e-07,0.0031082,-0.0001115,-2.137e-06,5.6478e-07,2.5922e-07,9.3997e-08,-6.0723e-06,1.6264e-06,0.00030242,-9.5354e-05,-1.7932e-06,-6.0314e-05,-1.1125e-06,2.1613e-05,-1.4056e-05,0.0015348,2.5726e-05,-2.7937e-13,5.4148e-13,nan,nan,-3.2296e-13,-0.00019417,-5.5464e-05,-2.0678e-13,nan,nan,-5.6924e-11,5.4221e-06,-8.4363e-06,-1.3229e-05,0.00024748,9.3214e-08,2.949e-08,-9.8758e-07,6.7206e-06,1.05e-07,6.0285e-07,-1.6682e-07,-8.1372e-07,1.6255e-06,2.3873e-07,4.8646e-06,1.6052e-05,1.9961e-06,-2.1691e-08,-1.2377e-06,-1.8268e-06,2.1317e-07,8.4546e-08,-1.993e-07
b13_pop,8.0244e-08,-8.3564e-07,-4.6103e-07,0.00018169,-1.1611e-07,1.3839e-07,-0.0001115,0.00014308,3.2454e-07,-8.7728e-08,-2.2356e-07,-1.4575e-07,7.7218e-07,1.067e-07,1.96e-05,5.6678e-06,-8.1021e-06,3.6429e-05,2.0123e-05,-8.693e-06,4.1642e-05,-0.0016416,0.00013925,-4.8594e-13,5.3839e-13,nan,nan,-2.5859e-12,-0.00050366,1.6737e-05,4.1116e-13,nan,nan,-5.5373e-11,-1.5328e-06,-9.3266e-07,-9.6986e-07,-3.4877e-05,-1.1683e-07,-4.3971e-08,3.437e-06,1.0022e-06,4.4703e-07,2.0242e-08,-4.8094e-08,-2.5043e-08,5.6965e-08,8.382e-08,2.7059e-05,-1.4709e-05,8.5585e-08,8.1624e-09,6.422e-07,4.4725e-08,7.3279e-09,1.4471e-08,4.8437e-08
b04_pop,-2.0201e-05,-7.3863e-06,-1.0677e-05,0.00022945,7.6522e-08,-6.1262e-08,-2.137e-06,3.2454e-07,0.012279,-9.2881e-05,-6.7816e-07,1.0191e-06,-1.1632e-06,5.1245e-07,0.0002018,-2.6188e-05,-7.5098e-07,2.5398e-06,9.1992e-07,-2.342e-07,5.0981e-06,-0.00041704,7.4021e-06,-3.5987e-14,3.848e-14,nan,nan,-2.5806e-13,-3.1117e-05,4.7924e-07,5.1439e-14,nan,nan,-4.4618e-12,-1.3055e-05,4.775e-06,5.6875e-06,-7.7838e-05,-4.3095e-07,-2.6825e-08,3.1779e-06,7.0196e-07,-1.7073e-06,-8.0691e-06,-2.9226e-06,5.4215e-07,3.2265e-06,4.339e-07,-0.00025022,-9.9586e-07,-4.7055e-07,4.4497e-08,-1.0229e-07,6.6612e-06,4.0206e-08,-1.7107e-07,8.7191e-08
b14_pop,4.9237e-06,1.9733e-06,2.9572e-06,-7.8787e-05,1.1221e-08,9.0917e-09,5.6478e-07,-8.7728e-08,-9.2881e-05,5.4951e-05,1.5654e-07,-1.3163e-07,3.147e-07,-8.8945e-08,-0.00011716,5.3269e-06,3.7806e-07,-7.6846e-07,-4.7044e-07,4.3337e-08,-1.8818e-06,0.00026661,-3.139e-06,-1.263e-14,2.1619e-14,nan,nan,3.0346e-14,-1.5223e-05,-3.8281e-07,-2.1262e-14,nan,nan,-1.6044e-12,3.1733e-06,-9.6082e-07,-1.4266e-06,2.0618e-05,9.3337e-08,-5.3213e-09,-3.5363e-07,-2.8145e-07,-5.0406e-06,2.1331e-06,6.3821e-07,-1.0272e-07,-5.6149e-08,-1.4011e-07,-9.0418e-06,-1.259e-05,9.547e-08,-1.1055e-08,-3.6398e-08,-1.2765e-06,-1.6558e-08,2.9718e-08,5.6624e-08
b05_pop,-3.9744e-06,-3.8373e-06,-6.6409e-06,-2.1099e-05,-5.6887e-09,-1.2631e-09,2.5922e-07,-2.2356e-07,-6.7816e-07,1.5654e-07,0.0027441,-7.4997e-05,-1.7165e-06,3.9447e-07,0.00033286,-2.8356e-05,-5.1217e-07,1.8942e-06,2.3875e-07,1.155e-08,7.2326e-06,-0.00027248,7.4819e-07,2.118e-14,-4.145e-14,nan,nan,-1.9685e-13,2.5909e-05,1.5207e-06,7.9337e-14,nan,nan,2.3313e-12,2.6126e-06,3.3753e-06,6.6151e-06,-3.4401e-05,2.4933e-07,2.5492e-08,2.0443e-06,-5.4994e-07,5.8448e-07,-1.9336e-07,0.00013268,-5.1921e-06,-1.35e-07,-6.8735e-08,9.1523e-05,-4.0851e-05,-4.2263e-07,1.4659e-08,1.1889e-07,1.9165e-08,-2.2306e-06,-8.1101e-08,-2.1839e-08
b15_pop,1.5606e-06,9.6051e-07,1.5487e-06,1.1936e-05,-1.0969e-08,4.2986e-09,9.3997e-08,-1.4575e-07,1.0191e-06,-1.3163e-07,-7.4997e-05,6.9501e-05,7.7689e-07,-1.9003e-07,-2.9017e-06,-1.1421e-05,4.0008e-09,-4.6154e-08,1.1716e-08,-9.8382e-10,-6.861e-07,2.0458e-05,1.5253e-06,-1.2714e-15,2.5144e-15,nan,nan,2.1454e-14,-1.4542e-06,-1.1108e-07,-7.4312e-15,nan,nan,-8.1165e-14,-5.4875e-07,-4.3261e-07,-1.0929e-06,-2.9204e-07,-8.0658e-08,3.0736e-10,-9.9581e-07,2.845e-07,6.9695e-07,6.0565e-08,-1.1961e-05,2.801e-06,-3.4403e-07,-1.1093e-07,-3.4517e-05,2.1447e-05,1.7992e-08,-2.7898e-09,8.8378e-08,-1.6858e-07,9.6009e-08,2.7732e-08,-2.8827e-08
b06_pop,-5.8155e-07,-7.8631e-06,-1.0478e-05,0.00026745,1.3379e-07,2.1552e-08,-6.0723e-06,7.7218e-07,-1.1632e-06,3.147e-07,-1.7165e-06,7.7689e-07,0.0023437,-6.1613e-05,-0.00022918,1.6862e-05,6.8743e-07,-9.9221e-07,-1.0656e-06,-1.6107e-07,-2.7882e-06,0.00042072,-4.6481e-06,-3.8983e-14,6.0084e-14,nan,nan,-1.9129e-15,-4.0271e-05,-1.2088e-06,-3.3474e-14,nan,nan,-4.9232e-12,-1.9636e-06,3.5071e-06,5.8426e-06,-9.656e-05,-1.9891e-07,-4.7934e-08,1.4042e-06,4.3213e-07,-6.0493e-07,6.7893e-07,3.5556e-07,-1.481e-07,0.00014222,-7.532e-06,1.6067e-05,1.1514e-05,-6.432e-08,3.4223e-08,-5.9957e-07,-1.6319e-06,-4.819e-08,-2.9817e-06,1.424e-07
b16_pop,1.557e-06,1.4466e-06,2.0934e-06,-5.4056e-05,-1.2497e-08,-5.3085e-09,1.6264e-06,1.067e-07,5.1245e-07,-8.8945e-08,3.9447e-07,-1.9003e-07,-6.1613e-05,5.7397e-05,8.8581e-05,-1.9588e-05,-1.3723e-07,1.6265e-07,2.9635e-07,1.5656e-08,1.5641e-07,-7.1169e-05,1.4627e-06,-6.7143e-16,3.0618e-16,nan,nan,-5.6825e-15,1.1188e-07,-6.9344e-08,1.593e-15,nan,nan,-5.4149e-14,1.2674e-06,-6.9155e-07,-5.6979e-07,1.5107e-05,2.5371e-08,8.8174e-09,-3.6002e-07,1.3211e-07,-4.2002e-07,-2.3212e-07,-3.2892e-07,1.1778e-07,-9.9517e-06,-3.9996e-07,5.7544e-05,1.9701e-05,1.918e-08,-7.7159e-09,1.7814e-07,1.4775e-07,-2.0868e-08,4.7754e-07,-1.039e-07
b07_pop,0.0019944,0.0013489,0.0019551,-0.0094722,-1.3165e-06,3.6967e-06,0.00030242,1.96e-05,0.0002018,-0.00011716,0.00033286,-2.9017e-06,-0.00022918,8.8581e-05,44.142,-0.54008,-5.9939e-05,-0.00061102,-5.7178e-05,-1.0507e-05,-0.00022092,-0.004394,-0.00014431,-1.2898e-12,3.3652e-12,nan,nan,-3.7407e-13,-0.003566,-3.6057e-05,-2.6233e-12,nan,nan,-3.7168e-10,0.00021723,-0.00078024,-0.0012537,0.0046471,-5.8032e-06,-1.8823e-06,0.00024709,3.4597e-05,0.0001265,-1.3214e-05,0.00038368,5.2485e-05,-5.67e-05,3.4817e-05,3.5993,-0.044736,0.00018184,3.1925e-06,1.2228e-06,3.0946e-06,1.0019e-06,-9.174e-06,-0.0018764
b17_pop,-3.7719e-05,-0.00012292,-0.00016589,-0.00073736,2.6959e-06,-2.2304e-07,-9.5354e-05,5.6678e-06,-2.6188e-05,5.3269e-06,-2.8356e-05,-1.1421e-05,1.6862e-05,-1.9588e-05,-0.54008,0.21836,-3.3591e-08,0.00010789,2.6385e-06,1.7121e-06,5.4484e-05,0.0045917,5.8308e-05,-2.8569e-13,9.4369e-14,nan,nan,-1.7152e-12,7.5452e-05,-6.5931e-06,5.7671e-13,nan,nan,-1.8069e-12,7.0246e-05,7.3684e-05,0.00011741,-0.00022979,-1.6957e-06,1.0045e-06,-5.0816e-05,-1.5523e-06,3.0138e-05,3.9621e-05,-7.4331e-05,-6.4326e-06,-1.8185e-05,-1.9239e-08,-0.13012,-0.00015169,-1.9477e-05,-7.2459e-07,-1.0429e-06,-2.3888e-05,8.83e-07,2.857e-06,0.00010924
p1_pop,1.2649e-06,-5.4685e-06,-1.841e-06,-0.00018295,5.7955e-07,3.3282e-07,-1.7932e-06,-8.1021e-06,-7.5098e-07,3.7806e-07,-5.1217e-07,4.0008e-09,6.8743e-07,-1.3723e-07,-5.9939e-05,-3.3591e-08,5.9207e-05,-0.00012253,-3.6211e-05,-2.1388e-06,-0.00026213,0.024841,-0.00083692,6.8176e-13,-3.3472e-13,nan,nan,1.006e-11,0.00010284,1.3631e-05,-2.73e-12,nan,nan,8.4587e-11,5.6522e-06,-2.6644e-07,2.7263e-06,2.6686e-05,5.3034e-07,-8.3541e-08,2.0493e-07,-5.201e-06,4.1076e-07,-2.0027e-07,-4.4517e-07,-9.8035e-08,-8.5221e-07,2.7688e-07,-8.768e-05,5.4909e-06,-8.585e-07,-2.0072e-07,-1.2155e-06,1.5864e-07,3.3384e-08,-9.2903e-09,1.2816e-07
g1_pop,-3.4351e-05,1.3823e-05,5.9469e-06,0.00071322,3.6989e-06,-1.3562e-06,-6.0314e-05,3.6429e-05,2.5398e-06,-7.6846e-07,1.8942e-06,-4.6154e-08,-9.9221e-07,1.6265e-07,-0.00061102,0.00010789,-0.00012253,0.0009386,0.00010135,5.4736e-06,0.00078017,-0.025565,0.002019,-6.2714e-12,5.6532e-12,nan,nan,-3.5897e-11,-0.0026419,-7.2555e-05,7.9017e-12,nan,nan,-5.6043e-10,-5.1361e-05,8.985e-06,-7.9986e-06,-0.00028265,-2.8886e-06,4.8667e-07,-5.0332e-05,2.6916e-05,-1.6786e-06,6.7476e-07,2.6092e-06,-8.7278e-08,6.2195e-07,-3.8116e-07,0.00011403,-3.4887e-05,3.1443e-06,1.6455e-07,3.525e-06,6.5781e-09,-8.7696e-08,5.2903e-08,-7.7312e-08
p2_pop,1.462e-06,4.7361e-06,2.9856e-06,0.00015913,-9.404e-07,-9.6878e-07,-1.1125e-06,2.0123e-05,9.1992e-07,-4.7044e-07,2.3875e-07,1.1716e-08,-1.0656e-06,2.9635e-07,-5.7178e-05,2.6385e-06,-3.6211e-05,0.00010135,0.00063398,2.5589e-05,0.0002361,-0.014808,0.00046606,-4.9515e-13,1.5544e-13,nan,nan,-9.4128e-12,-0.0010309,7.4357e-05,2.4923e-12,nan,nan,-6.5588e-11,-5.1942e-06,-1.4727e-06,-3.6787e-06,-2.4915e-05,-4.9716e-07,1.404e-07,-2.942e-06,8.7345e-06,-2.5056e-07,1.3602e-07,1.302e-07,2.6374e-09,1.0762e-06,-3.2312e-07,6.7477e-05,-8.1977e-06,1.2528e-06,1.6736e-07,7.6011e-07,-1.8856e-07,-2.3389e-08,2.535e-08,-9.5748e-08
g2_pop,8.3077e-07,3.8144e-07,3.8989e-07,-3.0948e-05,-1.957e-06,6.0497e-07,2.1613e-05,-8.693e-06,-2.342e-07,4.3337e-08,1.155e-08,-9.8382e-10,-1.6107e-07,1.5656e-08,-1.0507e-05,1.7121e-06,-2.1388e-06,5.4736e-06,2.5589e-05,0.00019268,8.714e-07,-0.001453,3.2702e-05,3.3448e-12,-4.6508e-12,nan,nan,1.0965e-11,0.005495,-0.00028323,2.1145e-13,nan,nan,4.3635e-10,-1.0637e-06,6.7892e-07,4.5947e-08,9.2849e-07,-4.5098e-07,-1.5575e-08,-2.4228e-06,8.7438e-07,2.721e-08,1.2751e-08,-1.4231e-08,6.2928e-08,1.1164e-07,-9.5576e-08,-3.5999e-05,9.0263e-06,7.3281e-08,9.4883e-08,7.0216e-07,-1.6859e-07,-6.0758e-09,-1.6964e-08,-2.5055e-08
alpha11_pop,-3.4924e-06,4.5262e-05,2.206e-05,0.002191,4.7177e-07,-1.7072e-06,-1.4056e-05,4.1642e-05,5.0981e-06,-1.8818e-06,7.2326e-06,-6.861e-07,-2.7882e-06,1.5641e-07,-0.00022092,5.4484e-05,-0.00026213,0.00078017,0.0002361,8.714e-07,0.0022781,-0.082728,0.0038155,-9.4451e-12,8.7456e-12,nan,nan,-9.8391e-11,-0.0054275,-0.00014333,2.3393e-11,nan,nan,-1.2718e-09,-3.1562e-05,-1.8767e-05,-3.2313e-05,-0.00029953,-2.6994e-06,2.402e-07,-1.77e-05,2.8226e-05,-3.7147e-06,-3.3456e-07,-1.0556e-06,5.8061e-07,7.6182e-06,-1.5887e-06,0.00053706,-6.1201e-05,1.2444e-05,6.3143e-07,6.4937e-06,4.5979e-07,-3.1814e-07,1.3339e-07,-6.078e-07
alpha12_pop,0.0036552,-0.0012051,6.0781e-05,-0.054168,0.00043642,0.00019464,0.0015348,-0.0016416,-0.00041704,0.00026661,-0.00027248,2.0458e-05,0.00042072,-7.1169e-05,-0.004394,0.0045917,0.024841,-0.025565,-0.014808,-0.001453,-0.082728,22.402,-0.10748,-6.3295e-10,1.0373e-09,nan,nan,1.1559e-09,-0.78243,-0.0086165,-9.3495e-10,nan,nan,-7.6522e-08,0.0057962,-0.00051535,0.00031271,0.011374,0.00058597,-4.7e-05,0.00033896,-0.0013134,2.6467e-06,-0.00011085,-0.00048418,-3.1139e-05,-0.00032655,0.0001598,-0.023508,-0.0029139,-0.00029858,-0.00020725,-6.2716e-05,0.00011071,2.5098e-05,-6.0853e-06,6.6221e-05
alpha13_pop,-3.3913e-05,7.2657e-05,2.5895e-05,0.0030655,5.9585e-07,-2.7014e-06,2.5726e-05,0.00013925,7.4021e-06,-3.139e-06,7.4819e-07,1.5253e-06,-4.6481e-06,1.4627e-06,-0.00014431,5.8308e-05,-0.00083692,0.002019,0.00046606,3.2702e-05,0.0038155,-0.10748,0.020206,-2.7696e-11,2.865e-11,nan,nan,-1.8901e-10,-0.018403,-0.00057014,3.8123e-11,nan,nan,-3.443e-09,-0.00010612,1.0257e-05,-3.8525e-05,-0.00070766,-4.8618e-06,2.1721e-07,-5.8361e-05,7.0987e-05,-1.2004e-05,2.6953e-06,5.9545e-08,2.8792e-06,1.3923e-05,-3.4301e-06,7.1335e-05,-0.00014743,1.6034e-05,1.0292e-06,4.264e-05,-1.4333e-06,-2.4752e-07,-1.4599e-07,-7.7894e-07
alpha14_pop,2.2961e-13,-2.6103e-13,-1.9951e-13,-1.8061e-11,-1.7185e-13,6.4149e-14,-2.7937e-13,-4.8594e-13,-3.5987e-14,-1.263e-14,2.118e-14,-1.2714e-15,-3.8983e-14,-6.7143e-16,-1.2898e-12,-2.8569e-13,6.8176e-13,-6.2714e-12,-4.9515e-13,3.3448e-12,-9.4451e-12,-6.3295e-10,-2.7696e-11,1.1896e-16,-8.8039e-17,nan,nan,1.6119e-17,1.6836e-09,2.5465e-11,1.3237e-18,nan,nan,1.2216e-15,-1.2077e-14,1.4305e-13,2.2153e-13,3.096e-12,6.5241e-15,1.701e-14,1.2865e-13,-5.4428e-13,1.3336e-14,7.0027e-15,4.4994e-14,-3.9204e-15,6.8298e-14,-5.86e-15,-7.3794e-12,7.711e-13,-4.8436e-14,2.1561e-14,-8.3315e-14,-1.1411e-14,1.0183e-15,-3.9449e-15,8.7565e-16
alpha15_pop,-2.3736e-13,2.7903e-13,2.3939e-13,2.1135e-11,2.3102e-13,-8.424e-14,5.4148e-13,5.3839e-13,3.848e-14,2.1619e-14,-4.145e-14,2.5144e-15,6.0084e-14,3.0618e-16,3.3652e-12,9.4369e-14,-3.3472e-13,5.6532e-12,1.5544e-13,-4.6508e-12,8.7456e-12,1.0373e-09,2.865e-11,-8.8039e-17,2.7026e-16,nan,nan,-1.4205e-17,-2.3345e-09,-3.5351e-11,-2.8145e-18,nan,nan,-1.7012e-15,1.7057e-13,-2.0032e-13,-2.5398e-13,-3.3527e-12,4.3723e-16,-2.5146e-14,-4.5459e-14,6.6441e-13,-9.985e-15,-1.112e-14,-6.7292e-14,4.9132e-15,-1.057e-13,1.0934e-14,9.4353e-12,-9.1488e-13,4.6452e-14,-3.1161e-14,9.9045e-14,1.5541e-14,-8.8805e-16,5.238e-15,-3.3679e-16
alpha16_pop,nan,nan,nan,nan,nan,nan,nan,nan,nan,nan,nan,nan,nan,nan,nan,nan,nan,nan,nan,nan,nan,nan,nan,nan,nan,nan,nan,nan,nan,nan,nan,nan,nan,nan,nan,nan,nan,nan,nan,nan,nan,nan,nan,nan,nan,nan,nan,nan,nan,nan,nan,nan,nan,nan,nan,nan,nan
alpha17_pop,nan,nan,nan,nan,nan,nan,nan,nan,nan,nan,nan,nan,nan,nan,nan,nan,nan,nan,nan,nan,nan,nan,nan,nan,nan,nan,nan,nan,nan,nan,nan,nan,nan,nan,nan,nan,nan,nan,nan,nan,nan,nan,nan,nan,nan,nan,nan,nan,nan,nan,nan,nan,nan,nan,nan,nan,nan
alpha21_pop,4.3458e-13,-2.1556e-12,-1.2421e-12,-1.177e-10,-4.2868e-13,2.209e-13,-3.2296e-13,-2.5859e-12,-2.5806e-13,3.0346e-14,-1.9685e-13,2.1454e-14,-1.9129e-15,-5.6825e-15,-3.7407e-13,-1.7152e-12,1.006e-11,-3.5897e-11,-9.4128e-12,1.0965e-11,-9.8391e-11,1.1559e-09,-1.8901e-10,1.6119e-17,-1.4205e-17,nan,nan,3.6035e-16,4.4777e-09,5.6746e-11,-1.273e-17,nan,nan,3.2324e-15,6.5902e-13,1.1156e-12,1.647e-12,1.6034e-11,8.4005e-14,3.6946e-14,5.0505e-13,-2.0553e-12,1.498e-13,3.5677e-14,1.703e-13,-2.8763e-14,-9.656e-14,3.6194e-14,-3.7093e-11,3.9802e-12,-5.3857e-13,3.4373e-14,-3.9085e-13,-4.894e-14,1.2681e-14,-1.4315e-14,2.2677e-14
alpha22_pop,0.00011668,-0.00019193,-0.00017419,-0.014594,-0.00016796,6.824e-05,-0.00019417,-0.00050366,-3.1117e-05,-1.5223e-05,2.5909e-05,-1.4542e-06,-4.0271e-05,1.1188e-07,-0.003566,7.5452e-05,0.00010284,-0.0026419,-0.0010309,0.005495,-0.0054275,-0.78243,-0.018403,1.6836e-09,-2.3345e-09,nan,nan,4.4777e-09,1.7596,0.015239,9.4641e-11,nan,nan,2.16e-07,-0.00022905,0.00018008,0.0001841,0.0018573,-9.4615e-06,1.7948e-05,-8.938e-05,-0.00035968,3.0186e-06,1.0017e-05,5.2943e-05,-1.4442e-06,7.4474e-05,-1.0295e-05,-0.007193,0.00075951,-3.0482e-05,2.4036e-05,-4.9215e-05,-1.459e-05,9.5372e-08,-3.8402e-06,-3.4924e-07
alpha23_pop,1.64e-06,-3.3073e-06,-1.9712e-06,-0.00023462,-1.2354e-06,-3.7929e-07,-5.5464e-05,1.6737e-05,4.7924e-07,-3.8281e-07,1.5207e-06,-1.1108e-07,-1.2088e-06,-6.9344e-08,-3.6057e-05,-6.5931e-06,1.3631e-05,-7.2555e-05,7.4357e-05,-0.00028323,-0.00014333,-0.0086165,-0.00057014,2.5465e-11,-3.5351e-11,nan,nan,5.6746e-11,0.015239,0.0019976,1.3406e-12,nan,nan,3.2397e-09,2.3372e-06,-2.4353e-07,2.0877e-06,5.8943e-05,7.686e-07,4.4052e-07,6.2519e-06,-2.1355e-05,5.7207e-07,-4.7473e-08,8.9686e-07,-4.7417e-07,1.1849e-06,2.7218e-07,-4.5635e-05,-9.7363e-06,-7.2187e-07,1.1497e-07,-4.5294e-06,4.0013e-07,8.1849e-08,-4.1527e-08,9.4403e-08
alpha24_pop,-2.4292e-14,4.578e-13,2.1667e-13,2.1684e-11,-9.4059e-15,-1.2833e-14,-2.0678e-13,4.1116e-13,5.1439e-14,-2.1262e-14,7.9337e-14,-7.4312e-15,-3.3474e-14,1.593e-15,-2.6233e-12,5.7671e-13,-2.73e-12,7.9017e-12,2.4923e-12,2.1145e-13,2.3393e-11,-9.3495e-10,3.8123e-11,1.3237e-18,-2.8145e-18,nan,nan,-1.273e-17,9.4641e-11,1.3406e-12,3.6678e-17,nan,nan,9.544e-17,-3.4584e-13,-1.8409e-13,-3.2359e-13,-2.9463e-12,-2.8347e-14,4.2858e-15,-1.8668e-13,2.5006e-13,-3.8338e-14,-2.8133e-15,-6.3998e-15,5.6142e-15,8.7044e-14,-1.728e-14,5.0405e-12,-5.9105e-13,1.2789e-13,8.607e-15,6.0602e-14,4.0333e-15,-3.2678e-15,1.0641e-15,-6.3242e-15
alpha25_pop,nan,nan,nan,nan,nan,nan,nan,nan,nan,nan,nan,nan,nan,nan,nan,nan,nan,nan,nan,nan,nan,nan,nan,nan,nan,nan,nan,nan,nan,nan,nan,nan,nan,nan,nan,nan,nan,nan,nan,nan,nan,nan,nan,nan,nan,nan,nan,nan,nan,nan,nan,nan,nan,nan,nan,nan,nan
alpha26_pop,nan,nan,nan,nan,nan,nan,nan,nan,nan,nan,nan,nan,nan,nan,nan,nan,nan,nan,nan,nan,nan,nan,nan,nan,nan,nan,nan,nan,nan,nan,nan,nan,nan,nan,nan,nan,nan,nan,nan,nan,nan,nan,nan,nan,nan,nan,nan,nan,nan,nan,nan,nan,nan,nan,nan,nan,nan
alpha27_pop,1.6888e-11,-3.5257e-11,-2.6663e-11,-2.3843e-09,-2.0648e-11,8.0001e-12,-5.6924e-11,-5.5373e-11,-4.4618e-12,-1.6044e-12,2.3313e-12,-8.1165e-14,-4.9232e-12,-5.4149e-14,-3.7168e-10,-1.8069e-12,8.4587e-11,-5.6043e-10,-6.5588e-11,4.3635e-10,-1.2718e-09,-7.6522e-08,-3.443e-09,1.2216e-15,-1.7012e-15,nan,nan,3.2324e-15,2.16e-07,3.2397e-09,9.544e-17,nan,nan,1.5764e-13,-1.6109e-11,2.4694e-11,3.0326e-11,3.3455e-10,1.6343e-13,2.3344e-12,-5.2461e-13,-6.3651e-11,1.656e-12,1.1942e-12,6.9292e-12,-6.4141e-13,7.7556e-12,-6.3707e-13,-9.8313e-10,9.5332e-11,-6.9621e-12,2.7161e-12,-1.0473e-11,-1.5242e-12,1.4656e-13,-5.0531e-13,1.8142e-13
omega_b01,0.0027097,-4.1101e-05,0.00011824,-0.0097171,-3.5367e-08,3.5097e-08,5.4221e-06,-1.5328e-06,-1.3055e-05,3.1733e-06,2.6126e-06,-5.4875e-07,-1.9636e-06,1.2674e-06,0.00021723,7.0246e-05,5.6522e-06,-5.1361e-05,-5.1942e-06,-1.0637e-06,-3.1562e-05,0.0057962,-0.00010612,-1.2077e-14,1.7057e-13,nan,nan,6.5902e-13,-0.00022905,2.3372e-06,-3.4584e-13,nan,nan,-1.6109e-11,0.010153,4.5725e-06,-1.1682e-05,0.0014828,5.401e-07,-3.1049e-08,-1.5533e-05,2.9945e-06,4.3494e-06,1.1249e-06,-1.1325e-05,7.1329e-07,-3.7082e-06,3.0253e-07,0.00080877,3.2849e-05,-5.1642e-05,-9.0072e-08,1.5461e-06,-1.5882e-06,4.8032e-08,9.8158e-09,-1.4283e-06
omega_b11,3.683e-05,-0.00012597,-0.00013329,-0.0010527,-3.034e-08,5.8734e-08,-8.4363e-06,-9.3266e-07,4.775e-06,-9.6082e-07,3.3753e-06,-4.3261e-07,3.5071e-06,-6.9155e-07,-0.00078024,7.3684e-05,-2.6644e-07,8.985e-06,-1.4727e-06,6.7892e-07,-1.8767e-05,-0.00051535,1.0257e-05,1.4305e-13,-2.0032e-13,nan,nan,1.1156e-12,0.00018008,-2.4353e-07,-1.8409e-13,nan,nan,2.4694e-11,4.5725e-06,0.00014551,9.7803e-05,-0.00080852,-5.5467e-08,6.0248e-08,7.979e-06,1.3461e-06,-1.7721e-06,-9.2551e-07,1.1065e-05,4.1353e-07,-8.4267e-07,-1.4798e-08,-0.00029539,-5.9216e-05,-1.0973e-05,5.9197e-08,-1.3873e-06,3.8433e-07,-5.1558e-07,-4.6609e-07,1.3011e-06
omega_b21,-0.00016307,-0.0001417,-0.00021497,-0.00028697,2.9735e-07,2.7009e-08,-1.3229e-05,-9.6986e-07,5.6875e-06,-1.4266e-06,6.6151e-06,-1.0929e-06,5.8426e-06,-5.6979e-07,-0.0012537,0.00011741,2.7263e-06,-7.9986e-06,-3.6787e-06,4.5947e-08,-3.2313e-05,0.00031271,-3.8525e-05,2.2153e-13,-2.5398e-13,nan,nan,1.647e-12,0.0001841,2.0877e-06,-3.2359e-13,nan,nan,3.0326e-11,-1.1682e-05,9.7803e-05,0.00019802,-0.00093669,1.4224e-07,6.5031e-08,1.2986e-05,8.2304e-07,-2.6528e-07,-2.1877e-06,1.7443e-05,7.2461e-07,1.3347e-06,6.416e-08,-0.0005512,-7.6129e-05,-1.9792e-05,5.1228e-08,-2.2563e-06,7.0641e-07,-7.3636e-07,-6.7226e-07,1.8416e-06
omega_a1,0.0014683,0.001543,0.0017117,-0.1199,1.0931e-06,-1.2079e-06,0.00024748,-3.4877e-05,-7.7838e-05,2.0618e-05,-3.4401e-05,-2.9204e-07,-9.656e-05,1.5107e-05,0.0046471,-0.00022979,2.6686e-05,-0.00028265,-2.4915e-05,9.2849e-07,-0.00029953,0.011374,-0.00070766,3.096e-12,-3.3527e-12,nan,nan,1.6034e-11,0.0018573,5.8943e-05,-2.9463e-12,nan,nan,3.3455e-10,0.0014828,-0.00080852,-0.00093669,0.041286,1.3494e-06,-1.5359e-07,-0.00020077,-1.7633e-05,0.00010077,1.0428e-05,-0.0001886,-7.1136e-06,-1.4361e-05,-7.4373e-06,0.0059838,-0.0011889,0.00018136,-1.3024e-06,3.7927e-05,-4.7196e-05,6.5185e-06,4.5128e-06,-1.087e-05
omega_b02,-8.9225e-07,-1.6381e-07,-3.5323e-07,1.3935e-06,2.0111e-07,-1.5078e-08,9.3214e-08,-1.1683e-07,-4.3095e-07,9.3337e-08,2.4933e-07,-8.0658e-08,-1.9891e-07,2.5371e-08,-5.8032e-06,-1.6957e-06,5.3034e-07,-2.8886e-06,-4.9716e-07,-4.5098e-07,-2.6994e-06,0.00058597,-4.8618e-06,6.5241e-15,4.3723e-16,nan,nan,8.4005e-14,-9.4615e-06,7.686e-07,-2.8347e-14,nan,nan,1.6343e-13,5.401e-07,-5.5467e-08,1.4224e-07,1.3494e-06,6.3727e-06,-5.0283e-08,-1.8121e-07,-6.3025e-08,5.7037e-08,-7.1224e-08,2.0167e-08,-1.1552e-08,-1.2847e-07,2.3675e-08,-9.6705e-06,1.3233e-06,-2.3143e-08,-2.0217e-07,-1.5673e-08,3.5645e-08,8.6416e-09,-1.0041e-08,1.0982e-08
omega_b12,5.8084e-08,-5.0965e-08,-5.9018e-08,-1.9774e-06,-3.8251e-08,6.5596e-09,2.949e-08,-4.3971e-08,-2.6825e-08,-5.3213e-09,2.5492e-08,3.0736e-10,-4.7934e-08,8.8174e-09,-1.8823e-06,1.0045e-06,-8.3541e-08,4.8667e-07,1.404e-07,-1.5575e-08,2.402e-07,-4.7e-05,2.1721e-07,1.701e-14,-2.5146e-14,nan,nan,3.6946e-14,1.7948e-05,4.4052e-07,4.2858e-15,nan,nan,2.3344e-12,-3.1049e-08,6.0248e-08,6.5031e-08,-1.5359e-07,-5.0283e-08,1.5151e-07,-1.2935e-08,-1.8384e-09,-6.3996e-09,1.8082e-08,1.9962e-08,-1.9715e-08,-2.0311e-08,-1.0346e-08,3.4992e-06,-1.2059e-06,-8.0918e-09,-1.9635e-08,9.948e-09,-1.2453e-08,-1.2339e-09,1.4645e-09,-2.9264e-09
omega_b03,-1.0503e-05,-1.4663e-05,-1.7654e-05,0.0003985,2.3912e-07,-3.4875e-08,-9.8758e-07,3.437e-06,3.1779e-06,-3.5363e-07,2.0443e-06,-9.9581e-07,1.4042e-06,-3.6002e-07,0.00024709,-5.0816e-05,2.0493e-07,-5.0332e-05,-2.942e-06,-2.4228e-06,-1.77e-05,0.00033896,-5.8361e-05,1.2865e-13,-4.5459e-14,nan,nan,5.0505e-13,-8.938e-05,6.2519e-06,-1.8668e-13,nan,nan,-5.2461e-13,-1.5533e-05,7.979e-06,1.2986e-05,-0.00020077,-1.8121e-07,-1.2935e-08,0.002121,-3.8147e-05,-1.1839e-06,1.2776e-06,5.1192e-06,-7.805e-07,3.426e-06,-9.0812e-07,-0.00024642,-5.203e-05,-1.2335e-06,3.6955e-08,-5.3425e-05,-2.6506e-07,-1.0733e-07,-1.612e-08,4.2311e-07
omega_b13,3.7923e-06,-7.1797e-07,-7.367e-07,-5.1456e-06,-7.3015e-08,8.3031e-08,6.7206e-06,1.0022e-06,7.0196e-07,-2.8145e-07,-5.4994e-07,2.845e-07,4.3213e-07,1.3211e-07,3.4597e-05,-1.5523e-06,-5.201e-06,2.6916e-05,8.7345e-06,8.7438e-07,2.8226e-05,-0.0013134,7.0987e-05,-5.4428e-13,6.6441e-13,nan,nan,-2.0553e-12,-0.00035968,-2.1355e-05,2.5006e-13,nan,nan,-6.3651e-11,2.9945e-06,1.3461e-06,8.2304e-07,-1.7633e-05,-6.3025e-08,-1.8384e-09,-3.8147e-05,9.8697e-05,-3.2657e-07,-1.5533e-07,2.2402e-07,5.7005e-07,-5.3397e-07,1.6718e-07,6.427e-05,-1.3558e-05,-9.064e-08,1.1666e-08,-4.6801e-06,-1.4943e-07,-8.3933e-08,-1.8637e-08,1.7248e-08
omega_b04,1.4082e-06,3.3326e-06,3.4357e-06,-0.00037532,-1.3423e-07,-1.436e-09,1.05e-07,4.4703e-07,-1.7073e-06,-5.0406e-06,5.8448e-07,6.9695e-07,-6.0493e-07,-4.2002e-07,0.0001265,3.0138e-05,4.1076e-07,-1.6786e-06,-2.5056e-07,2.721e-08,-3.7147e-06,2.6467e-06,-1.2004e-05,1.3336e-14,-9.985e-15,nan,nan,1.498e-13,3.0186e-06,5.7207e-07,-3.8338e-14,nan,nan,1.656e-12,4.3494e-06,-1.7721e-06,-2.6528e-07,0.00010077,5.7037e-08,-6.3996e-09,-1.1839e-06,-3.2657e-07,0.0066113,-2.9609e-06,4.0705e-07,3.0643e-07,1.0758e-06,1.1365e-06,-4.2031e-05,-5.1905e-05,5.4923e-07,2.6657e-09,-1.2055e-07,-6.3536e-05,-4.5067e-08,-1.1569e-07,4.4025e-08
omega_b14,4.9112e-06,2.5103e-06,3.8414e-06,-2.2835e-05,2.9087e-08,-4.2045e-09,6.0285e-07,2.0242e-08,-8.0691e-06,2.1331e-06,-1.9336e-07,6.0565e-08,6.7893e-07,-2.3212e-07,-1.3214e-05,3.9621e-05,-2.0027e-07,6.7476e-07,1.3602e-07,1.2751e-08,-3.3456e-07,-0.00011085,2.6953e-06,7.0027e-15,-1.112e-14,nan,nan,3.5677e-14,1.0017e-05,-4.7473e-08,-2.8133e-15,nan,nan,1.1942e-12,1.1249e-06,-9.2551e-07,-2.1877e-06,1.0428e-05,-7.1224e-08,1.8082e-08,1.2776e-06,-1.5533e-07,-2.9609e-06,3.9909e-05,-2.7526e-07,-1.2842e-07,-3.6589e-07,9.3755e-08,0.00013093,-2.2664e-05,6.9114e-08,-5.7206e-09,-2.5515e-07,-1.4105e-05,1.4635e-09,2.2893e-08,-3.8902e-08
omega_b05,-2.1728e-05,-1.6687e-05,-2.3542e-05,0.00041804,1.1669e-07,-8.1846e-09,-1.6682e-07,-4.8094e-08,-2.9226e-06,6.3821e-07,0.00013268,-1.1961e-05,3.5556e-07,-3.2892e-07,0.00038368,-7.4331e-05,-4.4517e-07,2.6092e-06,1.302e-07,-1.4231e-08,-1.0556e-06,-0.00048418,5.9545e-08,4.4994e-14,-6.7292e-14,nan,nan,1.703e-13,5.2943e-05,8.9686e-07,-6.3998e-15,nan,nan,6.9292e-12,-1.1325e-05,1.1065e-05,1.7443e-05,-0.0001886,2.0167e-08,1.9962e-08,5.1192e-06,2.2402e-07,4.0705e-07,-2.7526e-07,0.0017592,-1.0394e-05,-1.4505e-06,1.013e-06,0.00013816,-2.1266e-06,-2.1919e-06,6.5431e-09,-3.5378e-07,3.5837e-07,-1.0324e-05,8.1318e-08,7.7683e-09
omega_b15,6.1185e-07,-1.2779e-06,-1.4397e-06,2.8763e-05,-2.1346e-08,1.1131e-08,-8.1372e-07,-2.5043e-08,5.4215e-07,-1.0272e-07,-5.1921e-06,2.801e-06,-1.481e-07,1.1778e-07,5.2485e-05,-6.4326e-06,-9.8035e-08,-8.7278e-08,2.6374e-09,6.2928e-08,5.8061e-07,-3.1139e-05,2.8792e-06,-3.9204e-15,4.9132e-15,nan,nan,-2.8763e-14,-1.4442e-06,-4.7417e-07,5.6142e-15,nan,nan,-6.4141e-13,7.1329e-07,4.1353e-07,7.2461e-07,-7.1136e-06,-1.1552e-08,-1.9715e-08,-7.805e-07,5.7005e-07,3.0643e-07,-1.2842e-07,-1.0394e-05,4.7132e-05,-1.541e-08,1.767e-07,3.833e-05,-1.4004e-06,-1.3151e-07,7.3074e-09,-7.9671e-08,-9.6596e-08,-1.4446e-06,-2.763e-08,2.7551e-09
omega_b06,-1.0312e-05,1.2907e-06,-1.184e-06,7.7841e-05,-1.6197e-07,-7.6338e-09,1.6255e-06,5.6965e-08,3.2265e-06,-5.6149e-08,-1.35e-07,-3.4403e-07,0.00014222,-9.9517e-06,-5.67e-05,-1.8185e-05,-8.5221e-07,6.2195e-07,1.0762e-06,1.1164e-07,7.6182e-06,-0.00032655,1.3923e-05,6.8298e-14,-1.057e-13,nan,nan,-9.656e-14,7.4474e-05,1.1849e-06,8.7044e-14,nan,nan,7.7556e-12,-3.7082e-06,-8.4267e-07,1.3347e-06,-1.4361e-05,-1.2847e-07,-2.0311e-08,3.426e-06,-5.3397e-07,1.0758e-06,-3.6589e-07,-1.4505e-06,-1.541e-08,0.0014931,-1.4625e-05,0.00010848,4.8826e-05,-2.2818e-07,4.6128e-08,-1.7734e-07,-1.1573e-06,-1.3594e-08,-9.8285e-06,1.8869e-07
omega_b16,-1.058e-06,-7.7058e-07,-7.7712e-07,7.2528e-05,5.2101e-08,2.8775e-09,2.3873e-07,8.382e-08,4.339e-07,-1.4011e-07,-6.8735e-08,-1.1093e-07,-7.532e-06,-3.9996e-07,3.4817e-05,-1.9239e-08,2.7688e-07,-3.8116e-07,-3.2312e-07,-9.5576e-08,-1.5887e-06,0.0001598,-3.4301e-06,-5.86e-15,1.0934e-14,nan,nan,3.6194e-14,-1.0295e-05,2.7218e-07,-1.728e-14,nan,nan,-6.3707e-13,3.0253e-07,-1.4798e-08,6.416e-08,-7.4373e-06,2.3675e-08,-1.0346e-08,-9.0812e-07,1.6718e-07,1.1365e-06,9.3755e-08,1.013e-06,1.767e-07,-1.4625e-05,3.876e-05,-4.969e-05,-8.0091e-06,-7.5732e-08,-1.7727e-09,3.5005e-08,2.3175e-08,-3.3376e-08,-1.7626e-06,8.988e-08
omega_b07,0.0020942,0.00068379,0.0011222,-0.028225,1.647e-05,-4.913e-06,4.8646e-06,2.7059e-05,-0.00025022,-9.0418e-06,9.1523e-05,-3.4517e-05,1.6067e-05,5.7544e-05,3.5993,-0.13012,-8.768e-05,0.00011403,6.7477e-05,-3.5999e-05,0.00053706,-0.023508,7.1335e-05,-7.3794e-12,9.4353e-12,nan,nan,-3.7093e-11,-0.007193,-4.5635e-05,5.0405e-12,nan,nan,-9.8313e-10,0.00080877,-0.00029539,-0.0005512,0.0059838,-9.6705e-06,3.4992e-06,-0.00024642,6.427e-05,-4.2031e-05,0.00013093,0.00013816,3.833e-05,0.00010848,-4.969e-05,24.754,-0.0093714,5.7445e-05,5.0235e-07,5.6587e-05,-0.00014675,6.6397e-06,-1.3971e-05,-0.0026192
omega_b17,3.4104e-05,3.1911e-05,5.1205e-05,0.0070299,-5.0426e-06,5.928e-07,1.6052e-05,-1.4709e-05,-9.9586e-07,-1.259e-05,-4.0851e-05,2.1447e-05,1.1514e-05,1.9701e-05,-0.044736,-0.00015169,5.4909e-06,-3.4887e-05,-8.1977e-06,9.0263e-06,-6.1201e-05,-0.0029139,-0.00014743,7.711e-13,-9.1488e-13,nan,nan,3.9802e-12,0.00075951,-9.7363e-06,-5.9105e-13,nan,nan,9.5332e-11,3.2849e-05,-5.9216e-05,-7.6129e-05,-0.0011889,1.3233e-06,-1.2059e-06,-5.203e-05,-1.3558e-05,-5.1905e-05,-2.2664e-05,-2.1266e-06,-1.4004e-06,4.8826e-05,-8.0091e-06,-0.0093714,0.15469,-6.7823e-06,-1.3938e-07,-5.9092e-06,2.5689e-05,5.73e-07,1.6407e-06,-0.0002153
b_1,1.3251e-05,1.6513e-05,2.5544e-05,-0.00066814,-8.0605e-08,-3.1163e-09,1.9961e-06,8.5585e-08,-4.7055e-07,9.547e-08,-4.2263e-07,1.7992e-08,-6.432e-08,1.918e-08,0.00018184,-1.9477e-05,-8.585e-07,3.1443e-06,1.2528e-06,7.3281e-08,1.2444e-05,-0.00029858,1.6034e-05,-4.8436e-14,4.6452e-14,nan,nan,-5.3857e-13,-3.0482e-05,-7.2187e-07,1.2789e-13,nan,nan,-6.9621e-12,-5.1642e-05,-1.0973e-05,-1.9792e-05,0.00018136,-2.3143e-08,-8.0918e-09,-1.2335e-06,-9.064e-08,5.4923e-07,6.9114e-08,-2.1919e-06,-1.3151e-07,-2.2818e-07,-7.5732e-08,5.7445e-05,-6.7823e-06,4.6382e-05,-4.5161e-09,2.0658e-07,7.2919e-08,7.1483e-08,1.1086e-08,-7.7881e-08
a_2,-1.7302e-08,-7.5862e-08,-9.2641e-08,3.1865e-06,-1.2254e-08,-1.054e-09,-2.1691e-08,8.1624e-09,4.4497e-08,-1.1055e-08,1.4659e-08,-2.7898e-09,3.4223e-08,-7.7159e-09,3.1925e-06,-7.2459e-07,-2.0072e-07,1.6455e-07,1.6736e-07,9.4883e-08,6.3143e-07,-0.00020725,1.0292e-06,2.1561e-14,-3.1161e-14,nan,nan,3.4373e-14,2.4036e-05,1.1497e-07,8.607e-15,nan,nan,2.7161e-12,-9.0072e-08,5.9197e-08,5.1228e-08,-1.3024e-06,-2.0217e-07,-1.9635e-08,3.6955e-08,1.1666e-08,2.6657e-09,-5.7206e-09,6.5431e-09,7.3074e-09,4.6128e-08,-1.7727e-09,5.0235e-07,-1.3938e-07,-4.5161e-09,6.2879e-07,-1.6247e-09,4.4127e-09,-2.2284e-09,2.1399e-10,-1.3892e-09
a_3,2.8447e-06,2.7888e-06,3.6402e-06,-9.2247e-05,-1.9366e-08,-3.1342e-09,-1.2377e-06,6.422e-07,-1.0229e-07,-3.6398e-08,1.1889e-07,8.8378e-08,-5.9957e-07,1.7814e-07,1.2228e-06,-1.0429e-06,-1.2155e-06,3.525e-06,7.6011e-07,7.0216e-07,6.4937e-06,-6.2716e-05,4.264e-05,-8.3315e-14,9.9045e-14,nan,nan,-3.9085e-13,-4.9215e-05,-4.5294e-06,6.0602e-14,nan,nan,-1.0473e-11,1.5461e-06,-1.3873e-06,-2.2563e-06,3.7927e-05,-1.5673e-08,9.948e-09,-5.3425e-05,-4.6801e-06,-1.2055e-07,-2.5515e-07,-3.5378e-07,-7.9671e-08,-1.7734e-07,3.5005e-08,5.6587e-05,-5.9092e-06,2.0658e-07,-1.6247e-09,0.00016991,8.3177e-08,5.0955e-08,-2.573e-08,-7.3208e-08
a_4,-4.3852e-06,-2.8976e-06,-3.4053e-06,0.00021345,9.9842e-09,-2.7392e-09,-1.8268e-06,4.4725e-08,6.6612e-06,-1.2765e-06,1.9165e-08,-1.6858e-07,-1.6319e-06,1.4775e-07,3.0946e-06,-2.3888e-05,1.5864e-07,6.5781e-09,-1.8856e-07,-1.6859e-07,4.5979e-07,0.00011071,-1.4333e-06,-1.1411e-14,1.5541e-14,nan,nan,-4.894e-14,-1.459e-05,4.0013e-07,4.0333e-15,nan,nan,-1.5242e-12,-1.5882e-06,3.8433e-07,7.0641e-07,-4.7196e-05,3.5645e-08,-1.2453e-08,-2.6506e-07,-1.4943e-07,-6.3536e-05,-1.4105e-05,3.5837e-07,-9.6596e-08,-1.1573e-06,2.3175e-08,-0.00014675,2.5689e-05,7.2919e-08,4.4127e-09,8.3177e-08,0.00030177,-2.6584e-08,2.7317e-08,1.0112e-07
b_5,5.3526e-07,7.8683e-07,1.0658e-06,-9.6243e-06,-6.064e-10,-4.595e-10,2.1317e-07,7.3279e-09,4.0206e-08,-1.6558e-08,-2.2306e-06,9.6009e-08,-4.819e-08,-2.0868e-08,1.0019e-06,8.83e-07,3.3384e-08,-8.7696e-08,-2.3389e-08,-6.0758e-09,-3.1814e-07,2.5098e-05,-2.4752e-07,1.0183e-15,-8.8805e-16,nan,nan,1.2681e-14,9.5372e-08,8.1849e-08,-3.2678e-15,nan,nan,1.4656e-13,4.8032e-08,-5.1558e-07,-7.3636e-07,6.5185e-06,8.6416e-09,-1.2339e-09,-1.0733e-07,-8.3933e-08,-4.5067e-08,1.4635e-09,-1.0324e-05,-1.4446e-06,-1.3594e-08,-3.3376e-08,6.6397e-06,5.73e-07,7.1483e-08,-2.2284e-09,5.0955e-08,-2.6584e-08,3.9362e-06,-1.1407e-09,-5.9361e-10
b_6,4.8433e-07,8.3321e-07,1.1664e-06,-6.9769e-06,7.1609e-09,-1.4051e-09,8.4546e-08,1.4471e-08,-1.7107e-07,2.9718e-08,-8.1101e-08,2.7732e-08,-2.9817e-06,4.7754e-07,-9.174e-06,2.857e-06,-9.2903e-09,5.2903e-08,2.535e-08,-1.6964e-08,1.3339e-07,-6.0853e-06,-1.4599e-07,-3.9449e-15,5.238e-15,nan,nan,-1.4315e-14,-3.8402e-06,-4.1527e-08,1.0641e-15,nan,nan,-5.0531e-13,9.8158e-09,-4.6609e-07,-6.7226e-07,4.5128e-06,-1.0041e-08,1.4645e-09,-1.612e-08,-1.8637e-08,-1.1569e-07,2.2893e-08,8.1318e-08,-2.763e-08,-9.8285e-06,-1.7626e-06,-1.3971e-05,1.6407e-06,1.1086e-08,2.1399e-10,-2.573e-08,2.7317e-08,-1.1407e-09,6.4239e-06,-3.52e-08
b_7,-2.4135e-06,-1.9213e-06,-2.5616e-06,2.0629e-06,1.2647e-08,2.0017e-09,-1.993e-07,4.8437e-08,8.7191e-08,5.6624e-08,-2.1839e-08,-2.8827e-08,1.424e-07,-1.039e-07,-0.0018764,0.00010924,1.2816e-07,-7.7312e-08,-9.5748e-08,-2.5055e-08,-6.078e-07,6.6221e-05,-7.7894e-07,8.7565e-16,-3.3679e-16,nan,nan,2.2677e-14,-3.4924e-07,9.4403e-08,-6.3242e-15,nan,nan,1.8142e-13,-1.4283e-06,1.3011e-06,1.8416e-06,-1.087e-05,1.0982e-08,-2.9264e-09,4.2311e-07,1.7248e-08,4.4025e-08,-3.8902e-08,7.7683e-09,2.7551e-09,1.8869e-07,8.988e-08,-0.0026192,-0.0002153,-7.7881e-08,-1.3892e-09,-7.3208e-08,1.0112e-07,-5.9361e-10,-3.52e-08,2.5036e-05
