b01_pop,1,-0.46293,-0.40802,-0.34573,0.00091448,-0.055044,0.0041327,-0.014662,0.0058419,-0.053299,0.015235,-0.029278,0.061368,-0.12869,-0.024915,0.042662,-0.022355,0.041083,-0.0065293,-0.027007,nan,-0.063233,-0.05189,0.00019497,0.035421,0.00035285,7.2332e-05,0.0020823,0.00020237,0.00020978,-4.5251e-05,-4.3704e-05,0.070375,0.012055,0.036009,0.45949,0.42257,-0.29276,-0.018294,-0.00024236,-0.0062613,0.014214,0.017335,0.011648,0.0029223,-0.012805,-0.024774,-0.1287,0.018741,0.012307,-0.34817,0.0094416,-0.021993,-0.020463,-0.030109,nan,-0.025112
b11_pop,-0.46293,1,0.97819,0.59074,-0.0036509,0.12301,-0.009207,0.034703,-0.012033,0.11809,-0.031658,0.064393,-0.13687,0.29182,0.055296,-0.10024,0.049677,-0.095807,0.0089367,0.067559,nan,0.14062,0.1161,-0.00044356,-0.082322,-0.00079756,-0.00016616,0.0041906,-0.00046014,-0.00047647,0.00010497,9.8775e-05,-0.1626,-0.029876,0.21872,-0.983,-0.97579,0.71254,0.034369,-0.0017745,0.016347,-0.033583,-0.037368,-0.033699,-0.0069033,0.03235,0.054421,0.2999,-0.043383,-0.03586,0.7778,-0.020593,0.046626,0.046953,0.067204,nan,0.055887
b21_pop,-0.40802,0.97819,1,0.57215,-0.0037528,0.12285,-0.0091156,0.035977,-0.012021,0.11816,-0.031123,0.063879,-0.13806,0.29493,0.054656,-0.10021,0.054679,-0.093964,0.0053235,0.069221,nan,0.14114,0.11777,-0.00042861,-0.08583,-0.00078595,-0.00016104,0.0010955,-0.00044496,-0.00046069,0.00010505,9.3019e-05,-0.16569,-0.032113,0.238,-0.96983,-0.98748,0.71113,0.032076,-0.0021928,0.016975,-0.035467,-0.036781,-0.035481,-0.0072998,0.032877,0.053969,0.30578,-0.043797,-0.038209,0.78717,-0.020547,0.046375,0.047651,0.067244,nan,0.056602
a1_pop,-0.34573,0.59074,0.57215,1,-0.0028553,0.075711,-0.0017638,0.015048,-0.010076,0.081004,-0.023273,0.043844,-0.082271,0.17958,0.031962,-0.050348,0.039398,-0.054592,-0.0015689,0.045671,nan,0.084538,0.062697,-0.0003748,-0.045017,-0.0006019,-0.00013943,0.0013503,-0.0003864,-0.00039743,7.833e-05,0.00010283,-0.097906,-0.021728,0.092515,-0.63733,-0.60188,0.075071,0.016693,-0.0040639,0.010417,-0.019858,-0.021684,-0.032759,-0.0060771,0.018562,0.037483,0.18668,-0.026304,-0.033956,0.37268,-0.01511,0.034093,0.033396,0.04195,nan,0.040079
b02_pop,0.00091448,-0.0036509,-0.0037528,-0.0028553,1,-0.21899,-0.00068382,-0.00041404,-0.00039957,0.0021604,-0.00011177,0.0009667,0.00068757,-0.0014224,-0.00048203,-0.00014785,-0.001258,0.030541,0.0010153,0.00062299,nan,0.019012,0.011377,0.00014516,-0.0067652,0.00015742,5.2715e-05,-0.001689,0.00014649,0.00014864,-1.7953e-05,-5.5308e-05,-0.0021414,-0.0016439,-0.0054435,0.0029626,0.0035462,0.0022081,-0.0053935,-0.0021028,-0.00072869,-0.0027105,-0.00053141,0.0012224,0.00025213,-0.000472,0.00049038,-0.0012306,-0.00021007,-0.0013521,-0.002538,-0.0071468,-5.4618e-05,0.00058403,-0.0016798,nan,0.00082521
b12_pop,-0.055044,0.12301,0.12285,0.075711,-0.21899,1,0.00016522,0.012879,-0.00072956,0.011785,-0.0046801,0.010756,-0.019255,0.042153,0.0085614,-0.015817,0.08545,-0.076949,-0.0079948,0.019545,nan,0.03345,0.012203,5.3567e-05,-0.026397,-6.3781e-06,1.3171e-05,0.0052706,5.1186e-05,5.1405e-05,6.0346e-06,-3.7014e-05,-0.029101,-0.014881,0.033404,-0.12118,-0.12366,0.085496,0.00076854,0.060884,0.00067703,0.005063,-0.0044651,-0.0084773,-0.0018682,0.0078232,0.0063134,0.045081,-0.0031798,-0.0044622,0.098758,-0.0086165,0.0058421,0.0057421,0.010546,nan,0.005108
b03_pop,0.0041327,-0.009207,-0.0091156,-0.0017638,-0.00068382,0.00016522,1,-0.155,-3.3832e-06,0.00089435,-0.0010796,0.00024059,-0.001704,0.0015784,0.00097628,-0.0019307,0.013123,-0.029758,-0.0053267,0.007169,nan,0.010761,0.017498,0.00020841,-0.018554,0.00021788,7.3469e-05,0.00043837,0.00020972,0.00021322,-2.1678e-05,-8.5608e-05,-0.0068623,-0.0077347,-0.0027197,0.0088307,0.0091153,-0.010542,-0.0018037,0.0016543,-0.01018,0.012916,0.00090731,0.00035515,-0.00069529,0.0014765,-0.00077346,0.0020751,0.0024516,0.0040204,-0.0062668,0.00042749,0.0039435,-0.0014117,-0.0013664,nan,-0.0034523
b13_pop,-0.014662,0.034703,0.035977,0.015048,-0.00041404,0.012879,-0.155,1,-0.00048049,0.0015745,0.00038175,-0.0017552,-0.0018812,0.0018439,0.001337,-0.00063825,-0.058544,0.051966,0.011456,-0.014498,nan,-0.02104,-0.024279,-0.00041781,0.036388,-0.00043528,-0.00014665,0.00012502,-0.00042117,-0.00042881,4.2871e-05,0.00016944,0.013152,0.014699,0.007148,-0.034798,-0.035596,0.030201,0.0057369,-0.007574,0.012406,-0.042461,-0.0016284,-0.0018306,0.00090961,-0.0019009,0.0033043,-0.00049225,-0.0028364,-0.0063693,0.027612,-0.00092096,0.0071411,0.0017444,0.0039468,nan,0.0041861
b04_pop,0.0058419,-0.012033,-0.012021,-0.010076,-0.00039957,-0.00072956,-3.3832e-06,-0.00048049,1,-0.10314,0.00071803,-0.0015284,0.0028866,-0.0045777,-0.00076768,0.0023354,-2.139e-05,0.0005454,-0.00013082,-0.0010476,nan,-0.0015723,-0.0012233,1.5683e-05,0.00061337,2.1281e-05,5.622e-06,0.00029929,1.601e-05,1.6325e-05,-2.7378e-06,-5.2622e-06,0.0022757,0.00071346,-0.0014609,0.012027,0.012167,-0.0067719,-0.0016132,0.00085577,0.00027616,0.00089715,-0.00049901,0.0067718,2.7501e-05,-0.0014612,0.00022611,-0.0050056,0.00072766,0.00029076,-0.009927,0.00020752,-0.00044314,-0.0031703,-0.00084042,nan,-0.00022536
b14_pop,-0.053299,0.11809,0.11816,0.081004,0.0021604,0.011785,0.00089435,0.0015745,-0.10314,1,-0.0057063,0.013342,-0.018147,0.036027,0.0069244,-0.01821,0.0052381,-0.0087135,0.0017414,0.0071965,nan,0.015254,0.011261,-8.5884e-05,-0.0076794,-0.00013016,-3.1437e-05,0.00075077,-8.8152e-05,-9.0497e-05,1.6764e-05,2.5428e-05,-0.017452,-0.0044313,0.025608,-0.11792,-0.11879,0.075737,0.0065112,-0.0027986,-0.00060215,-0.0072176,-0.0086172,-0.026758,-0.0032233,0.0056652,0.0040345,0.037186,-0.0050818,-0.0023542,0.09242,-0.002273,0.0060448,0.018865,0.0078366,nan,0.0056348
b05_pop,0.015235,-0.031658,-0.031123,-0.023273,-0.00011177,-0.0046801,-0.0010796,0.00038175,0.00071803,-0.0057063,1,-0.15738,0.0046149,-0.0063491,-0.0021579,0.0070395,-0.0048091,0.0021249,0.00083265,-0.0045428,nan,-0.0092012,-0.016458,-0.00014023,0.016991,-0.0001336,-5.0058e-05,0.00029308,-0.00014136,-0.00014333,1.2122e-05,5.8644e-05,0.0075892,0.0042802,-0.0072309,0.03285,0.032364,-0.02286,-0.0028389,0.002118,-0.0004106,0.002886,0.00036788,9.9398e-05,0.039641,-0.031329,-0.00054407,-0.0065657,0.0014348,0.0073552,-0.024827,0.0015037,-0.0011638,-0.001543,-0.015148,nan,-0.0028858
b15_pop,-0.029278,0.064393,0.063879,0.043844,0.0009667,0.010756,0.00024059,-0.0017552,-0.0015284,0.013342,-0.15738,1,-0.0061415,0.010271,0.0037416,-0.01026,-0.018102,0.010523,0.0026837,0.0021035,nan,0.0071661,0.012297,1.4128e-05,-0.0067379,1.368e-06,5.5115e-06,0.00031296,1.3945e-05,1.3586e-05,1.1803e-06,-8.9767e-06,-0.0080863,-0.0011084,0.016417,-0.065777,-0.06486,0.044872,0.0017376,-0.004111,0.00058441,-0.0024626,-0.0009147,-0.0070664,-0.0073843,0.073545,0.0035907,0.010761,-0.0033845,-0.007663,0.051133,-0.0012648,0.0028835,0.0048532,-0.010726,nan,0.0046149
b06_pop,0.061368,-0.13687,-0.13806,-0.082271,0.00068757,-0.019255,-0.001704,-0.0018812,0.0028866,-0.018147,0.0046149,-0.0061415,1,-0.30158,-0.0049248,0.013465,-0.024257,0.035932,0.043015,-0.067595,nan,-0.037953,-0.042772,0.00065069,0.040133,0.00091568,0.00024163,0.03044,0.00066299,0.00067631,-0.0001177,-0.00021876,0.096622,0.023245,-0.031708,0.13582,0.13787,-0.099395,-0.0042686,-0.0037535,0.00011151,0.0065215,0.0053815,0.0037689,0.0010105,-0.0015778,0.097086,-0.23004,0.0069315,0.00028116,-0.11457,0.0016076,-0.0091,-0.0089909,-0.0085057,nan,-0.0085285
b16_pop,-0.12869,0.29182,0.29493,0.17958,-0.0014224,0.042153,0.0015784,0.0018439,-0.0045777,0.036027,-0.0063491,0.010271,-0.30158,1,0.0099215,-0.025991,0.055322,-0.080718,-0.1095,0.1438,nan,0.083814,0.093295,-0.0016197,-0.088573,-0.0022615,-0.00060138,-0.087305,-0.0016495,-0.001683,0.00028495,0.00055244,-0.21759,-0.050824,0.070519,-0.28996,-0.29493,0.21552,0.0036235,0.0098111,0.0044702,-0.015101,-0.010061,-0.0071294,-0.0027332,0.0039112,-0.018087,0.56131,-0.014274,0.0014266,0.23817,-0.0023154,0.01816,0.0196,0.016749,nan,0.015306
b07_pop,-0.024915,0.055296,0.054656,0.031962,-0.00048203,0.0085614,0.00097628,0.001337,-0.00076768,0.0069244,-0.0021579,0.0037416,-0.0049248,0.0099215,1,-0.17083,0.0015585,-0.0034647,0.0074186,-0.0099919,nan,0.005771,0.0024524,-1.8493e-05,-0.00037595,-3.5023e-05,-6.6134e-06,-1.0808e-05,-1.8893e-05,-2.0601e-05,1.0358e-06,3.6292e-06,-0.0029687,0.0057823,0.012375,-0.055255,-0.054637,0.041295,-0.00020974,0.00070216,0.0032193,-0.0029626,-0.0026794,-0.00054753,0.00069635,0.00073136,0.0057037,0.0078091,0.1092,-0.052145,0.040955,-0.00026777,0.0020668,0.0035644,0.0038151,nan,-0.040086
b17_pop,0.042662,-0.10024,-0.10021,-0.050348,-0.00014785,-0.015817,-0.0019307,-0.00063825,0.0023354,-0.01821,0.0070395,-0.01026,0.013465,-0.025991,-0.17083,1,-0.020986,0.025934,-0.00059701,-0.04308,nan,-0.031612,-0.028266,9.7563e-05,0.026528,8.4134e-05,2.8928e-05,-0.010125,0.0001025,9.0683e-05,-5.8262e-05,-4.2626e-05,0.034891,0.10922,-0.023589,0.10008,0.099818,-0.081412,-0.000659,-0.0036698,-0.0016692,0.006077,0.0054453,-0.005747,0.00076914,-0.0067598,-0.0096689,-0.022907,-0.058552,0.14973,-0.076129,0.0017228,-0.0034692,-0.0065097,-0.0064138,nan,0.0041958
p1_pop,-0.022355,0.049677,0.054679,0.039398,-0.001258,0.08545,0.013123,-0.058544,-2.139e-05,0.0052381,-0.0048091,-0.018102,-0.024257,0.055322,0.0015585,-0.020986,1,-0.58771,-0.12514,0.16729,nan,0.39752,0.076138,0.0034243,-0.3768,0.0032304,0.0011232,0.0023559,0.0034469,0.0035049,-0.00030721,-0.0014387,-0.16022,-0.16339,0.012591,-0.062222,-0.055463,0.031534,-0.0024141,-0.021536,0.0021614,-0.03487,-0.0028374,-0.0038093,0.0010781,-0.0010431,0.0024932,0.075455,0.001155,-0.0042699,0.060974,-0.0031508,0.0035114,0.0049405,0.0010501,nan,-0.0034122
g1_pop,0.041083,-0.095807,-0.093964,-0.054592,0.030541,-0.076949,-0.029758,0.051966,0.0005454,-0.0087135,0.0021249,0.010523,0.035932,-0.080718,-0.0034647,0.025934,-0.58771,1,0.1425,-0.22727,nan,-0.28472,-0.46423,-0.0073727,0.54042,-0.0079939,-0.0026099,0.0098113,-0.0074349,-0.0075705,0.00082516,0.0029868,0.27556,0.18884,-0.029684,0.10248,0.094861,-0.10965,-0.017209,0.02396,-0.0053523,0.063122,0.0043985,0.0044847,-0.0053682,-0.0020455,-0.0040374,-0.11552,-0.00033009,0.0010973,-0.083782,0.0030942,-0.0080602,-0.0061287,-0.003177,nan,0.0025551
p2_pop,-0.0065293,0.0089367,0.0053235,-0.0015689,0.0010153,-0.0079948,-0.0053267,0.011456,-0.00013082,0.0017414,0.00083265,0.0026837,0.043015,-0.1095,0.0074186,-0.00059701,-0.12514,0.1425,1,-0.75927,nan,-0.083387,-0.12902,-0.00027778,0.16505,-0.00033182,6.9816e-06,-0.054442,-0.00025022,-0.00028916,-6.9736e-05,0.00010613,0.32547,0.23705,0.00022644,0.00052358,-0.0059637,0.021415,0.0012583,-0.0028955,-0.00053164,0.01378,-0.00017768,-0.0003544,0.0010076,-0.0018881,0.0059947,-0.14699,-0.0033065,-0.0038072,0.0045364,-0.0002032,-0.001952,-0.0018339,0.0029558,nan,0.01015
g2_pop,-0.027007,0.067559,0.069221,0.045671,0.00062299,0.019545,0.007169,-0.014498,-0.0010476,0.0071965,-0.0045428,0.0021035,-0.067595,0.1438,-0.0099919,-0.04308,0.16729,-0.22727,-0.75927,1,nan,0.184,0.25947,0.00048075,-0.27633,0.00059183,0.00010898,0.01892,0.00045394,0.00053698,0.00018591,-0.00021079,-0.58427,-0.50319,0.018994,-0.072479,-0.069108,0.050488,2.0015e-07,0.0091671,0.0006818,-0.027234,-0.0028087,-0.0019208,-0.0016564,0.0057732,-0.0053472,0.21662,0.00034979,-0.0061385,0.054197,-0.0021682,0.00671,0.0060355,0.0010866,nan,-0.011044
alpha11_pop,nan,nan,nan,nan,nan,nan,nan,nan,nan,nan,nan,nan,nan,nan,nan,nan,nan,nan,nan,nan,nan,nan,nan,nan,nan,nan,nan,nan,nan,nan,nan,nan,nan,nan,nan,nan,nan,nan,nan,nan,nan,nan,nan,nan,nan,nan,nan,nan,nan,nan,nan,nan,nan,nan,nan,nan,nan
alpha12_pop,-0.063233,0.14062,0.14114,0.084538,0.019012,0.03345,0.010761,-0.02104,-0.0015723,0.015254,-0.0092012,0.0071661,-0.037953,0.083814,0.005771,-0.031612,0.39752,-0.28472,-0.083387,0.184,nan,1,0.46716,0.005035,-0.36968,0.005041,0.0017195,0.0086354,0.0050352,0.0050932,-0.00058703,-0.0021051,-0.25869,-0.18873,0.032517,-0.14497,-0.1422,0.12063,-0.0028024,0.070567,-0.0020448,-0.049845,-0.0057922,-0.0094482,-0.0019125,0.009315,0.0059368,0.11659,-0.003535,-0.010088,0.12245,-0.020361,0.011219,0.010016,0.0056491,nan,0.0019212
alpha13_pop,-0.05189,0.1161,0.11777,0.062697,0.011377,0.012203,0.017498,-0.024279,-0.0012233,0.011261,-0.016458,0.012297,-0.042772,0.093295,0.0024524,-0.028266,0.076138,-0.46423,-0.12902,0.25947,nan,0.46716,1,0.0096202,-0.85354,0.010014,0.0034739,-0.042786,0.0096958,0.0098466,-0.0010103,-0.0039162,-0.37348,-0.23816,0.024236,-0.11295,-0.11577,0.094991,-0.0029829,0.043565,-0.0056015,-0.081272,-0.0046279,-0.0075834,-0.00041092,0.019586,0.0031728,0.14358,-0.00070508,-0.0016532,0.093444,-0.010161,0.014139,0.0080335,0.00075649,nan,-0.0021941
alpha14_pop,0.00019497,-0.00044356,-0.00042861,-0.0003748,0.00014516,5.3567e-05,0.00020841,-0.00041781,1.5683e-05,-8.5884e-05,-0.00014023,1.4128e-05,0.00065069,-0.0016197,-1.8493e-05,9.7563e-05,0.0034243,-0.0073727,-0.00027778,0.00048075,nan,0.005035,0.0096202,1,-0.0096498,0.77939,0.24866,-0.00056001,0.94613,0.9414,-0.11311,-0.37912,-0.0015257,5.0845e-05,-0.00014908,0.00045125,0.00045599,-0.00023152,-8.7335e-05,0.00037118,-7.6074e-05,-0.00078432,1.0614e-05,-4.8584e-05,1.8985e-05,0.00017468,4.4978e-05,-0.0020344,3.6933e-05,4.7536e-05,-0.00031386,-0.00010973,2.9679e-05,-2.3796e-05,-0.00010301,nan,-3.6572e-05
alpha15_pop,0.035421,-0.082322,-0.08583,-0.045017,-0.0067652,-0.026397,-0.018554,0.036388,0.00061337,-0.0076794,0.016991,-0.0067379,0.040133,-0.088573,-0.00037595,0.026528,-0.3768,0.54042,0.16505,-0.27633,nan,-0.36968,-0.85354,-0.0096498,1,-0.0097049,-0.0034113,0.043893,-0.0097432,-0.0098962,0.00092648,0.0039587,0.35356,0.25595,-0.018101,0.082641,0.083795,-0.06451,0.0042366,-0.025003,0.0021748,0.072808,0.0037426,0.0060379,-0.0025361,-0.022754,-0.0016731,-0.13635,-0.0015035,0.00026317,-0.07013,0.0075615,-0.0092187,-0.006847,0.0057263,nan,0.0054612
alpha16_pop,0.00035285,-0.00079756,-0.00078595,-0.0006019,0.00015742,-6.3781e-06,0.00021788,-0.00043528,2.1281e-05,-0.00013016,-0.0001336,1.368e-06,0.00091568,-0.0022615,-3.5023e-05,8.4134e-05,0.0032304,-0.0079939,-0.00033182,0.00059183,nan,0.005041,0.010014,0.77939,-0.0097049,1,0.28178,-0.00029507,0.79108,0.80994,-0.11293,-0.28622,-0.001434,-0.00031496,-0.00024162,0.00080856,0.00081586,-0.00050263,-9.9132e-05,0.00037903,-8.9164e-05,-0.00080457,2.3605e-05,-4.251e-05,1.6513e-05,0.00016448,4.8091e-05,-0.0028706,6.2709e-05,3.7269e-05,-0.00060455,-0.00011093,1.3015e-05,-4.8284e-05,-0.00011754,nan,-6.6408e-05
alpha17_pop,7.2332e-05,-0.00016616,-0.00016104,-0.00013943,5.2715e-05,1.3171e-05,7.3469e-05,-0.00014665,5.622e-06,-3.1437e-05,-5.0058e-05,5.5115e-06,0.00024163,-0.00060138,-6.6134e-06,2.8928e-05,0.0011232,-0.0026099,6.9816e-06,0.00010898,nan,0.0017195,0.0034739,0.24866,-0.0034113,0.28178,1,-0.00021828,0.29319,0.28907,-0.021973,0.047063,-0.00051112,-1.8768e-05,-5.642e-05,0.00017108,0.00017117,-9.0238e-05,-3.1805e-05,0.00012913,-2.8693e-05,-0.00028123,4.2345e-06,-1.702e-05,5.9472e-06,6.1068e-05,1.6404e-05,-0.00075569,1.4458e-05,1.5547e-05,-0.00011985,-3.7606e-05,1.1028e-05,-9.54e-06,-3.5593e-05,nan,-1.4308e-05
alpha21_pop,0.0020823,0.0041906,0.0010955,0.0013503,-0.001689,0.0052706,0.00043837,0.00012502,0.00029929,0.00075077,0.00029308,0.00031296,0.03044,-0.087305,-1.0808e-05,-0.010125,0.0023559,0.0098113,-0.054442,0.01892,nan,0.0086354,-0.042786,-0.00056001,0.043893,-0.00029507,-0.00021828,1,-0.00057825,-0.0005994,0.0001125,0.00014932,0.094157,-0.032067,-0.0053115,-0.0047374,-0.0038581,-0.026976,0.00083564,-0.0022602,0.0019009,0.0036733,-0.00044179,-0.00046829,0.0010408,2.4264e-05,0.0034344,-0.11608,0.00023207,-0.0064881,0.00095338,-0.0018765,-0.0014969,-0.00082166,0.0015427,nan,0.0012441
alpha22_pop,0.00020237,-0.00046014,-0.00044496,-0.0003864,0.00014649,5.1186e-05,0.00020972,-0.00042117,1.601e-05,-8.8152e-05,-0.00014136,1.3945e-05,0.00066299,-0.0016495,-1.8893e-05,0.0001025,0.0034469,-0.0074349,-0.00025022,0.00045394,nan,0.0050352,0.0096958,0.94613,-0.0097432,0.79108,0.29319,-0.00057825,1,0.97368,-0.16513,-0.33721,-0.001538,8.4087e-05,-0.0001535,0.00046844,0.00047277,-0.00024334,-8.8704e-05,0.0003719,-7.6849e-05,-0.00078946,1.1201e-05,-4.8525e-05,1.9337e-05,0.00017645,4.5258e-05,-0.0020714,3.7374e-05,4.9091e-05,-0.00032702,-0.00010991,2.8987e-05,-2.4859e-05,-0.00010498,nan,-3.6634e-05
alpha23_pop,0.00020978,-0.00047647,-0.00046069,-0.00039743,0.00014864,5.1405e-05,0.00021322,-0.00042881,1.6325e-05,-9.0497e-05,-0.00014333,1.3586e-05,0.00067631,-0.001683,-2.0601e-05,9.0683e-05,0.0035049,-0.0075705,-0.00028916,0.00053698,nan,0.0050932,0.0098466,0.9414,-0.0098962,0.80994,0.28907,-0.0005994,0.97368,1,-0.063814,-0.32591,-0.001613,-4.6108e-05,-0.00015801,0.00048475,0.0004891,-0.00025556,-9.0516e-05,0.00037572,-7.819e-05,-0.00080182,1.1667e-05,-4.8833e-05,1.932e-05,0.00017887,4.551e-05,-0.0021098,4.0854e-05,4.6662e-05,-0.0003397,-0.00011096,2.9049e-05,-2.5654e-05,-0.00010704,nan,-4.1913e-05
alpha24_pop,-4.5251e-05,0.00010497,0.00010505,7.833e-05,-1.7953e-05,6.0346e-06,-2.1678e-05,4.2871e-05,-2.7378e-06,1.6764e-05,1.2122e-05,1.1803e-06,-0.0001177,0.00028495,1.0358e-06,-5.8262e-05,-0.00030721,0.00082516,-6.9736e-05,0.00018591,nan,-0.00058703,-0.0010103,-0.11311,0.00092648,-0.11293,-0.021973,0.0001125,-0.16513,-0.063814,1,-0.13093,-2.8018e-05,-0.0004061,3.0208e-05,-0.00010638,-0.00010814,5.9255e-05,1.0092e-05,-4.4878e-05,1.0397e-05,8.0603e-05,-3.5208e-06,4.6927e-06,-2.0246e-06,-1.4357e-05,-6.2883e-06,0.00037782,4.5453e-07,-1.4721e-05,7.9529e-05,1.3269e-05,7.3156e-08,7.1413e-06,1.2269e-05,nan,-5.8395e-06
alpha25_pop,-4.3704e-05,9.8775e-05,9.3019e-05,0.00010283,-5.5308e-05,-3.7014e-05,-8.5608e-05,0.00016944,-5.2622e-06,2.5428e-05,5.8644e-05,-8.9767e-06,-0.00021876,0.00055244,3.6292e-06,-4.2626e-05,-0.0014387,0.0029868,0.00010613,-0.00021079,nan,-0.0021051,-0.0039162,-0.37912,0.0039587,-0.28622,0.047063,0.00014932,-0.33721,-0.32591,-0.13093,1,0.00074852,-0.00011752,3.9962e-05,-0.00010187,-0.00010328,2.9203e-05,3.1843e-05,-0.00015231,2.8262e-05,0.0003229,-1.2947e-06,2.1736e-05,-8.2674e-06,-7.3741e-05,-1.9134e-05,0.00068068,-8.8572e-06,-2.111e-05,6.1264e-05,4.5951e-05,-1.6411e-05,4.5716e-06,3.8087e-05,nan,7.2321e-06
alpha26_pop,0.070375,-0.1626,-0.16569,-0.097906,-0.0021414,-0.029101,-0.0068623,0.013152,0.0022757,-0.017452,0.0075892,-0.0080863,0.096622,-0.21759,-0.0029687,0.034891,-0.16022,0.27556,0.32547,-0.58427,nan,-0.25869,-0.37348,-0.0015257,0.35356,-0.001434,-0.00051112,0.094157,-0.001538,-0.001613,-2.8018e-05,0.00074852,1,0.24113,-0.041004,0.16222,0.16533,-0.13087,-0.0012968,-0.01635,-0.0015359,0.039037,0.0060716,0.0046688,0.00294,-0.010019,-0.00041434,-0.35099,0.0047319,0.0032996,-0.13448,0.0042534,-0.012962,-0.011272,-0.0061611,nan,-0.00038851
alpha27_pop,0.012055,-0.029876,-0.032113,-0.021728,-0.0016439,-0.014881,-0.0077347,0.014699,0.00071346,-0.0044313,0.0042802,-0.0011084,0.023245,-0.050824,0.0057823,0.10922,-0.16339,0.18884,0.23705,-0.50319,nan,-0.18873,-0.23816,5.0845e-05,0.25595,-0.00031496,-1.8768e-05,-0.032067,8.4087e-05,-4.6108e-05,-0.0004061,-0.00011752,0.24113,1,-0.0068443,0.032609,0.031714,-0.013787,0.0012052,-0.0096619,0.00022021,0.023589,0.0018218,0.0014706,0.00081304,-0.0049915,0.0012031,-0.081841,-0.01736,0.025374,-0.024456,0.0024848,-0.0036972,-0.003822,0.00035421,nan,0.03045
omega_b01,0.036009,0.21872,0.238,0.092515,-0.0054435,0.033404,-0.0027197,0.007148,-0.0014609,0.025608,-0.0072309,0.016417,-0.031708,0.070519,0.012375,-0.023589,0.012591,-0.029684,0.00022644,0.018994,nan,0.032517,0.024236,-0.00014908,-0.018101,-0.00024162,-5.642e-05,-0.0053115,-0.0001535,-0.00015801,3.0208e-05,3.9962e-05,-0.041004,-0.0068443,1,-0.22222,-0.23267,0.17625,0.0058958,-0.0030637,0.0031722,-0.0082605,-0.0087853,-0.01046,-0.0015916,0.010209,0.010958,0.077104,-0.01157,-0.0074489,0.15529,-0.0039829,0.0096155,0.011301,0.014277,nan,0.011605
omega_b11,0.45949,-0.983,-0.96983,-0.63733,0.0029626,-0.12118,0.0088307,-0.034798,0.012027,-0.11792,0.03285,-0.065777,0.13582,-0.28996,-0.055255,0.10008,-0.062222,0.10248,0.00052358,-0.072479,nan,-0.14497,-0.11295,0.00045125,0.082641,0.00080856,0.00017108,-0.0047374,0.00046844,0.00048475,-0.00010638,-0.00010187,0.16222,0.032609,-0.22222,1,0.97239,-0.68641,-0.035363,0.0021917,-0.015902,0.034073,0.037123,0.034347,0.0074231,-0.032928,-0.055124,-0.2989,0.043664,0.037549,-0.7633,0.020726,-0.047138,-0.047044,-0.067114,nan,-0.05646
omega_b21,0.42257,-0.97579,-0.98748,-0.60188,0.0035462,-0.12366,0.0091153,-0.035596,0.012167,-0.11879,0.032364,-0.06486,0.13787,-0.29493,-0.054637,0.099818,-0.055463,0.094861,-0.0059637,-0.069108,nan,-0.1422,-0.11577,0.00045599,0.083795,0.00081586,0.00017117,-0.0038581,0.00047277,0.0004891,-0.00010814,-0.00010328,0.16533,0.031714,-0.23267,0.97239,1,-0.70446,-0.032305,0.0021322,-0.016471,0.035644,0.036744,0.035578,0.0068555,-0.033215,-0.054566,-0.30493,0.043934,0.037345,-0.79568,0.02026,-0.046546,-0.048011,-0.067496,nan,-0.056226
omega_a1,-0.29276,0.71254,0.71113,0.075071,0.0022081,0.085496,-0.010542,0.030201,-0.0067719,0.075737,-0.02286,0.044872,-0.099395,0.21552,0.041295,-0.081412,0.031534,-0.10965,0.021415,0.050488,nan,0.12063,0.094991,-0.00023152,-0.06451,-0.00050263,-9.0238e-05,-0.026976,-0.00024334,-0.00025556,5.9255e-05,2.9203e-05,-0.13087,-0.013787,0.17625,-0.68641,-0.70446,1,0.03027,0.0019258,0.0094464,-0.028748,-0.028365,-0.011078,-0.0025864,0.024605,0.038604,0.22258,-0.030203,-0.015777,0.63269,-0.011649,0.02817,0.028696,0.048639,nan,0.036222
omega_b02,-0.018294,0.034369,0.032076,0.016693,-0.0053935,0.00076854,-0.0018037,0.0057369,-0.0016132,0.0065112,-0.0028389,0.0017376,-0.0042686,0.0036235,-0.00020974,-0.000659,-0.0024141,-0.017209,0.0012583,2.0015e-07,nan,-0.0028024,-0.0029829,-8.7335e-05,0.0042366,-9.9132e-05,-3.1805e-05,0.00083564,-8.8704e-05,-9.0516e-05,1.0092e-05,3.1843e-05,-0.0012968,0.0012052,0.0058958,-0.035363,-0.032305,0.03027,1,-0.043804,-0.0014813,-0.0011501,-0.0019981,-0.0016897,-0.0011744,0.00025723,0.0054919,0.0058291,-0.0016466,0.00014947,0.023795,-0.088272,0.0020744,0.00011157,0.0035346,nan,0.002237
omega_b12,-0.00024236,-0.0017745,-0.0021928,-0.0040639,-0.0021028,0.060884,0.0016543,-0.007574,0.00085577,-0.0027986,0.002118,-0.004111,-0.0037535,0.0098111,0.00070216,-0.0036698,-0.021536,0.02396,-0.0028955,0.0091671,nan,0.070567,0.043565,0.00037118,-0.025003,0.00037903,0.00012913,-0.0022602,0.0003719,0.00037572,-4.4878e-05,-0.00015231,-0.01635,-0.0096619,-0.0030637,0.0021917,0.0021322,0.0019258,-0.043804,1,-3.415e-05,-0.0027502,0.00055486,-0.0029234,-0.0021748,-0.0049338,-0.0047891,0.015904,-0.00031747,-0.0082674,-0.00013653,-0.049219,-0.00017741,0.00011534,0.0011558,nan,0.0033852
omega_b03,-0.0062613,0.016347,0.016975,0.010417,-0.00072869,0.00067703,-0.01018,0.012406,0.00027616,-0.00060215,-0.0004106,0.00058441,0.00011151,0.0044702,0.0032193,-0.0016692,0.0021614,-0.0053523,-0.00053164,0.0006818,nan,-0.0020448,-0.0056015,-7.6074e-05,0.0021748,-8.9164e-05,-2.8693e-05,0.0019009,-7.6849e-05,-7.819e-05,1.0397e-05,2.8262e-05,-0.0015359,0.00022021,0.0031722,-0.015902,-0.016471,0.0094464,-0.0014813,-3.415e-05,1,-0.021077,-0.001582,0.0021059,-0.0033909,0.0002567,0.00095948,0.0037614,-0.00060199,-0.0062181,0.01337,0.00034149,-0.097963,0.0019627,0.0033303,nan,-0.00075375
omega_b13,0.014214,-0.033583,-0.035467,-0.019858,-0.0027105,0.005063,0.012916,-0.042461,0.00089715,-0.0072176,0.002886,-0.0024626,0.0065215,-0.015101,-0.0029626,0.006077,-0.03487,0.063122,0.01378,-0.027234,nan,-0.049845,-0.081272,-0.00078432,0.072808,-0.00080457,-0.00028123,0.0036733,-0.00078946,-0.00080182,8.0603e-05,0.0003229,0.039037,0.023589,-0.0082605,0.034073,0.035644,-0.028748,-0.0011501,-0.0027502,-0.021077,1,0.0011127,-0.0034976,-0.00072693,0.0021146,-0.0037124,-0.022941,0.0024968,0.0031243,-0.027776,0.0013076,-0.043097,-0.0016965,-0.0018459,nan,-0.0006897
omega_b04,0.017335,-0.037368,-0.036781,-0.021684,-0.00053141,-0.0044651,0.00090731,-0.0016284,-0.00049901,-0.0086172,0.00036788,-0.0009147,0.0053815,-0.010061,-0.0026794,0.0054453,-0.0028374,0.0043985,-0.00017768,-0.0028087,nan,-0.0057922,-0.0046279,1.0614e-05,0.0037426,2.3605e-05,4.2345e-06,-0.00044179,1.1201e-05,1.1667e-05,-3.5208e-06,-1.2947e-06,0.0060716,0.0018218,-0.0087853,0.037123,0.036744,-0.028365,-0.0019981,0.00055486,-0.001582,0.0011127,1,0.0038749,0.00028319,-0.0027262,-0.0014637,-0.010978,0.002478,0.0013169,-0.029302,0.001204,-0.0019225,-0.042262,-0.0021132,nan,-0.0012505
omega_b14,0.011648,-0.033699,-0.035481,-0.032759,0.0012224,-0.0084773,0.00035515,-0.0018306,0.0067718,-0.026758,9.9398e-05,-0.0070664,0.0037689,-0.0071294,-0.00054753,-0.005747,-0.0038093,0.0044847,-0.0003544,-0.0019208,nan,-0.0094482,-0.0075834,-4.8584e-05,0.0060379,-4.251e-05,-1.702e-05,-0.00046829,-4.8525e-05,-4.8833e-05,4.6927e-06,2.1736e-05,0.0046688,0.0014706,-0.01046,0.034347,0.035578,-0.011078,-0.0016897,-0.0029234,0.0021059,-0.0034976,0.0038749,1,-0.0013315,-0.0039097,-0.00087388,-0.0057506,0.0011362,0.0020959,-0.025799,0.0012116,-0.0036483,-0.072039,-0.0010078,nan,0.0011692
omega_b05,0.0029223,-0.0069033,-0.0072998,-0.0060771,0.00025213,-0.0018682,-0.00069529,0.00090961,2.7501e-05,-0.0032233,0.039641,-0.0073843,0.0010105,-0.0027332,0.00069635,0.00076914,0.0010781,-0.0053682,0.0010076,-0.0016564,nan,-0.0019125,-0.00041092,1.8985e-05,-0.0025361,1.6513e-05,5.9472e-06,0.0010408,1.9337e-05,1.932e-05,-2.0246e-06,-8.2674e-06,0.00294,0.00081304,-0.0015916,0.0074231,0.0068555,-0.0025864,-0.0011744,-0.0021748,-0.0033909,-0.00072693,0.00028319,-0.0013315,1,-0.026648,-0.00097765,-0.0042059,0.00095419,0.0011422,-0.0035113,0.00060123,0.00065442,-0.00039227,-0.12184,nan,-0.00047575
omega_b15,-0.012805,0.03235,0.032877,0.018562,-0.000472,0.0078232,0.0014765,-0.0019009,-0.0014612,0.0056652,-0.031329,0.073545,-0.0015778,0.0039112,0.00073136,-0.0067598,-0.0010431,-0.0020455,-0.0018881,0.0057732,nan,0.009315,0.019586,0.00017468,-0.022754,0.00016448,6.1068e-05,2.4264e-05,0.00017645,0.00017887,-1.4357e-05,-7.3741e-05,-0.010019,-0.0049915,0.010209,-0.032928,-0.033215,0.024605,0.00025723,-0.0049338,0.0002567,0.0021146,-0.0027262,-0.0039097,-0.026648,1,0.0012495,0.011802,-0.0015268,-0.0067837,0.02718,-0.0012893,0.00065009,0.0057526,-0.060694,nan,0.001908
omega_b06,-0.024774,0.054421,0.053969,0.037483,0.00049038,0.0063134,-0.00077346,0.0033043,0.00022611,0.0040345,-0.00054407,0.0035907,0.097086,-0.018087,0.0057037,-0.0096689,0.0024932,-0.0040374,0.0059947,-0.0053472,nan,0.0059368,0.0031728,4.4978e-05,-0.0016731,4.8091e-05,1.6404e-05,0.0034344,4.5258e-05,4.551e-05,-6.2883e-06,-1.9134e-05,-0.00041434,0.0012031,0.010958,-0.055124,-0.054566,0.038604,0.0054919,-0.0047891,0.00095948,-0.0037124,-0.0014637,-0.00087388,-0.00097765,0.0012495,1,-0.019413,-0.0013509,-0.0039714,0.040771,-0.0013754,0.002455,0.0016649,0.0037124,nan,0.0022831
omega_b16,-0.1287,0.2999,0.30578,0.18668,-0.0012306,0.045081,0.0020751,-0.00049225,-0.0050056,0.037186,-0.0065657,0.010761,-0.23004,0.56131,0.0078091,-0.022907,0.075455,-0.11552,-0.14699,0.21662,nan,0.11659,0.14358,-0.0020344,-0.13635,-0.0028706,-0.00075569,-0.11608,-0.0020714,-0.0021098,0.00037782,0.00068068,-0.35099,-0.081841,0.077104,-0.2989,-0.30493,0.22258,0.0058291,0.015904,0.0037614,-0.022941,-0.010978,-0.0057506,-0.0042059,0.011802,-0.019413,1,-0.01723,0.0060407,0.23998,-0.0020514,0.019872,0.023317,0.0138,nan,0.014047
omega_b07,0.018741,-0.043383,-0.043797,-0.026304,-0.00021007,-0.0031798,0.0024516,-0.0028364,0.00072766,-0.0050818,0.0014348,-0.0033845,0.0069315,-0.014274,0.1092,-0.058552,0.001155,-0.00033009,-0.0033065,0.00034979,nan,-0.003535,-0.00070508,3.6933e-05,-0.0015035,6.2709e-05,1.4458e-05,0.00023207,3.7374e-05,4.0854e-05,4.5453e-07,-8.8572e-06,0.0047319,-0.01736,-0.01157,0.043664,0.043934,-0.030203,-0.0016466,-0.00031747,-0.00060199,0.0024968,0.002478,0.0011362,0.00095419,-0.0015268,-0.0013509,-0.01723,1,-0.026548,-0.033119,0.0015164,-0.0007372,-0.0011785,-0.0023332,nan,-0.098079
omega_b17,0.012307,-0.03586,-0.038209,-0.033956,-0.0013521,-0.0044622,0.0040204,-0.0063693,0.00029076,-0.0023542,0.0073552,-0.007663,0.00028116,0.0014266,-0.052145,0.14973,-0.0042699,0.0010973,-0.0038072,-0.0061385,nan,-0.010088,-0.0016532,4.7536e-05,0.00026317,3.7269e-05,1.5547e-05,-0.0064881,4.9091e-05,4.6662e-05,-1.4721e-05,-2.111e-05,0.0032996,0.025374,-0.0074489,0.037549,0.037345,-0.015777,0.00014947,-0.0082674,-0.0062181,0.0031243,0.0013169,0.0020959,0.0011422,-0.0067837,-0.0039714,0.0060407,-0.026548,1,-0.018348,0.0011443,-0.0020867,-0.0021986,0.002684,nan,-0.10062
b_1,-0.34817,0.7778,0.78717,0.37268,-0.002538,0.098758,-0.0062668,0.027612,-0.009927,0.09242,-0.024827,0.051133,-0.11457,0.23817,0.040955,-0.076129,0.060974,-0.083782,0.0045364,0.054197,nan,0.12245,0.093444,-0.00031386,-0.07013,-0.00060455,-0.00011985,0.00095338,-0.00032702,-0.0003397,7.9529e-05,6.1264e-05,-0.13448,-0.024456,0.15529,-0.7633,-0.79568,0.63269,0.023795,-0.00013653,0.01337,-0.027776,-0.029302,-0.025799,-0.0035113,0.02718,0.040771,0.23998,-0.033119,-0.018348,1,-0.014728,0.03603,0.038403,0.052526,nan,0.039132
a_2,0.0094416,-0.020593,-0.020547,-0.01511,-0.0071468,-0.0086165,0.00042749,-0.00092096,0.00020752,-0.002273,0.0015037,-0.0012648,0.0016076,-0.0023154,-0.00026777,0.0017228,-0.0031508,0.0030942,-0.0002032,-0.0021682,nan,-0.020361,-0.010161,-0.00010973,0.0075615,-0.00011093,-3.7606e-05,-0.0018765,-0.00010991,-0.00011096,1.3269e-05,4.5951e-05,0.0042534,0.0024848,-0.0039829,0.020726,0.02026,-0.011649,-0.088272,-0.049219,0.00034149,0.0013076,0.001204,0.0012116,0.00060123,-0.0012893,-0.0013754,-0.0020514,0.0015164,0.0011443,-0.014728,1,-0.0011705,-0.0013052,-0.0014014,nan,-0.00056474
a_3,-0.021993,0.046626,0.046375,0.034093,-5.4618e-05,0.0058421,0.0039435,0.0071411,-0.00044314,0.0060448,-0.0011638,0.0028835,-0.0091,0.01816,0.0020668,-0.0034692,0.0035114,-0.0080602,-0.001952,0.00671,nan,0.011219,0.014139,2.9679e-05,-0.0092187,1.3015e-05,1.1028e-05,-0.0014969,2.8987e-05,2.9049e-05,7.3156e-08,-1.6411e-05,-0.012962,-0.0036972,0.0096155,-0.047138,-0.046546,0.02817,0.0020744,-0.00017741,-0.097963,-0.043097,-0.0019225,-0.0036483,0.00065442,0.00065009,0.002455,0.019872,-0.0007372,-0.0020867,0.03603,-0.0011705,1,0.0023176,0.0019656,nan,0.0022915
a_4,-0.020463,0.046953,0.047651,0.033396,0.00058403,0.0057421,-0.0014117,0.0017444,-0.0031703,0.018865,-0.001543,0.0048532,-0.0089909,0.0196,0.0035644,-0.0065097,0.0049405,-0.0061287,-0.0018339,0.0060355,nan,0.010016,0.0080335,-2.3796e-05,-0.006847,-4.8284e-05,-9.54e-06,-0.00082166,-2.4859e-05,-2.5654e-05,7.1413e-06,4.5716e-06,-0.011272,-0.003822,0.011301,-0.047044,-0.048011,0.028696,0.00011157,0.00011534,0.0019627,-0.0016965,-0.042262,-0.072039,-0.00039227,0.0057526,0.0016649,0.023317,-0.0011785,-0.0021986,0.038403,-0.0013052,0.0023176,1,0.0035689,nan,0.0020197
b_5,-0.030109,0.067204,0.067244,0.04195,-0.0016798,0.010546,-0.0013664,0.0039468,-0.00084042,0.0078366,-0.015148,-0.010726,-0.0085057,0.016749,0.0038151,-0.0064138,0.0010501,-0.003177,0.0029558,0.0010866,nan,0.0056491,0.00075649,-0.00010301,0.0057263,-0.00011754,-3.5593e-05,0.0015427,-0.00010498,-0.00010704,1.2269e-05,3.8087e-05,-0.0061611,0.00035421,0.014277,-0.067114,-0.067496,0.048639,0.0035346,0.0011558,0.0033303,-0.0018459,-0.0021132,-0.0010078,-0.12184,-0.060694,0.0037124,0.0138,-0.0023332,0.002684,0.052526,-0.0014014,0.0019656,0.0035689,1,nan,0.0024941
b_6,nan,nan,nan,nan,nan,nan,nan,nan,nan,nan,nan,nan,nan,nan,nan,nan,nan,nan,nan,nan,nan,nan,nan,nan,nan,nan,nan,nan,nan,nan,nan,nan,nan,nan,nan,nan,nan,nan,nan,nan,nan,nan,nan,nan,nan,nan,nan,nan,nan,nan,nan,nan,nan,nan,nan,nan,nan
b_7,-0.025112,0.055887,0.056602,0.040079,0.00082521,0.005108,-0.0034523,0.0041861,-0.00022536,0.0056348,-0.0028858,0.0046149,-0.0085285,0.015306,-0.040086,0.0041958,-0.0034122,0.0025551,0.01015,-0.011044,nan,0.0019212,-0.0021941,-3.6572e-05,0.0054612,-6.6408e-05,-1.4308e-05,0.0012441,-3.6634e-05,-4.1913e-05,-5.8395e-06,7.2321e-06,-0.00038851,0.03045,0.011605,-0.05646,-0.056226,0.036222,0.002237,0.0033852,-0.00075375,-0.0006897,-0.0012505,0.0011692,-0.00047575,0.001908,0.0022831,0.014047,-0.098079,-0.10062,0.039132,-0.00056474,0.0022915,0.0020197,0.0024941,nan,1
