b01_pop,1,-0.084803,0.16092,-0.10151,-0.00025055,-0.0023704,-0.00026589,0.0026481,0.0012851,-0.00044689,0.00086275,0.0028231,1.6767e-05,-0.0029333,-0.0030234,0.007043,-0.0045681,-0.002879,0.004231,0.0072855,0.0016032,-0.001228,-0.00059917,0.0045133,0.0022838,0.00052393,0.0043247,0.007673,0.0020382,0.00057164,0.0028596,0.00039235,0.00080144,nan,0.21611,0.075098,-0.077661,0.047825,0.0013666,-0.0023449,-0.0024316,0.001839,-0.00092685,0.0070756,-0.0014756,0.0017073,-0.0025588,-0.0027942,-0.0036515,0.0027731,-0.058375,0.0010347,-0.00051297,-0.00074558,0.00012439,0.0023096,0.001894
b11_pop,-0.084803,1,0.57288,0.081924,-0.014028,0.010317,0.005237,-0.0068312,-0.0035608,0.01142,-0.0038119,0.0050381,-0.016523,0.015203,0.0009973,0.0034485,-0.042937,0.025504,0.041958,0.0073313,0.040265,-0.020927,0.033643,0.012691,0.0034592,0.00064029,0.019909,0.046868,0.028811,0.0007022,0.011654,-0.0015427,0.0010074,nan,-0.062971,-0.50512,-0.45506,0.11988,-0.0026469,-0.0053919,-0.0022148,-0.0013072,0.0014513,0.026313,-0.0033428,-0.001892,-0.0075274,0.0062515,0.0034398,0.02121,0.097239,0.005092,-0.004574,-0.0094773,0.021119,0.0093106,-0.0078897
b21_pop,0.16092,0.57288,1,-0.077181,-0.016306,0.0055285,0.0073184,-0.0056429,-0.0023314,-0.0010186,-0.0019491,0.0095717,-0.018433,0.010718,-0.0020952,0.012189,0.0055539,0.023874,0.016022,-0.035334,0.0048438,0.0093937,-0.0039234,-0.018259,-0.0097864,-0.002708,-0.0058573,-0.031588,-0.016405,-0.0029387,-0.0091842,-0.0015865,-0.0040568,nan,0.064206,-0.31717,-0.67474,0.21779,-0.0017233,-0.014564,-0.0066389,0.004566,0.000406,0.040748,-0.0030903,0.0039238,-0.0078661,0.0036673,0.0027195,0.021309,0.1279,0.0066547,-0.0059261,-0.012458,0.013267,0.012518,-0.0085893
a1_pop,-0.10151,0.081924,-0.077181,1,-0.0053579,0.018301,0.0050504,0.0036787,-0.0032468,-0.0019643,0.001709,-0.0064639,4.2009e-05,0.0090474,0.0014789,0.005116,-0.00042319,-0.020517,0.019914,0.0014801,0.028442,0.0071827,-0.0058907,-0.0072228,-0.0066051,0.00015401,-0.00073836,-0.0039057,-0.0024618,0.00018089,-0.016375,-0.005898,0.00026797,nan,-0.073438,-0.37327,-0.19654,-0.48027,-0.010617,-0.0075889,-0.0020007,0.0096288,0.0007585,-0.01055,-0.00013228,0.011293,-0.0062138,0.0080798,0.0059915,-0.015814,-0.04981,0.002448,-0.0061635,0.0025862,0.0085671,0.01131,-0.0090373
b02_pop,-0.00025055,-0.014028,-0.016306,-0.0053579,1,-0.24214,0.00031792,-0.0026107,0.00011869,-0.0013823,0.001292,-0.0016752,-0.0016844,0.002373,-0.0002016,0.0026495,0.0044627,0.019773,-0.0017308,0.0039402,-0.00089704,0.0066567,0.002239,0.0026962,0.0071335,0.00032636,0.0051363,0.0047099,0.0058188,0.00035346,0.0017235,0.0005191,0.00046174,nan,0.00065503,0.013228,0.017727,-0.0061119,-0.018066,0.0052234,-6.8221e-05,-0.00012068,0.00045793,-0.0025625,-0.00063779,0.00017956,-0.0015575,0.0018143,0.00063226,0.0067481,-0.0062634,-0.0034997,-0.0012684,-0.00084611,0.00077048,0.0023393,-0.00077709
b12_pop,-0.0023704,0.010317,0.0055285,0.018301,-0.24214,1,-0.0014256,0.011795,-0.00087054,0.0050844,-0.0021195,0.0029145,0.0037262,-0.0065556,0.0026129,0.0032577,-0.016233,-0.049925,-0.012434,0.034636,0.0054404,-0.0023944,0.022201,0.037027,0.020072,0.0027155,0.043105,0.036839,0.056583,0.0029439,0.02008,0.0081045,0.0040175,nan,-0.00078066,-0.010338,-0.011394,-0.018142,0.0037224,0.035448,0.0021954,-0.0024435,-0.0014053,-0.00088435,-0.0022878,0.001188,-0.0017228,-0.0045593,-0.000126,-0.0094662,0.0021302,-0.0015293,0.00057483,0.002035,0.0011806,-0.00085449,0.0038081
b03_pop,-0.00026589,0.005237,0.0073184,0.0050504,0.00031792,-0.0014256,1,-0.13924,-0.00025297,-0.00053374,-0.0013579,0.0019127,-0.00016359,0.0021918,0.0015991,-0.002196,-0.0031959,-0.015268,4.1186e-05,-0.00015637,-0.00089697,-0.00029874,0.0017857,0.0024931,-0.0022047,-1.0804e-05,0.00045081,9.3137e-05,0.00042758,-9.9748e-06,-0.00039047,0.0010399,-9.2112e-06,nan,-0.00058223,-0.0029098,-0.0083021,-0.00018782,0.002968,-0.0010159,-0.00048068,0.014939,-0.00034658,0.0010322,-0.00080629,-0.0012029,0.00039654,0.001557,0.00093021,0.0012822,0.002802,-0.00070939,-0.004179,-0.0013368,0.0011978,-0.0012614,-0.00018162
b13_pop,0.0026481,-0.0068312,-0.0056429,0.0036787,-0.0026107,0.011795,-0.13924,1,-0.00010248,0.0046447,0.0017383,-0.0042921,0.00040976,-0.0032958,-0.0013263,-0.00048758,-0.047135,0.049215,-0.010579,0.013306,0.044426,-0.022621,0.033885,-0.0040921,-0.01156,0.00093768,0.012022,0.0091815,0.023707,0.0010126,0.018521,0.0095511,0.0014663,nan,0.0016471,-4.0619e-05,0.0014918,-0.0085745,-0.0075379,0.0011074,0.0087117,-0.044998,0.0010612,-0.00039393,-0.00097274,0.0018617,-0.0031399,0.0024297,-0.00085274,-0.0019468,-0.00079827,0.0014775,0.0096328,0.00079859,0.00078136,0.0024621,0.0004133
b04_pop,0.0012851,-0.0035608,-0.0023314,-0.0032468,0.00011869,-0.00087054,-0.00025297,-0.00010248,1,-0.10718,-0.00011257,-0.00061438,0.0008591,-1.6096e-05,0.00026013,-0.00089005,-0.0042704,0.0025535,-0.0022597,0.001326,0.0033748,-0.0052764,0.0053646,0.0058623,0.0019884,0.00012092,0.0047613,0.0052824,0.0057887,0.00012618,0.01077,0.0019006,0.0001755,nan,0.00073293,0.0032665,0.0032146,0.0012814,0.00023369,0.00040263,-0.00013154,0.00067051,-0.0059035,-0.0024315,4.0489e-05,0.0010535,0.00043491,0.0013163,4.0952e-05,-0.0006218,0.00032266,0.00049265,-0.00011754,0.0013842,-0.00031379,-0.00066765,0.0010225
b14_pop,-0.00044689,0.01142,-0.0010186,-0.0019643,-0.0013823,0.0050844,-0.00053374,0.0046447,-0.10718,1,-0.0017576,0.0075363,-0.0013264,0.0030533,-0.00097079,0.0088612,-0.05561,-0.034925,-0.036547,0.050731,0.029665,-0.054386,0.057724,0.070073,0.01689,0.0038394,0.055545,0.054362,0.064332,0.0041369,0.092674,0.021206,0.0057751,nan,-5.7166e-05,-0.0018788,-0.00064217,0.0017874,-0.0051295,0.0024249,0.0040961,-0.0058496,-0.0040412,0.036077,0.0019942,-0.0034924,0.0010852,-0.0036944,-0.0015902,0.0051092,-0.0035061,6.52e-05,0.00076229,-0.0025635,0.00017456,0.00054669,0.00072138
b05_pop,0.00086275,-0.0038119,-0.0019491,0.001709,0.001292,-0.0021195,-0.0013579,0.0017383,-0.00011257,-0.0017576,1,-0.1542,0.00012105,-0.00014282,-0.0010113,0.0031664,-8.9923e-05,-0.0021048,-0.00098738,-0.0017081,-0.00010446,0.00074687,-0.00036197,-0.0013163,-0.0017766,-0.0001149,-0.0010303,-0.0024281,-0.0012087,-0.0001245,-0.00072329,0.0058376,-0.00017053,nan,0.00012741,0.0047469,0.00083108,-0.0052893,0.0013411,0.0022646,6.3686e-05,7.1679e-05,-0.00019632,-0.0016698,0.044102,-0.00018763,0.00018474,-0.0015742,-0.0011735,0.00015217,-0.00018112,0.00020336,0.00013199,4.0899e-05,-0.023421,0.0013663,0.00076563
b15_pop,0.0028231,0.0050381,0.0095717,-0.0064639,-0.0016752,0.0029145,0.0019127,-0.0042921,-0.00061438,0.0075363,-0.1542,1,0.00098193,-0.0062775,0.0006251,-0.00053887,-0.0097223,0.0079015,-0.0085902,0.0029061,0.0055177,-0.0045015,0.0065802,0.0070536,0.0097434,0.00022347,0.0051809,0.0062237,0.0092806,0.00023508,0.0090447,0.02835,0.0003008,nan,0.00039013,-0.00066894,-0.0057602,0.0048338,-0.00052784,-0.0085935,-7.0471e-05,-0.0019977,-0.0012262,0.0013062,-0.011371,-0.02847,0.001336,0.0023996,0.0021676,0.0025966,0.0025195,0.00019464,-0.00071894,0.00093434,0.023918,-0.0014252,-0.00093085
b06_pop,1.6767e-05,-0.016523,-0.018433,4.2009e-05,-0.0016844,0.0037262,-0.00016359,0.00040976,0.0008591,-0.0013264,0.00012105,0.00098193,1,-0.17812,-0.00031629,-0.000832,-0.00059939,-0.00064206,-0.00093937,0.0011447,0.0014233,0.00037318,0.00083642,-0.0002843,0.00028613,0.00029412,0.00044196,0.001325,0.00086342,0.00031968,0.00092564,0.00049562,0.00044403,nan,-1.2227e-05,0.012658,0.014471,-0.012513,-0.002245,-0.0015975,-0.00068866,0.00021003,0.0011175,-0.0060508,-0.00068702,0.0028005,0.065652,-0.010844,0.00076279,0.00080549,-0.0023951,0.00066894,0.00050552,0.0015777,0.00096061,-0.041873,-0.0012326
b16_pop,-0.0029333,0.015203,0.010718,0.0090474,0.002373,-0.0065556,0.0021918,-0.0032958,-1.6096e-05,0.0030533,-0.00014282,-0.0062775,-0.17812,1,0.00016598,0.00019768,0.0012308,0.00075887,0.00046565,-0.00038297,-0.0008825,3.848e-05,-0.0021129,-0.00028455,-0.00043863,0.00063733,-0.00060248,-0.00078122,-0.0011691,0.00069464,-0.00090847,-0.001386,0.00097251,nan,-3.7034e-05,-0.019075,-0.010095,0.0062134,-0.00020821,0.004648,0.00049808,0.0055691,-0.00066543,0.0065065,9.4045e-05,0.00077879,-0.010107,0.024551,-0.0016384,0.0034426,0.00098571,-0.0017382,-0.0016873,-0.0018755,-0.00013798,0.010866,-8.1487e-05
b07_pop,-0.0030234,0.0009973,-0.0020952,0.0014789,-0.0002016,0.0026129,0.0015991,-0.0013263,0.00026013,-0.00097079,-0.0010113,0.0006251,-0.00031629,0.00016598,1,-0.13821,-0.011536,-0.0066909,-0.0028264,0.0050432,0.0081918,-0.0051747,0.0063829,0.003359,-0.00074919,0.00033908,0.013054,0.0027196,0.0082888,0.00037025,0.004837,0.001068,0.0005441,nan,-0.002372,-0.0028495,0.0012501,0.0033531,-0.00032751,0.00083604,0.00060094,-0.0019283,0.00060804,-0.00024846,0.00080161,-0.00067443,-0.00033435,-0.00025773,0.10905,-0.018773,0.00085319,-2.6404e-05,6.8713e-05,-0.00044793,-0.0018455,0.0011971,-0.043187
b17_pop,0.007043,0.0034485,0.012189,0.005116,0.0026495,0.0032577,-0.002196,-0.00048758,-0.00089005,0.0088612,0.0031664,-0.00053887,-0.000832,0.00019768,-0.13821,1,-0.059673,-0.0038677,-0.017632,0.033639,0.049384,-0.031434,0.042602,0.028596,0.0080198,0.0022944,0.0797,0.031752,0.054668,0.0024958,0.039055,0.011967,0.0036029,nan,0.0021903,0.0012033,-0.015127,-0.01395,-0.0036685,0.015717,-0.0041399,0.0025457,-0.00074206,0.0043361,-0.0010641,0.00044835,-0.00031728,-0.00088519,-0.045134,0.061528,0.0016695,0.0011737,0.0016946,0.0016146,0.0015427,-0.00034589,0.022167
p1_pop,-0.0045681,-0.042937,0.0055539,-0.00042319,0.0044627,-0.016233,-0.0031959,-0.047135,-0.0042704,-0.05561,-8.9923e-05,-0.0097223,-0.00059939,0.0012308,-0.011536,-0.059673,1,0.0058658,0.25536,-0.44066,-0.75786,0.69665,-0.8778,-0.3045,0.16501,-0.03165,-0.67636,-0.41191,-0.75883,-0.034296,-0.56998,-0.23789,-0.049405,nan,0.0032989,-0.028584,0.020207,0.01464,0.033643,-0.10988,-0.013548,0.046142,-0.001211,-0.0075149,0.0011942,0.023061,0.001977,-0.0016301,0.015282,-0.0080405,-0.0046866,-0.0075328,-0.010205,-0.0024116,-0.012612,0.0010542,-0.028417
g1_pop,-0.002879,0.025504,0.023874,-0.020517,0.019773,-0.049925,-0.015268,0.049215,0.0025535,-0.034925,-0.0021048,0.0079015,-0.00064206,0.00075887,-0.0066909,-0.0038677,0.0058658,1,0.031037,-0.10116,0.23802,0.13292,-0.05237,-0.21037,-0.085234,-0.0072905,-0.22603,-0.10101,-0.14812,-0.0079148,-0.096832,0.0042872,-0.011167,nan,-0.0087884,0.03253,-0.014395,0.0073921,0.00023069,-0.0058457,-0.0082002,0.034386,-1.6706e-05,0.0013737,0.0012419,0.00062854,0.00062805,0.0008354,0.0062609,0.0020889,0.014035,-0.0024285,-0.0012802,-0.0014329,-0.0014292,-1.0581e-05,-0.010814
p2_pop,0.004231,0.041958,0.016022,0.019914,-0.0017308,-0.012434,4.1186e-05,-0.010579,-0.0022597,-0.036547,-0.00098738,-0.0085902,-0.00093937,0.00046565,-0.0028264,-0.017632,0.25536,0.031037,1,-0.44424,-0.22412,0.20248,-0.24056,-0.031678,0.144,-0.03247,-0.20267,-0.046575,-0.27883,-0.0351,-0.273,-0.31757,-0.049298,nan,0.0068616,0.010781,-0.020667,0.0059374,0.009844,-0.037122,-0.0033241,0.013856,-0.00034197,-0.0020139,0.00087248,0.026103,-0.00078404,0.0015326,0.0056431,-0.00093677,-0.013452,-0.0016383,-0.0029049,-0.0018496,-0.01379,0.0014088,-0.0098153
g2_pop,0.0072855,0.0073313,-0.035334,0.0014801,0.0039402,0.034636,-0.00015637,0.013306,0.001326,0.050731,-0.0017081,0.0029061,0.0011447,-0.00038297,0.0050432,0.033639,-0.44066,-0.10116,-0.44424,1,0.30173,-0.35506,0.38886,0.29328,0.069799,0.068964,0.40786,0.44497,0.5757,0.074851,0.37663,0.032604,0.10435,nan,0.0031445,-0.0029511,0.010265,-0.029891,-0.0144,0.072998,0.0056291,-0.023365,-0.00059115,0.0021623,-0.0016691,-0.0032368,-0.00051507,0.00074127,-0.012083,0.0026802,-0.014044,0.002175,0.0051155,0.0026178,0.001847,-0.0015099,0.018532
alpha11_pop,0.0016032,0.040265,0.0048438,0.028442,-0.00089704,0.0054404,-0.00089697,0.044426,0.0033748,0.029665,-0.00010446,0.0055177,0.0014233,-0.0008825,0.0081918,0.049384,-0.75786,0.23802,-0.22412,0.30173,1,-0.51902,0.59201,0.053272,-0.37641,0.020629,0.53794,0.2047,0.54144,0.022414,0.3811,0.19973,0.033241,nan,-0.010683,-0.0069786,-0.029885,-0.0039084,-0.02727,0.084339,0.0079303,-0.020246,0.00098794,0.0049705,0.0016473,-0.024311,-0.0040504,0.0027792,-0.011999,0.0079677,0.050661,0.0062656,0.0046203,0.0016643,0.013784,-0.00085645,0.022775
alpha12_pop,-0.001228,-0.020927,0.0093937,0.0071827,0.0066567,-0.0023944,-0.00029874,-0.022621,-0.0052764,-0.054386,0.00074687,-0.0045015,0.00037318,3.848e-05,-0.0051747,-0.031434,0.69665,0.13292,0.20248,-0.35506,-0.51902,1,-0.586,-0.28872,0.21438,-0.025984,-0.37107,-0.33275,-0.64348,-0.027967,-0.512,-0.20197,-0.040535,nan,0.004765,-0.020439,0.00992,0.0094644,0.061254,-0.097134,-0.0083738,0.032462,-0.00058903,-0.0097376,0.00065559,0.022843,0.00047997,0.00082935,0.0095303,-0.0032531,-0.00072277,-0.017028,-0.0060493,-0.0028743,-0.010541,7.6908e-05,-0.015564
alpha13_pop,-0.00059917,0.033643,-0.0039234,-0.0058907,0.002239,0.022201,0.0017857,0.033885,0.0053646,0.057724,-0.00036197,0.0065802,0.00083642,-0.0021129,0.0063829,0.042602,-0.8778,-0.05237,-0.24056,0.38886,0.59201,-0.586,1,0.34966,-0.2534,0.028701,0.48566,0.38975,0.6818,0.031117,0.53386,0.24371,0.044519,nan,-0.006911,0.029873,-0.016631,-0.020347,-0.02913,0.095706,0.012999,-0.066979,-3.5978e-05,0.0063722,-0.0012056,-0.025938,-0.00088202,0.00064866,-0.012149,0.0052087,0.0052991,0.0062014,0.013902,0.0024552,0.012547,-0.00094762,0.02194
alpha14_pop,0.0045133,0.012691,-0.018259,-0.0072228,0.0026962,0.037027,0.0024931,-0.0040921,0.0058623,0.070073,-0.0013163,0.0070536,-0.0002843,-0.00028455,0.003359,0.028596,-0.3045,-0.21037,-0.031678,0.29328,0.053272,-0.28872,0.34966,1,0.44346,0.023755,0.36956,0.46577,0.46656,0.025715,0.36954,0.055447,0.034675,nan,0.0078046,0.015838,-0.005095,-0.029985,-0.012299,0.056263,0.0060069,-0.028794,-0.0063277,-0.00022011,-0.0049085,0.0056469,-6.144e-05,0.0009261,-0.013345,0.00067116,-0.029676,0.002267,0.0054015,0.0037132,0.0010917,-0.00096718,0.017286
alpha15_pop,0.0022838,0.0034592,-0.0097864,-0.0066051,0.0071335,0.020072,-0.0022047,-0.01156,0.0019884,0.01689,-0.0017766,0.0097434,0.00028613,-0.00043863,-0.00074919,0.0080198,0.16501,-0.085234,0.144,0.069799,-0.37641,0.21438,-0.2534,0.44346,1,0.0074479,0.092779,0.25234,0.044011,0.0079083,0.035353,-0.11163,0.0083823,nan,0.0093468,0.0063119,-0.00012347,-0.027516,0.015308,-0.0039321,-0.0037138,0.017165,-0.0029303,-0.0027362,-0.0075371,0.03297,0.00092621,0.0016315,-0.006179,-0.00010407,-0.035385,-0.0049627,-0.0019456,0.00091607,-0.009826,-0.00062975,0.0051664
alpha16_pop,0.00052393,0.00064029,-0.002708,0.00015401,0.00032636,0.0027155,-1.0804e-05,0.00093768,0.00012092,0.0038394,-0.0001149,0.00022347,0.00029412,0.00063733,0.00033908,0.0022944,-0.03165,-0.0072905,-0.03247,0.068964,0.020629,-0.025984,0.028701,0.023755,0.0074479,1,0.027938,0.034431,0.043877,0.87261,0.028303,0.0027032,0.65754,nan,0.00024245,-0.00031643,0.00074058,-0.0023443,-0.0010539,0.0055445,0.00039674,-0.0017769,-6.2482e-05,0.0001714,-0.00013601,-0.00018455,8.729e-05,0.00010283,-0.00081311,0.00016863,-0.0011675,0.00012841,0.00038785,0.00021251,0.00012129,-2.0606e-05,0.0012646
alpha17_pop,0.0043247,0.019909,-0.0058573,-0.00073836,0.0051363,0.043105,0.00045081,0.012022,0.0047613,0.055545,-0.0010303,0.0051809,0.00044196,-0.00060248,0.013054,0.0797,-0.67636,-0.22603,-0.20267,0.40786,0.53794,-0.37107,0.48566,0.36956,0.092779,0.027938,1,0.35866,0.65669,0.030418,0.45262,0.12326,0.043969,nan,-0.00041818,0.013998,-0.013615,-0.011693,-0.014877,0.08719,0.0081345,-0.02708,-0.00039557,0.0027227,-0.0029308,-0.0072927,-0.0028026,0.002405,-0.029491,0.011103,0.0052866,0.0023352,0.005462,0.0024778,0.0079862,-0.0017777,0.044068
alpha21_pop,0.007673,0.046868,-0.031588,-0.0039057,0.0047099,0.036839,9.3137e-05,0.0091815,0.0052824,0.054362,-0.0024281,0.0062237,0.001325,-0.00078122,0.0027196,0.031752,-0.41191,-0.10101,-0.046575,0.44497,0.2047,-0.33275,0.38975,0.46577,0.25234,0.034431,0.35866,1,0.55255,0.037252,0.46721,0.032579,0.051433,nan,0.0075936,0.013808,-0.024967,-0.065759,-0.013837,0.068437,0.0057308,-0.025448,-0.00057374,0.0028516,-0.0033479,0.0024112,-0.00053397,0.00065654,-0.011642,0.0023342,-0.037406,0.0020052,0.005557,0.0026145,0.00087072,-0.001574,0.016779
alpha22_pop,0.0020382,0.028811,-0.016405,-0.0024618,0.0058188,0.056583,0.00042758,0.023707,0.0057887,0.064332,-0.0012087,0.0092806,0.00086342,-0.0011691,0.0082888,0.054668,-0.75883,-0.14812,-0.27883,0.5757,0.54144,-0.64348,0.6818,0.46656,0.044011,0.043877,0.65669,0.55255,1,0.047432,0.53648,0.24336,0.066287,nan,-0.0023064,0.016469,-0.016236,-0.029462,-0.027049,0.12728,0.0095648,-0.040875,-0.00084906,0.0051613,-0.0030424,-0.0193,-0.00095604,0.0015336,-0.01874,0.0052832,-0.0025955,0.0047571,0.0087043,0.0033987,0.011546,-0.0021491,0.029188
alpha23_pop,0.00057164,0.0007022,-0.0029387,0.00018089,0.00035346,0.0029439,-9.9748e-06,0.0010126,0.00012618,0.0041369,-0.0001245,0.00023508,0.00031968,0.00069464,0.00037025,0.0024958,-0.034296,-0.0079148,-0.0351,0.074851,0.022414,-0.027967,0.031117,0.025715,0.0079083,0.87261,0.030418,0.037252,0.047432,1,0.030342,0.0027875,0.71613,nan,0.00026537,-0.00034922,0.00080652,-0.002533,-0.001129,0.0059941,0.00043113,-0.0019285,-6.9214e-05,0.00018161,-0.00014514,-0.00019354,9.3355e-05,0.00011238,-0.0008847,0.0001845,-0.0012603,0.0001356,0.00042058,0.00022783,0.00012733,-2.1328e-05,0.0013763
alpha24_pop,0.0028596,0.011654,-0.0091842,-0.016375,0.0017235,0.02008,-0.00039047,0.018521,0.01077,0.092674,-0.00072329,0.0090447,0.00092564,-0.00090847,0.004837,0.039055,-0.56998,-0.096832,-0.273,0.37663,0.3811,-0.512,0.53386,0.36954,0.035353,0.028303,0.45262,0.46721,0.53648,0.030342,1,0.22828,0.042826,nan,-0.0012279,0.018578,-0.012099,-0.02716,-0.029132,0.073819,0.0070123,-0.032698,0.0021602,0.0085686,-0.0031702,-0.016482,0.00052282,0.00051515,-0.013155,0.0050552,-0.011816,0.0064779,0.0064605,0.0067939,0.010187,-0.0017522,0.02046
alpha25_pop,0.00039235,-0.0015427,-0.0015865,-0.005898,0.0005191,0.0081045,0.0010399,0.0095511,0.0019006,0.021206,0.0058376,0.02835,0.00049562,-0.001386,0.001068,0.011967,-0.23789,0.0042872,-0.31757,0.032604,0.19973,-0.20197,0.24371,0.055447,-0.11163,0.0027032,0.12326,0.032579,0.24336,0.0027875,0.22828,1,0.0040897,nan,-0.0025355,0.0055572,1.2872e-05,0.0044196,-0.011405,0.03195,0.0031444,-0.014838,0.00017229,0.001854,-0.0043124,-0.069256,0.0010817,-0.0021984,-0.0036851,0.0017778,0.00076065,0.0024524,0.0031115,0.0023561,0.042941,-0.0009448,0.0065068
alpha26_pop,0.00080144,0.0010074,-0.0040568,0.00026797,0.00046174,0.0040175,-9.2112e-06,0.0014663,0.0001755,0.0057751,-0.00017053,0.0003008,0.00044403,0.00097251,0.0005441,0.0036029,-0.049405,-0.011167,-0.049298,0.10435,0.033241,-0.040535,0.044519,0.034675,0.0083823,0.65754,0.043969,0.051433,0.066287,0.71613,0.042826,0.0040897,1,nan,0.00034298,-0.0004646,0.0011038,-0.0034344,-0.0016838,0.008441,0.00062139,-0.0027407,-8.3681e-05,0.00027182,-0.0001844,-0.00035005,0.0001211,0.00015508,-0.0012679,0.0002837,-0.0016444,0.00022345,0.00059259,0.00031613,0.00020676,-2.7106e-05,0.0019813
alpha27_pop,nan,nan,nan,nan,nan,nan,nan,nan,nan,nan,nan,nan,nan,nan,nan,nan,nan,nan,nan,nan,nan,nan,nan,nan,nan,nan,nan,nan,nan,nan,nan,nan,nan,nan,nan,nan,nan,nan,nan,nan,nan,nan,nan,nan,nan,nan,nan,nan,nan,nan,nan,nan,nan,nan,nan,nan,nan
omega_b01,0.21611,-0.062971,0.064206,-0.073438,0.00065503,-0.00078066,-0.00058223,0.0016471,0.00073293,-5.7166e-05,0.00012741,0.00039013,-1.2227e-05,-3.7034e-05,-0.002372,0.0021903,0.0032989,-0.0087884,0.0068616,0.0031445,-0.010683,0.004765,-0.006911,0.0078046,0.0093468,0.00024245,-0.00041818,0.0075936,-0.0023064,0.00026537,-0.0012279,-0.0025355,0.00034298,nan,1,0.051374,-0.012041,0.0057627,-0.00066212,-0.001464,-0.00064858,0.0017174,0.00016731,0.0040645,-0.0031374,0.00070859,-0.0041782,0.00095562,-0.0030111,0.0056694,-0.1573,0.0014202,0.0011081,-4.6056e-05,0.0043611,0.00081783,0.0021081
omega_b11,0.075098,-0.50512,-0.31717,-0.37327,0.013228,-0.010338,-0.0029098,-4.0619e-05,0.0032665,-0.0018788,0.0047469,-0.00066894,0.012658,-0.019075,-0.0028495,0.0012033,-0.028584,0.03253,0.010781,-0.0029511,-0.0069786,-0.020439,0.029873,0.015838,0.0063119,-0.00031643,0.013998,0.013808,0.016469,-0.00034922,0.018578,0.0055572,-0.0004646,nan,0.051374,1,0.38948,-0.033257,0.0036658,0.0092229,0.0046487,-0.004196,-0.00097373,-0.014967,0.0069601,0.0031125,0.0073388,-0.0054504,-0.0041082,-0.013665,-0.09264,-0.0038541,0.0070239,0.0059012,-0.032615,-0.008224,0.010298
omega_b21,-0.077661,-0.45506,-0.67474,-0.19654,0.017727,-0.011394,-0.0083021,0.0014918,0.0032146,-0.00064217,0.00083108,-0.0057602,0.014471,-0.010095,0.0012501,-0.015127,0.020207,-0.014395,-0.020667,0.010265,-0.029885,0.00992,-0.016631,-0.005095,-0.00012347,0.00074058,-0.013615,-0.024967,-0.016236,0.00080652,-0.012099,1.2872e-05,0.0011038,nan,-0.012041,0.38948,1,-0.087636,0.0039129,0.0074288,0.0061849,-0.001111,-0.00025479,-0.039232,0.0051337,-0.0099622,0.0084763,-0.010184,-0.0036411,-0.019214,-0.15349,-0.005355,0.0072911,0.012332,-0.015938,-0.010924,0.011303
omega_a1,0.047825,0.11988,0.21779,-0.48027,-0.0061119,-0.018142,-0.00018782,-0.0085745,0.0012814,0.0017874,-0.0052893,0.0048338,-0.012513,0.0062134,0.0033531,-0.01395,0.01464,0.0073921,0.0059374,-0.029891,-0.0039084,0.0094644,-0.020347,-0.029985,-0.027516,-0.0023443,-0.011693,-0.065759,-0.029462,-0.002533,-0.02716,0.0044196,-0.0034344,nan,0.0057627,-0.033257,-0.087636,1,0.0069768,-0.00060503,-0.00401,-0.010793,-0.0020895,0.027753,-0.00451,-0.016372,-0.001045,-0.002645,-0.0036713,0.025114,0.068154,-0.0010932,0.00048904,-0.0047349,0.016926,-0.0046534,-0.00048172
omega_b02,0.0013666,-0.0026469,-0.0017233,-0.010617,-0.018066,0.0037224,0.002968,-0.0075379,0.00023369,-0.0051295,0.0013411,-0.00052784,-0.002245,-0.00020821,-0.00032751,-0.0036685,0.033643,0.00023069,0.009844,-0.0144,-0.02727,0.061254,-0.02913,-0.012299,0.015308,-0.0010539,-0.014877,-0.013837,-0.027049,-0.001129,-0.029132,-0.011405,-0.0016838,nan,-0.00066212,0.0036658,0.0039129,0.0069768,1,-0.079523,0.00041728,0.00098865,-0.00046415,0.0011756,-0.001946,0.00097036,0.0011035,-0.0017308,-0.00060004,-0.0022667,0.0063512,-0.10499,-0.00072903,-0.00083847,-0.0014221,-0.0045371,0.0020896
omega_b12,-0.0023449,-0.0053919,-0.014564,-0.0075889,0.0052234,0.035448,-0.0010159,0.0011074,0.00040263,0.0024249,0.0022646,-0.0085935,-0.0015975,0.004648,0.00083604,0.015717,-0.10988,-0.0058457,-0.037122,0.072998,0.084339,-0.097134,0.095706,0.056263,-0.0039321,0.0055445,0.08719,0.068437,0.12728,0.0059941,0.073819,0.03195,0.008441,nan,-0.001464,0.0092229,0.0074288,-0.00060503,-0.079523,1,-0.0022025,-0.0046282,-0.00098048,0.0067126,0.0026203,0.0017692,0.0018023,0.001034,-0.00027687,0.009277,-0.001799,-0.037196,0.0022384,-0.0016893,-0.001297,0.0014581,0.0031204
omega_b03,-0.0024316,-0.0022148,-0.0066389,-0.0020007,-6.8221e-05,0.0021954,-0.00048068,0.0087117,-0.00013154,0.0040961,6.3686e-05,-7.0471e-05,-0.00068866,0.00049808,0.00060094,-0.0041399,-0.013548,-0.0082002,-0.0033241,0.0056291,0.0079303,-0.0083738,0.012999,0.0060069,-0.0037138,0.00039674,0.0081345,0.0057308,0.0095648,0.00043113,0.0070123,0.0031444,0.00062139,nan,-0.00064858,0.0046487,0.0061849,-0.00401,0.00041728,-0.0022025,1,-0.031816,-0.000579,-0.0022968,0.0019331,0.00096191,-0.0011815,-0.0026751,0.00024933,0.00034473,-0.0010334,-0.00070547,-0.081473,0.0016604,-0.0023265,0.00054603,-5.1385e-05
omega_b13,0.001839,-0.0013072,0.004566,0.0096288,-0.00012068,-0.0024435,0.014939,-0.044998,0.00067051,-0.0058496,7.1679e-05,-0.0019977,0.00021003,0.0055691,-0.0019283,0.0025457,0.046142,0.034386,0.013856,-0.023365,-0.020246,0.032462,-0.066979,-0.028794,0.017165,-0.0017769,-0.02708,-0.025448,-0.040875,-0.0019285,-0.032698,-0.014838,-0.0027407,nan,0.0017174,-0.004196,-0.001111,-0.010793,0.00098865,-0.0046282,-0.031816,1,-0.00020733,-0.001996,-0.0021304,0.0017853,-0.0019095,0.00090438,-0.0029202,-0.00019245,0.0017742,0.0004029,-0.040305,-0.00065704,6.4933e-05,0.0011515,0.0011007
omega_b04,-0.00092685,0.0014513,0.000406,0.0007585,0.00045793,-0.0014053,-0.00034658,0.0010612,-0.0059035,-0.0040412,-0.00019632,-0.0012262,0.0011175,-0.00066543,0.00060804,-0.00074206,-0.001211,-1.6706e-05,-0.00034197,-0.00059115,0.00098794,-0.00058903,-3.5978e-05,-0.0063277,-0.0029303,-6.2482e-05,-0.00039557,-0.00057374,-0.00084906,-6.9214e-05,0.0021602,0.00017229,-8.3681e-05,nan,0.00016731,-0.00097373,-0.00025479,-0.0020895,-0.00046415,-0.00098048,-0.000579,-0.00020733,1,-0.0079141,-0.00047223,0.00082374,0.00084712,-0.00056643,0.00081204,0.0012015,-0.0013222,0.00037242,0.00060391,-0.046097,0.00048292,-0.00078341,-0.0016769
omega_b14,0.0070756,0.026313,0.040748,-0.01055,-0.0025625,-0.00088435,0.0010322,-0.00039393,-0.0024315,0.036077,-0.0016698,0.0013062,-0.0060508,0.0065065,-0.00024846,0.0043361,-0.0075149,0.0013737,-0.0020139,0.0021623,0.0049705,-0.0097376,0.0063722,-0.00022011,-0.0027362,0.0001714,0.0027227,0.0028516,0.0051613,0.00018161,0.0085686,0.001854,0.00027182,nan,0.0040645,-0.014967,-0.039232,0.027753,0.0011756,0.0067126,-0.0022968,-0.001996,-0.0079141,1,0.0010442,0.0039572,0.0020064,0.0016187,0.0020078,-0.011881,0.010117,-0.0015689,-0.00036124,-0.088036,-0.0030949,0.0022946,0.0017383
omega_b05,-0.0014756,-0.0033428,-0.0030903,-0.00013228,-0.00063779,-0.0022878,-0.00080629,-0.00097274,4.0489e-05,0.0019942,0.044102,-0.011371,-0.00068702,9.4045e-05,0.00080161,-0.0010641,0.0011942,0.0012419,0.00087248,-0.0016691,0.0016473,0.00065559,-0.0012056,-0.0049085,-0.0075371,-0.00013601,-0.0029308,-0.0033479,-0.0030424,-0.00014514,-0.0031702,-0.0043124,-0.0001844,nan,-0.0031374,0.0069601,0.0051337,-0.00451,-0.001946,0.0026203,0.0019331,-0.0021304,-0.00047223,0.0010442,1,0.0029016,0.0011974,-5.7861e-06,-0.0011517,0.0013365,0.0023181,-0.00013103,0.00087489,-0.00058269,-0.1509,0.0022916,-0.0012952
omega_b15,0.0017073,-0.001892,0.0039238,0.011293,0.00017956,0.001188,-0.0012029,0.0018617,0.0010535,-0.0034924,-0.00018763,-0.02847,0.0028005,0.00077879,-0.00067443,0.00044835,0.023061,0.00062854,0.026103,-0.0032368,-0.024311,0.022843,-0.025938,0.0056469,0.03297,-0.00018455,-0.0072927,0.0024112,-0.0193,-0.00019354,-0.016482,-0.069256,-0.00035005,nan,0.00070859,0.0031125,-0.0099622,-0.016372,0.00097036,0.0017692,0.00096191,0.0017853,0.00082374,0.0039572,0.0029016,1,0.0012814,0.0091281,-0.00070622,-0.0015498,-0.0010457,-0.0012403,0.0010724,-0.0040205,-0.10575,0.00016486,0.00026797
omega_b06,-0.0025588,-0.0075274,-0.0078661,-0.0062138,-0.0015575,-0.0017228,0.00039654,-0.0031399,0.00043491,0.0010852,0.00018474,0.001336,0.065652,-0.010107,-0.00033435,-0.00031728,0.001977,0.00062805,-0.00078404,-0.00051507,-0.0040504,0.00047997,-0.00088202,-6.144e-05,0.00092621,8.729e-05,-0.0028026,-0.00053397,-0.00095604,9.3355e-05,0.00052282,0.0010817,0.0001211,nan,-0.0041782,0.0073388,0.0084763,-0.001045,0.0011035,0.0018023,-0.0011815,-0.0019095,0.00084712,0.0020064,0.0011974,0.0012814,1,-0.024592,0.001222,-0.0031992,0.0050728,-0.001682,0.00099272,-0.0011706,-0.0012067,-0.14278,-0.0012366
omega_b16,-0.0027942,0.0062515,0.0036673,0.0080798,0.0018143,-0.0045593,0.001557,0.0024297,0.0013163,-0.0036944,-0.0015742,0.0023996,-0.010844,0.024551,-0.00025773,-0.00088519,-0.0016301,0.0008354,0.0015326,0.00074127,0.0027792,0.00082935,0.00064866,0.0009261,0.0016315,0.00010283,0.002405,0.00065654,0.0015336,0.00011238,0.00051515,-0.0021984,0.00015508,nan,0.00095562,-0.0054504,-0.010184,-0.002645,-0.0017308,0.001034,-0.0026751,0.00090438,-0.00056643,0.0016187,-5.7861e-06,0.0091281,-0.024592,1,-0.005174,-0.0046649,5.8694e-05,0.00037928,-0.00081852,0.0021055,-0.001326,-0.067521,0.0022362
omega_b07,-0.0036515,0.0034398,0.0027195,0.0059915,0.00063226,-0.000126,0.00093021,-0.00085274,4.0952e-05,-0.0015902,-0.0011735,0.0021676,0.00076279,-0.0016384,0.10905,-0.045134,0.015282,0.0062609,0.0056431,-0.012083,-0.011999,0.0095303,-0.012149,-0.013345,-0.006179,-0.00081311,-0.029491,-0.011642,-0.01874,-0.0008847,-0.013155,-0.0036851,-0.0012679,nan,-0.0030111,-0.0041082,-0.0036411,-0.0036713,-0.00060004,-0.00027687,0.00024933,-0.0029202,0.00081204,0.0020078,-0.0011517,-0.00070622,0.001222,-0.005174,1,0.0042308,0.0015085,0.00030512,0.00011547,-0.00096354,-0.00035626,0.0017636,-0.10761
omega_b17,0.0027731,0.02121,0.021309,-0.015814,0.0067481,-0.0094662,0.0012822,-0.0019468,-0.0006218,0.0051092,0.00015217,0.0025966,0.00080549,0.0034426,-0.018773,0.061528,-0.0080405,0.0020889,-0.00093677,0.0026802,0.0079677,-0.0032531,0.0052087,0.00067116,-0.00010407,0.00016863,0.011103,0.0023342,0.0052832,0.0001845,0.0050552,0.0017778,0.0002837,nan,0.0056694,-0.013665,-0.019214,0.025114,-0.0022667,0.009277,0.00034473,-0.00019245,0.0012015,-0.011881,0.0013365,-0.0015498,-0.0031992,-0.0046649,0.0042308,1,0.0048698,0.0021958,-0.0022745,0.0011901,0.0020349,0.00027647,-0.071412
b_1,-0.058375,0.097239,0.1279,-0.04981,-0.0062634,0.0021302,0.002802,-0.00079827,0.00032266,-0.0035061,-0.00018112,0.0025195,-0.0023951,0.00098571,0.00085319,0.0016695,-0.0046866,0.014035,-0.013452,-0.014044,0.050661,-0.00072277,0.0052991,-0.029676,-0.035385,-0.0011675,0.0052866,-0.037406,-0.0025955,-0.0012603,-0.011816,0.00076065,-0.0016444,nan,-0.1573,-0.09264,-0.15349,0.068154,0.0063512,-0.001799,-0.0010334,0.0017742,-0.0013222,0.010117,0.0023181,-0.0010457,0.0050728,5.8694e-05,0.0015085,0.0048698,1,-0.00020779,-0.0057278,-0.006962,-0.0014134,-0.0056044,-0.0022228
a_2,0.0010347,0.005092,0.0066547,0.002448,-0.0034997,-0.0015293,-0.00070939,0.0014775,0.00049265,6.52e-05,0.00020336,0.00019464,0.00066894,-0.0017382,-2.6404e-05,0.0011737,-0.0075328,-0.0024285,-0.0016383,0.002175,0.0062656,-0.017028,0.0062014,0.002267,-0.0049627,0.00012841,0.0023352,0.0020052,0.0047571,0.0001356,0.0064779,0.0024524,0.00022345,nan,0.0014202,-0.0038541,-0.005355,-0.0010932,-0.10499,-0.037196,-0.00070547,0.0004029,0.00037242,-0.0015689,-0.00013103,-0.0012403,-0.001682,0.00037928,0.00030512,0.0021958,-0.00020779,1,0.00034468,0.00061066,0.00047548,0.0018358,-0.00048854
a_3,-0.00051297,-0.004574,-0.0059261,-0.0061635,-0.0012684,0.00057483,-0.004179,0.0096328,-0.00011754,0.00076229,0.00013199,-0.00071894,0.00050552,-0.0016873,6.8713e-05,0.0016946,-0.010205,-0.0012802,-0.0029049,0.0051155,0.0046203,-0.0060493,0.013902,0.0054015,-0.0019456,0.00038785,0.005462,0.005557,0.0087043,0.00042058,0.0064605,0.0031115,0.00059259,nan,0.0011081,0.0070239,0.0072911,0.00048904,-0.00072903,0.0022384,-0.081473,-0.040305,0.00060391,-0.00036124,0.00087489,0.0010724,0.00099272,-0.00081852,0.00011547,-0.0022745,-0.0057278,0.00034468,1,-0.00063544,-0.0015225,-0.0026368,-0.00017987
a_4,-0.00074558,-0.0094773,-0.012458,0.0025862,-0.00084611,0.002035,-0.0013368,0.00079859,0.0013842,-0.0025635,4.0899e-05,0.00093434,0.0015777,-0.0018755,-0.00044793,0.0016146,-0.0024116,-0.0014329,-0.0018496,0.0026178,0.0016643,-0.0028743,0.0024552,0.0037132,0.00091607,0.00021251,0.0024778,0.0026145,0.0033987,0.00022783,0.0067939,0.0023561,0.00031613,nan,-4.6056e-05,0.0059012,0.012332,-0.0047349,-0.00083847,-0.0016893,0.0016604,-0.00065704,-0.046097,-0.088036,-0.00058269,-0.0040205,-0.0011706,0.0021055,-0.00096354,0.0011901,-0.006962,0.00061066,-0.00063544,1,0.0018918,-0.0014032,0.00094767
b_5,0.00012439,0.021119,0.013267,0.0085671,0.00077048,0.0011806,0.0011978,0.00078136,-0.00031379,0.00017456,-0.023421,0.023918,0.00096061,-0.00013798,-0.0018455,0.0015427,-0.012612,-0.0014292,-0.01379,0.001847,0.013784,-0.010541,0.012547,0.0010917,-0.009826,0.00012129,0.0079862,0.00087072,0.011546,0.00012733,0.010187,0.042941,0.00020676,nan,0.0043611,-0.032615,-0.015938,0.016926,-0.0014221,-0.001297,-0.0023265,6.4933e-05,0.00048292,-0.0030949,-0.1509,-0.10575,-0.0012067,-0.001326,-0.00035626,0.0020349,-0.0014134,0.00047548,-0.0015225,0.0018918,1,-0.0054966,0.00093483
b_6,0.0023096,0.0093106,0.012518,0.01131,0.0023393,-0.00085449,-0.0012614,0.0024621,-0.00066765,0.00054669,0.0013663,-0.0014252,-0.041873,0.010866,0.0011971,-0.00034589,0.0010542,-1.0581e-05,0.0014088,-0.0015099,-0.00085645,7.6908e-05,-0.00094762,-0.00096718,-0.00062975,-2.0606e-05,-0.0017777,-0.001574,-0.0021491,-2.1328e-05,-0.0017522,-0.0009448,-2.7106e-05,nan,0.00081783,-0.008224,-0.010924,-0.0046534,-0.0045371,0.0014581,0.00054603,0.0011515,-0.00078341,0.0022946,0.0022916,0.00016486,-0.14278,-0.067521,0.0017636,0.00027647,-0.0056044,0.0018358,-0.0026368,-0.0014032,-0.0054966,1,-0.00053196
b_7,0.001894,-0.0078897,-0.0085893,-0.0090373,-0.00077709,0.0038081,-0.00018162,0.0004133,0.0010225,0.00072138,0.00076563,-0.00093085,-0.0012326,-8.1487e-05,-0.043187,0.022167,-0.028417,-0.010814,-0.0098153,0.018532,0.022775,-0.015564,0.02194,0.017286,0.0051664,0.0012646,0.044068,0.016779,0.029188,0.0013763,0.02046,0.0065068,0.0019813,nan,0.0021081,0.010298,0.011303,-0.00048172,0.0020896,0.0031204,-5.1385e-05,0.0011007,-0.0016769,0.0017383,-0.0012952,0.00026797,-0.0012366,0.0022362,-0.10761,-0.071412,-0.0022228,-0.00048854,-0.00017987,0.00094767,0.00093483,-0.00053196,1
