b01_pop,1,-0.090469,0.074808,-0.063623,-0.00088418,0.00066865,-0.00070627,0.00037318,0.00036509,-0.0016604,-0.00024591,-0.0016775,0.00013993,-0.00081714,0.0022417,-0.0035057,-0.00044623,-0.0026081,4.0633e-05,-0.0020129,-0.0069261,nan,0.0036446,0.0017213,-0.00085659,nan,0.0037357,nan,-0.0031374,0.0027674,0.19711,0.053838,-0.044743,0.027462,-0.00064759,-0.0036311,0.003815,-0.00035283,1.3508e-05,-0.0023822,-0.0016478,-0.0022192,0.0012942,-0.003439,-0.0016522,0.00081637,-0.0025619,-0.00037136,0.00026528,0.00025228
b11_pop,-0.090469,1,0.76596,0.064766,-0.015097,0.0069783,0.011145,-0.021838,0.0058047,-0.0089019,-0.00012073,0.0075839,-0.0087788,0.038544,-0.014629,0.0062152,-0.0052889,-0.0053834,0.01688,-0.0092423,-0.00045823,nan,-0.0076207,-0.0027199,0.0013224,nan,0.0068203,nan,-0.004693,0.010916,-0.046744,-0.73438,-0.6283,0.31134,0.0049492,-0.0058816,0.021592,-0.0105,-0.0052744,-0.0019089,-0.002414,0.015626,-0.0061237,0.016988,-0.012242,-0.0054023,-0.0017199,-0.0089416,-0.0047625,-0.0022343
b21_pop,0.074808,0.76596,1,0.063419,-0.015541,0.0029599,0.010539,-0.019232,0.0056972,-0.0096876,0.00025892,0.0034314,-0.0091087,0.042923,0.0014931,0.0080778,-0.0044826,-0.0095981,0.0028374,-0.0079543,-0.0094466,nan,-0.0072051,-0.00408,0.0016808,nan,0.013297,nan,-0.011981,0.017919,0.035365,-0.63645,-0.77538,0.30396,0.0052584,-0.011828,0.027093,-0.014387,-0.0055773,-0.0047554,-0.0033045,0.01275,-0.0053856,0.01736,0.017016,-0.0047571,-0.0034377,-0.0091352,-0.0052597,-0.0016447
a1_pop,-0.063623,0.064766,0.063419,1,0.00055314,-0.0025241,0.0028337,0.0040451,-0.0067421,0.014163,0.00091528,0.0045968,0.00038686,0.010138,-0.010622,0.0013931,-0.00092082,-0.0015558,0.014564,-0.013622,-0.0060756,nan,0.0060697,-0.00040649,0.00026606,nan,0.0039432,nan,-0.0041908,0.0016855,-0.047558,-0.29021,-0.25447,-0.5663,0.00042543,-0.00068451,-0.0042455,0.0028231,-0.00020996,-0.0030535,0.018707,-0.004425,0.0031551,0.0045678,-0.10062,-0.0045423,0.0042128,0.00064026,-0.0013005,-0.0016316
b02_pop,-0.00088418,-0.015097,-0.015541,0.00055314,1,-0.2472,-0.0004318,-0.002537,-9.7386e-05,0.0017156,-0.00045255,0.00093033,0.0013345,-0.006973,-0.014189,0.060694,-0.0032196,0.010157,-0.0022234,0.0016788,0.0069539,nan,0.01078,-0.030399,0.01411,nan,-0.0072025,nan,2.4908e-05,-0.0047075,-0.00024582,0.015862,0.01664,-0.013316,0.0035083,0.010228,-0.00038482,-0.00029907,-0.00026053,0.0006895,-0.00082526,0.0023262,0.00084129,0.0019074,-0.0013554,-0.0035582,0.0014512,0.00017042,-0.002059,-0.00050609
b12_pop,0.00066865,0.0069783,0.0029599,-0.0025241,-0.2472,1,-2.2744e-05,0.017811,-0.00075076,-0.00054595,2.7651e-05,-0.0043512,-0.0015079,0.0046329,0.15378,-0.14794,0.013972,-0.02191,-0.063139,0.050483,-0.011049,nan,-0.066035,0.070934,-0.034197,nan,0.010892,nan,0.0064019,0.008369,0.00012288,-0.0058793,-0.0066372,0.0074201,-0.0031389,0.010535,0.0018114,0.0053704,0.00037139,0.0036026,-0.00075393,-0.0060139,-0.0017722,-0.0023442,-9.1047e-05,-0.001298,-0.0023717,-0.00096472,0.0047934,0.0010634
b03_pop,-0.00070627,0.011145,0.010539,0.0028337,-0.0004318,-2.2744e-05,1,-0.17486,-4.8772e-05,-0.00094284,0.00054019,0.0019418,-0.00016617,-0.00025763,0.019982,-0.056812,0.008692,0.027035,-0.011092,0.024523,0.023239,nan,-0.028622,0.028238,-0.012869,nan,-0.019468,nan,0.020775,-0.014685,-0.0021921,-0.010001,-0.010592,0.0025747,0.0055856,0.0049983,-0.01314,0.012361,2.0264e-05,-2.3916e-05,0.0011003,0.0017453,-0.00024216,0.0031087,0.0013741,-0.0034138,0.0052017,-0.001233,0.0012318,0.0004946
b13_pop,0.00037318,-0.021838,-0.019232,0.0040451,-0.002537,0.017811,-0.17486,1,0.00011563,-0.0014969,0.00021078,-0.030583,0.005,0.015233,-0.11358,0.21754,0.027121,-0.14844,0.075008,-0.17663,-0.18825,nan,0.18561,-0.10702,0.047588,nan,0.20467,nan,-0.19552,0.15605,-0.0011689,0.013108,0.0206,-0.017898,-0.029701,-0.04069,0.033036,-0.054839,-0.0019768,-0.0010478,0.0053342,-0.0056738,0.0053977,0.0017993,0.0006082,0.019106,-0.029085,0.0029354,-0.018173,-0.0004914
b04_pop,0.00036509,0.0058047,0.0056972,-0.0067421,-9.7386e-05,-0.00075076,-4.8772e-05,0.00011563,1,-0.1039,-0.00041443,0.00079587,0.00019115,8.8632e-05,1.4508e-05,-3.2511e-05,-0.00014408,0.00023614,0.00033291,0.00057354,0.0003248,nan,-0.00029476,1.6357e-05,-4.809e-06,nan,-0.00014924,nan,0.0001664,-0.0003293,-0.00046774,-0.0034465,-0.004489,0.0093731,0.00043197,0.00095501,-4.5033e-05,-0.0011096,-0.0028412,0.010959,-0.00063517,-5.4062e-05,0.00057986,0.00020268,0.0014119,-0.00029876,0.00058818,-0.0045246,0.00014124,-0.00026129
b14_pop,-0.0016604,-0.0089019,-0.0096876,0.014163,0.0017156,-0.00054595,-0.00094284,-0.0014969,-0.1039,1,0.00054846,-0.00082654,3.493e-05,-0.003302,0.0015096,0.00079382,0.00029114,-0.00045706,-0.003604,0.00074386,-0.0007804,nan,-0.00059344,-0.00044339,0.00018301,nan,-9.5605e-05,nan,-2.6594e-05,0.0010194,0.00183,0.0044113,0.0070252,-0.018508,-0.00035628,0.0014702,0.00013793,0.0037923,-0.00011465,-0.076586,0.0030307,0.0027702,-0.0024672,-0.0024627,-0.0031491,-0.00052675,-0.001212,0.029183,-0.0025233,0.0017389
b05_pop,-0.00024591,-0.00012073,0.00025892,0.00091528,-0.00045255,2.7651e-05,0.00054019,0.00021078,-0.00041443,0.00054846,1,-0.15278,-0.00080992,0.0013751,-0.0062622,0.017523,-0.0076128,-0.011041,0.004511,-0.0055864,-0.0029781,nan,0.0069808,-0.008714,0.0040417,nan,0.00079153,nan,0.0015637,-0.0020925,-0.00043889,0.00052983,-0.00026082,-0.0022021,-0.00056541,-0.0012172,0.0014821,0.00070161,0.00020698,-0.0016645,0.05171,-0.014883,-0.00077553,0.00020442,-0.00022645,0.00097593,-0.00018948,0.00088977,-0.012686,-0.00072874
b15_pop,-0.0016775,0.0075839,0.0034314,0.0045968,0.00093033,-0.0043512,0.0019418,-0.030583,0.00079587,-0.00082654,-0.15278,1,-0.0043925,-0.016717,0.056876,-0.14069,-0.026823,0.11162,-0.033546,0.12229,0.14709,nan,-0.15935,0.069666,-0.03019,nan,-0.17909,nan,0.20322,-0.14577,0.00077806,-0.0083766,-0.006441,0.0017506,0.016346,0.03367,-0.0152,-0.0063021,-0.00085858,0.0027002,-0.024336,0.049968,-0.0048906,-0.0022408,-0.0021904,-0.014098,0.019118,-0.0021238,0.023926,-0.00010748
b07_pop,0.00013993,-0.0087788,-0.0091087,0.00038686,0.0013345,-0.0015079,-0.00016617,0.005,0.00019115,3.493e-05,-0.00080992,-0.0043925,1,-0.14784,-0.0017342,0.014228,0.0012086,-0.018191,0.002105,-0.0147,-0.018897,nan,0.0074092,-0.0071039,0.0029151,nan,0.025686,nan,-0.026634,0.035159,-9.6395e-05,0.0069423,0.0091625,-0.0048427,-0.0028684,-0.0013957,0.002124,0.0017151,0.00040801,-0.00045042,0.0012804,0.00028831,0.10973,-0.028769,0.0013547,0.0011247,-0.003184,-0.00055327,-0.00087525,-0.041418
b17_pop,-0.00081714,0.038544,0.042923,0.010138,-0.006973,0.0046329,-0.00025763,0.015233,8.8632e-05,-0.003302,0.0013751,-0.016717,-0.14784,1,0.00032175,0.033581,0.0039322,-0.065841,-0.0068663,-0.038455,-0.05065,nan,0.013981,-0.016844,0.0066145,nan,0.07897,nan,-0.081916,0.11025,-0.00067448,-0.03575,-0.042017,0.013994,-0.0020141,-0.015933,0.0089597,-0.0019608,-0.00061231,0.0013641,0.0047935,-0.0011544,-0.049426,0.075797,-0.0039974,0.0044851,-0.0068012,0.0023149,-0.0094158,0.012026
p1_pop,0.0022417,-0.014629,0.0014931,-0.010622,-0.014189,0.15378,0.019982,-0.11358,1.4508e-05,0.0015096,-0.0062622,0.056876,-0.0017342,0.00032175,1,-0.44238,0.027186,-0.025367,-0.60397,0.54521,-0.1849,nan,-0.10698,0.1971,-0.10179,nan,0.046477,nan,-0.025825,-0.0096928,0.0061134,-0.0094897,0.0094968,0.0079576,0.068505,-0.046913,0.011957,-0.057934,0.0011886,0.0015436,-0.0026905,-0.013251,-0.0026961,0.0013264,-0.0036635,-0.028067,-0.0050616,-0.0004017,0.005269,-4.5885e-05
g1_pop,-0.0035057,0.0062152,0.0080778,0.0013931,0.060694,-0.14794,-0.056812,0.21754,-3.2511e-05,0.00079382,0.017523,-0.14069,0.014228,0.033581,-0.44238,1,-0.092881,-0.20182,0.23554,-0.52111,-0.50535,nan,0.35993,-0.49455,0.22604,nan,0.35549,nan,-0.38289,0.35807,-0.0087325,0.012359,-0.0082718,-0.0069485,-0.11108,-0.01459,0.028893,0.10602,-0.0022454,-0.0060732,0.015981,-0.0036474,0.013838,0.0032344,0.0029227,0.046572,-0.061794,0.0035205,-0.037418,6.6227e-05
p2_pop,-0.00044623,-0.0052889,-0.0044826,-0.00092082,-0.0032196,0.013972,0.008692,0.027121,-0.00014408,0.00029114,-0.0076128,-0.026823,0.0012086,0.0039322,0.027186,-0.092881,1,0.082202,-0.090139,0.081979,0.09797,nan,-0.061164,0.046295,-0.021351,nan,-0.010691,nan,-0.042105,-0.00695,0.00087785,0.0070356,0.0050605,-0.0035981,0.013967,0.0096996,-0.01023,-0.0055668,0.00011942,0.0012534,-0.0030947,-0.0018581,0.0003131,0.0020201,-0.0037549,-0.0071345,0.014221,-0.00022067,0.0027436,-0.0007423
g2_pop,-0.0026081,-0.0053834,-0.0095981,-0.0015558,0.010157,-0.02191,0.027035,-0.14844,0.00023614,-0.00045706,-0.011041,0.11162,-0.018191,-0.065841,-0.025367,-0.20182,0.082202,1,-0.034031,0.26823,0.37881,nan,-0.14592,0.10187,-0.037602,nan,-0.70735,nan,0.42605,-0.56463,0.00025014,0.010392,0.0039271,-0.0014036,0.032633,0.079992,-0.047901,-0.014107,0.00036581,0.0013009,-0.019498,0.015573,-0.017258,-0.010081,-0.0023615,-0.028067,0.063578,-0.0020999,0.031691,-0.0025836
alpha11_pop,4.0633e-05,0.01688,0.0028374,0.014564,-0.0022234,-0.063139,-0.011092,0.075008,0.00033291,-0.003604,0.004511,-0.033546,0.002105,-0.0068663,-0.60397,0.23554,-0.090139,-0.034031,1,-0.50698,-0.06345,nan,0.22469,-0.1033,0.053667,nan,0.019753,nan,0.040863,-0.027095,-0.010928,-0.038118,-0.014906,0.0032698,-0.069496,-0.011442,0.0075618,0.058495,-0.00092174,-0.0024039,0.0039849,0.013981,0.0058518,-0.0033488,0.034843,0.034434,-0.017626,-0.00010242,-0.0075378,-0.001766
alpha12_pop,-0.0020129,-0.0092423,-0.0079543,-0.013622,0.0016788,0.050483,0.024523,-0.17663,0.00057354,0.00074386,-0.0055864,0.12229,-0.0147,-0.038455,0.54521,-0.52111,0.081979,0.26823,-0.50698,1,0.58043,nan,-0.40905,0.24836,-0.11459,nan,-0.40368,nan,0.38316,-0.37411,0.0062723,0.0084882,0.011079,0.011084,0.13589,0.14586,-0.046782,-0.1052,0.0012844,0.002744,-0.021939,-0.0044062,-0.015817,-0.005158,-0.012241,-0.086993,0.072192,-0.0027508,0.042839,0.00013822
alpha13_pop,-0.0069261,-0.00045823,-0.0094466,-0.0060756,0.0069539,-0.011049,0.023239,-0.18825,0.0003248,-0.0007804,-0.0029781,0.14709,-0.018897,-0.05065,-0.1849,-0.50535,0.09797,0.37881,-0.06345,0.58043,1,nan,-0.58402,0.26023,-0.10891,nan,-0.62893,nan,0.60511,-0.49934,-0.00067531,0.017378,0.0048347,-0.0017185,0.081031,0.17317,-0.085268,-0.093566,0.0013699,0.005573,-0.028172,0.0061026,-0.019194,-0.0063008,-0.0072141,-0.064045,0.11014,-0.0043899,0.060598,0.00074764
alpha14_pop,nan,nan,nan,nan,nan,nan,nan,nan,nan,nan,nan,nan,nan,nan,nan,nan,nan,nan,nan,nan,nan,nan,nan,nan,nan,nan,nan,nan,nan,nan,nan,nan,nan,nan,nan,nan,nan,nan,nan,nan,nan,nan,nan,nan,nan,nan,nan,nan,nan,nan
alpha15_pop,0.0036446,-0.0076207,-0.0072051,0.0060697,0.01078,-0.066035,-0.028622,0.18561,-0.00029476,-0.00059344,0.0069808,-0.15935,0.0074092,0.013981,-0.10698,0.35993,-0.061164,-0.14592,0.22469,-0.40905,-0.58402,nan,1,-0.18032,0.07815,nan,0.42334,nan,-0.48564,0.14249,-0.0013132,-0.0015059,0.0044455,-0.00036305,-0.070982,-0.085284,0.055457,0.051438,-0.0014547,-0.0065205,0.025457,0.035222,0.0090828,-0.0025678,0.0081339,0.046429,-0.065122,0.0040164,-0.074697,-0.0026588
alpha17_pop,0.0017213,-0.0027199,-0.00408,-0.00040649,-0.030399,0.070934,0.028238,-0.10702,1.6357e-05,-0.00044339,-0.008714,0.069666,-0.0071039,-0.016844,0.1971,-0.49455,0.046295,0.10187,-0.1033,0.24836,0.26023,nan,-0.18032,1,-0.13796,nan,-0.18037,nan,0.19401,-0.17968,0.0042595,-0.0060435,0.0038986,0.0033082,0.054323,0.0084351,-0.014899,-0.052056,0.0011057,0.003041,-0.0079984,0.0021116,-0.0068921,-0.0016176,-0.0013863,-0.022756,0.031331,-0.0017724,0.018811,-1.431e-05
alpha21_pop,-0.00085659,0.0013224,0.0016808,0.00026606,0.01411,-0.034197,-0.012869,0.047588,-4.809e-06,0.00018301,0.0040417,-0.03019,0.0029151,0.0066145,-0.10179,0.22604,-0.021351,-0.037602,0.053667,-0.11459,-0.10891,nan,0.07815,-0.13796,1,nan,0.069755,nan,-0.078154,0.072404,-0.0020077,0.0030121,-0.0018171,-0.0016194,-0.024891,-0.0018614,0.005786,0.024136,-0.00050789,-0.0013693,0.0032921,-0.00068071,0.0028536,0.00059223,0.00064809,0.010158,-0.013071,0.00076703,-0.0077699,-2.1406e-05
alpha22_pop,nan,nan,nan,nan,nan,nan,nan,nan,nan,nan,nan,nan,nan,nan,nan,nan,nan,nan,nan,nan,nan,nan,nan,nan,nan,nan,nan,nan,nan,nan,nan,nan,nan,nan,nan,nan,nan,nan,nan,nan,nan,nan,nan,nan,nan,nan,nan,nan,nan,nan
alpha23_pop,0.0037357,0.0068203,0.013297,0.0039432,-0.0072025,0.010892,-0.019468,0.20467,-0.00014924,-9.5605e-05,0.00079153,-0.17909,0.025686,0.07897,0.046477,0.35549,-0.010691,-0.70735,0.019753,-0.40368,-0.62893,nan,0.42334,-0.18037,0.069755,nan,1,nan,-0.80365,0.71131,-0.00048442,-0.012897,-0.0056176,0.0015544,-0.054972,-0.12058,0.071527,0.021749,-0.00077968,-0.0028884,0.031291,-0.01202,0.02401,0.010053,0.0022835,0.044661,-0.096348,0.0036582,-0.069295,0.0020933
alpha24_pop,nan,nan,nan,nan,nan,nan,nan,nan,nan,nan,nan,nan,nan,nan,nan,nan,nan,nan,nan,nan,nan,nan,nan,nan,nan,nan,nan,nan,nan,nan,nan,nan,nan,nan,nan,nan,nan,nan,nan,nan,nan,nan,nan,nan,nan,nan,nan,nan,nan,nan
alpha25_pop,-0.0031374,-0.004693,-0.011981,-0.0041908,2.4908e-05,0.0064019,0.020775,-0.19552,0.0001664,-2.6594e-05,0.0015637,0.20322,-0.026634,-0.081916,-0.025825,-0.38289,-0.042105,0.42605,0.040863,0.38316,0.60511,nan,-0.48564,0.19401,-0.078154,nan,-0.80365,nan,1,-0.74043,-2.7331e-05,0.0060389,0.0051375,0.00077025,0.055305,0.11003,-0.063267,-0.024499,0.00089378,0.0022498,-0.037709,0.0063519,-0.024574,-0.010697,0.0015956,-0.04337,0.081884,-0.0039034,0.088978,-0.0023815
alpha27_pop,0.0027674,0.010916,0.017919,0.0016855,-0.0047075,0.008369,-0.014685,0.15605,-0.0003293,0.0010194,-0.0020925,-0.14577,0.035159,0.11025,-0.0096928,0.35807,-0.00695,-0.56463,-0.027095,-0.37411,-0.49934,nan,0.14249,-0.17968,0.072404,nan,0.71131,nan,-0.74043,1,-6.4729e-05,-0.0088894,-0.010031,0.00090826,-0.047967,-0.096829,0.052657,0.027081,-0.00063003,-0.00069303,0.026449,-0.01987,0.031022,0.017399,-0.0015791,0.037617,-0.071982,0.0028278,-0.054754,0.0051058
omega_b01,0.19711,-0.046744,0.035365,-0.047558,-0.00024582,0.00012288,-0.0021921,-0.0011689,-0.00046774,0.00183,-0.00043889,0.00077806,-9.6395e-05,-0.00067448,0.0061134,-0.0087325,0.00087785,0.00025014,-0.010928,0.0062723,-0.00067531,nan,-0.0013132,0.0042595,-0.0020077,nan,-0.00048442,nan,-2.7331e-05,-6.4729e-05,1,0.017125,-0.020016,0.0046259,0.00055822,-0.003437,0.00022423,-0.00049537,-0.00039252,-0.0027598,-0.0021331,-0.0012682,0.0011635,-0.0050746,-0.13181,0.0003861,-0.00058542,0.000823,0.0010121,0.00068981
omega_b11,0.053838,-0.73438,-0.63645,-0.29021,0.015862,-0.0058793,-0.010001,0.013108,-0.0034465,0.0044113,0.00052983,-0.0083766,0.0069423,-0.03575,-0.0094897,0.012359,0.0070356,0.010392,-0.038118,0.0084882,0.017378,nan,-0.0015059,-0.0060435,0.0030121,nan,-0.012897,nan,0.0060389,-0.0088894,0.017125,1,0.61108,-0.20091,-0.0068504,0.01138,-0.01919,0.0090156,0.003487,-0.0033889,-0.0022406,-0.010953,0.0033647,-0.017602,0.015454,0.004931,0.002175,0.0075953,0.0066281,0.0040025
omega_b21,-0.044743,-0.6283,-0.77538,-0.25447,0.01664,-0.0066372,-0.010592,0.0206,-0.004489,0.0070252,-0.00026082,-0.006441,0.0091625,-0.042017,0.0094968,-0.0082718,0.0050605,0.0039271,-0.014906,0.011079,0.0048347,nan,0.0044455,0.0038986,-0.0018171,nan,-0.0056176,nan,0.0051375,-0.010031,-0.020016,0.61108,1,-0.22411,-0.0053336,0.014969,-0.02388,0.018313,0.0051953,-0.00035648,-0.0011779,-0.013709,0.0069311,-0.012074,-0.010071,0.0030969,-9.8708e-05,0.0073307,0.006772,0.00080306
omega_a1,0.027462,0.31134,0.30396,-0.5663,-0.013316,0.0074201,0.0025747,-0.017898,0.0093731,-0.018508,-0.0022021,0.0017506,-0.0048427,0.013994,0.0079576,-0.0069485,-0.0035981,-0.0014036,0.0032698,0.011084,-0.0017185,nan,-0.00036305,0.0033082,-0.0016194,nan,0.0015544,nan,0.00077025,0.00090826,0.0046259,-0.20091,-0.22411,1,0.0057074,-0.0090607,0.017344,-0.0099063,-0.0014545,0.010023,-0.014679,0.012492,-0.0074301,0.0033313,0.059979,0.00181,-0.0038622,-0.0042298,-0.0056975,0.0014582
omega_b02,-0.00064759,0.0049492,0.0052584,0.00042543,0.0035083,-0.0031389,0.0055856,-0.029701,0.00043197,-0.00035628,-0.00056541,0.016346,-0.0028684,-0.0020141,0.068505,-0.11108,0.013967,0.032633,-0.069496,0.13589,0.081031,nan,-0.070982,0.054323,-0.024891,nan,-0.054972,nan,0.055305,-0.047967,0.00055822,-0.0068504,-0.0053336,0.0057074,1,-0.08808,-0.0090893,-0.010085,-1.0022e-05,0.0022391,-0.0037088,-0.0059205,-0.0018764,0.0030168,-0.0018806,-0.11443,0.0092454,0.0017739,0.0090937,-0.0017214
omega_b12,-0.0036311,-0.0058816,-0.011828,-0.00068451,0.010228,0.010535,0.0049983,-0.04069,0.00095501,0.0014702,-0.0012172,0.03367,-0.0013957,-0.015933,-0.046913,-0.01459,0.0096996,0.079992,-0.011442,0.14586,0.17317,nan,-0.085284,0.0084351,-0.0018614,nan,-0.12058,nan,0.11003,-0.096829,-0.003437,0.01138,0.014969,-0.0090607,-0.08808,1,-0.01993,-0.0058087,-0.00091941,-0.0065108,-0.0061116,0.0023201,-0.0029492,-0.006334,-0.0016329,-0.060492,0.021817,-0.0010906,0.0088432,0.0017227
omega_b03,0.003815,0.021592,0.027093,-0.0042455,-0.00038482,0.0018114,-0.01314,0.033036,-4.5033e-05,0.00013793,0.0014821,-0.0152,0.002124,0.0089597,0.011957,0.028893,-0.01023,-0.047901,0.0075618,-0.046782,-0.085268,nan,0.055457,-0.014899,0.005786,nan,0.071527,nan,-0.063267,0.052657,0.00022423,-0.01919,-0.02388,0.017344,-0.0090893,-0.01993,1,-0.039859,0.000143,-0.0016461,0.0042194,0.0002748,0.0024673,0.00039913,0.0033291,0.0056399,-0.13054,-0.0014066,-0.0073331,0.00016061
omega_b13,-0.00035283,-0.0105,-0.014387,0.0028231,-0.00029907,0.0053704,0.012361,-0.054839,-0.0011096,0.0037923,0.00070161,-0.0063021,0.0017151,-0.0019608,-0.057934,0.10602,-0.0055668,-0.014107,0.058495,-0.1052,-0.093566,nan,0.051438,-0.052056,0.024136,nan,0.021749,nan,-0.024499,0.027081,-0.00049537,0.0090156,0.018313,-0.0099063,-0.010085,-0.0058087,-0.039859,1,0.00034656,-0.0021998,0.0039381,0.0017672,0.0019733,-0.0072916,0.0017922,0.0078482,-0.054232,0.0013964,-0.0047733,0.0014323
omega_b04,1.3508e-05,-0.0052744,-0.0055773,-0.00020996,-0.00026053,0.00037139,2.0264e-05,-0.0019768,-0.0028412,-0.00011465,0.00020698,-0.00085858,0.00040801,-0.00061231,0.0011886,-0.0022454,0.00011942,0.00036581,-0.00092174,0.0012844,0.0013699,nan,-0.0014547,0.0011057,-0.00050789,nan,-0.00077968,nan,0.00089378,-0.00063003,-0.00039252,0.003487,0.0051953,-0.0014545,-1.0022e-05,-0.00091941,0.000143,0.00034656,1,0.013946,-0.00011813,-3.8484e-05,0.00043124,-0.00051894,-0.00084008,-0.00054682,-0.00019619,-0.051173,0.00029965,0.00034969
omega_b14,-0.0023822,-0.0019089,-0.0047554,-0.0030535,0.0006895,0.0036026,-2.3916e-05,-0.0010478,0.010959,-0.076586,-0.0016645,0.0027002,-0.00045042,0.0013641,0.0015436,-0.0060732,0.0012534,0.0013009,-0.0024039,0.002744,0.005573,nan,-0.0065205,0.003041,-0.0013693,nan,-0.0028884,nan,0.0022498,-0.00069303,-0.0027598,-0.0033889,-0.00035648,0.010023,0.0022391,-0.0065108,-0.0016461,-0.0021998,0.013946,1,0.0010662,-0.0039918,-0.0030052,-0.002868,-0.0013544,0.0019351,0.0010483,-0.12148,-1.4874e-06,0.0021383
omega_b05,-0.0016478,-0.002414,-0.0033045,0.018707,-0.00082526,-0.00075393,0.0011003,0.0053342,-0.00063517,0.0030307,0.05171,-0.024336,0.0012804,0.0047935,-0.0026905,0.015981,-0.0030947,-0.019498,0.0039849,-0.021939,-0.028172,nan,0.025457,-0.0079984,0.0032921,nan,0.031291,nan,-0.037709,0.026449,-0.0021331,-0.0022406,-0.0011779,-0.014679,-0.0037088,-0.0061116,0.0042194,0.0039381,-0.00011813,0.0010662,1,0.0084217,0.0010481,-0.0010626,-0.0031321,0.0035505,-0.0037376,0.00039904,-0.15458,-0.00016649
omega_b15,-0.0022192,0.015626,0.01275,-0.004425,0.0023262,-0.0060139,0.0017453,-0.0056738,-5.4062e-05,0.0027702,-0.014883,0.049968,0.00028831,-0.0011544,-0.013251,-0.0036474,-0.0018581,0.015573,0.013981,-0.0044062,0.0061026,nan,0.035222,0.0021116,-0.00068071,nan,-0.01202,nan,0.0063519,-0.01987,-0.0012682,-0.010953,-0.013709,0.012492,-0.0059205,0.0023201,0.0002748,0.0017672,-3.8484e-05,-0.0039918,0.0084217,1,-0.0016991,-0.00074882,-0.00077887,0.00034848,0.0016502,-0.00053268,-0.095168,0.00080651
omega_b07,0.0012942,-0.0061237,-0.0053856,0.0031551,0.00084129,-0.0017722,-0.00024216,0.0053977,0.00057986,-0.0024672,-0.00077553,-0.0048906,0.10973,-0.049426,-0.0026961,0.013838,0.0003131,-0.017258,0.0058518,-0.015817,-0.019194,nan,0.0090828,-0.0068921,0.0028536,nan,0.02401,nan,-0.024574,0.031022,0.0011635,0.0033647,0.0069311,-0.0074301,-0.0018764,-0.0029492,0.0024673,0.0019733,0.00043124,-0.0030052,0.0010481,-0.0016991,1,-0.0078728,7.8236e-05,0.0017658,-0.0037217,-7.7459e-05,-0.0021411,-0.11205
omega_b17,-0.003439,0.016988,0.01736,0.0045678,0.0019074,-0.0023442,0.0031087,0.0017993,0.00020268,-0.0024627,0.00020442,-0.0022408,-0.028769,0.075797,0.0013264,0.0032344,0.0020201,-0.010081,-0.0033488,-0.005158,-0.0063008,nan,-0.0025678,-0.0016176,0.00059223,nan,0.010053,nan,-0.010697,0.017399,-0.0050746,-0.017602,-0.012074,0.0033313,0.0030168,-0.006334,0.00039913,-0.0072916,-0.00051894,-0.002868,-0.0010626,-0.00074882,-0.0078728,1,0.003188,0.0020153,-0.0014596,-5.5259e-05,-0.0033718,-0.09191
b_1,-0.0016522,-0.012242,0.017016,-0.10062,-0.0013554,-9.1047e-05,0.0013741,0.0006082,0.0014119,-0.0031491,-0.00022645,-0.0021904,0.0013547,-0.0039974,-0.0036635,0.0029227,-0.0037549,-0.0023615,0.034843,-0.012241,-0.0072141,nan,0.0081339,-0.0013863,0.00064809,nan,0.0022835,nan,0.0015956,-0.0015791,-0.13181,0.015454,-0.010071,0.059979,-0.0018806,-0.0016329,0.0033291,0.0017922,-0.00084008,-0.0013544,-0.0031321,-0.00077887,7.8236e-05,0.003188,1,0.0016605,-0.0034542,-0.00031286,0.0013772,1.3991e-05
a_2,0.00081637,-0.0054023,-0.0047571,-0.0045423,-0.0035582,-0.001298,-0.0034138,0.019106,-0.00029876,-0.00052675,0.00097593,-0.014098,0.0011247,0.0044851,-0.028067,0.046572,-0.0071345,-0.028067,0.034434,-0.086993,-0.064045,nan,0.046429,-0.022756,0.010158,nan,0.044661,nan,-0.04337,0.037617,0.0003861,0.004931,0.0030969,0.00181,-0.11443,-0.060492,0.0056399,0.0078482,-0.00054682,0.0019351,0.0035505,0.00034848,0.0017658,0.0020153,0.0016605,1,-0.0070756,-0.00040358,-0.0066532,-0.00057503
a_3,-0.0025619,-0.0017199,-0.0034377,0.0042128,0.0014512,-0.0023717,0.0052017,-0.029085,0.00058818,-0.001212,-0.00018948,0.019118,-0.003184,-0.0068012,-0.0050616,-0.061794,0.014221,0.063578,-0.017626,0.072192,0.11014,nan,-0.065122,0.031331,-0.013071,nan,-0.096348,nan,0.081884,-0.071982,-0.00058542,0.002175,-9.8708e-05,-0.0038622,0.0092454,0.021817,-0.13054,-0.054232,-0.00019619,0.0010483,-0.0037376,0.0016502,-0.0037217,-0.0014596,-0.0034542,-0.0070756,1,0.00042589,0.0071319,0.00033522
a_4,-0.00037136,-0.0089416,-0.0091352,0.00064026,0.00017042,-0.00096472,-0.001233,0.0029354,-0.0045246,0.029183,0.00088977,-0.0021238,-0.00055327,0.0023149,-0.0004017,0.0035205,-0.00022067,-0.0020999,-0.00010242,-0.0027508,-0.0043899,nan,0.0040164,-0.0017724,0.00076703,nan,0.0036582,nan,-0.0039034,0.0028278,0.000823,0.0075953,0.0073307,-0.0042298,0.0017739,-0.0010906,-0.0014066,0.0013964,-0.051173,-0.12148,0.00039904,-0.00053268,-7.7459e-05,-5.5259e-05,-0.00031286,-0.00040358,0.00042589,1,-0.0012987,-0.0010124
b_5,0.00026528,-0.0047625,-0.0052597,-0.0013005,-0.002059,0.0047934,0.0012318,-0.018173,0.00014124,-0.0025233,-0.012686,0.023926,-0.00087525,-0.0094158,0.005269,-0.037418,0.0027436,0.031691,-0.0075378,0.042839,0.060598,nan,-0.074697,0.018811,-0.0077699,nan,-0.069295,nan,0.088978,-0.054754,0.0010121,0.0066281,0.006772,-0.0056975,0.0090937,0.0088432,-0.0073331,-0.0047733,0.00029965,-1.4874e-06,-0.15458,-0.095168,-0.0021411,-0.0033718,0.0013772,-0.0066532,0.0071319,-0.0012987,1,0.0014688
b_7,0.00025228,-0.0022343,-0.0016447,-0.0016316,-0.00050609,0.0010634,0.0004946,-0.0004914,-0.00026129,0.0017389,-0.00072874,-0.00010748,-0.041418,0.012026,-4.5885e-05,6.6227e-05,-0.0007423,-0.0025836,-0.001766,0.00013822,0.00074764,nan,-0.0026588,-1.431e-05,-2.1406e-05,nan,0.0020933,nan,-0.0023815,0.0051058,0.00068981,0.0040025,0.00080306,0.0014582,-0.0017214,0.0017227,0.00016061,0.0014323,0.00034969,0.0021383,-0.00016649,0.00080651,-0.11205,-0.09191,1.3991e-05,-0.00057503,0.00033522,-0.0010124,0.0014688,1
