b01_pop,1,-0.11753,0.10289,-0.054794,0.00088953,0.00059996,-0.0006835,0.0011436,-0.00030098,0.00035785,0.0019914,-0.0028616,0.00012465,-0.0011477,-0.0004233,0.0051596,0.013391,-0.0093026,-0.0053204,0.0074253,-0.023709,0.012158,-0.0083832,-0.00023096,0.00013425,0.0022172,nan,0.003963,-1.1289e-05,-0.0039915,3.8208e-05,0.00024731,-0.005484,0.0063173,0.19302,0.097894,-0.029297,-0.01644,0.0015851,-1.4417e-06,-0.00075977,0.001046,0.00059291,-0.0032132,-0.0026956,0.0018492,-0.00087246,-0.00014091,-0.00085351,0.005663,-0.040856,-0.00028793,-0.00037284,0.00085721,0.0026549,-0.00020613,-0.00049824
b11_pop,-0.11753,1,0.56692,-0.067946,0.0090132,-0.012276,0.01705,-0.016495,-3.794e-05,0.001818,-0.0026245,-0.005089,0.00083973,-0.0014106,-0.0034918,0.0010923,-0.046183,0.0302,0.02617,-0.011773,0.052148,-0.033417,0.023098,0.00030947,6.6835e-06,-0.011693,nan,0.043565,2.0586e-06,0.012467,2.5217e-05,0.0024355,0.020288,-0.02001,-0.094353,-0.55489,-0.39931,0.22631,-0.0013868,0.0028475,-0.0011476,-0.0030997,-0.0020492,-0.0071469,0.0058947,0.01323,-0.0050398,0.012221,-0.0056931,-0.00096072,0.18597,-0.00074789,0.0039881,0.0063805,-0.0067033,0.00076547,-0.00065536
b21_pop,0.10289,0.56692,1,-0.21298,0.01164,-0.016966,0.023488,-0.020996,0.0012039,-0.0015627,-0.00025267,-0.0088219,0.0029149,-0.0066596,-0.003414,0.019347,0.02047,-0.021935,-0.0057425,-0.0038524,-0.026791,0.019439,0.0048697,0.00033205,-0.00078469,0.02464,nan,-0.036787,0.00088934,-0.015268,-0.00076401,-0.010509,-0.022185,0.025889,0.0036629,-0.33264,-0.54706,0.28083,-0.0025363,0.0032228,-0.002188,-0.0051084,-0.0012387,-0.01108,0.00068005,0.019493,-0.0046084,0.0072896,-0.0077552,0.0052477,0.21076,0.00066873,0.0050459,0.0080508,-0.0012649,0.0060618,-3.3111e-05
a1_pop,-0.054794,-0.067946,-0.21298,1,-0.0012536,0.0076848,-0.0043724,0.012946,-0.0043623,0.0053828,-0.0074314,0.0060508,0.0006154,0.0050382,0.0037139,-0.024665,-0.026142,0.029911,0.014784,-0.0081827,0.057828,-0.027898,-0.0099814,6.4382e-05,0.00062513,-0.030048,nan,0.024867,-0.0011836,0.020588,0.00094464,0.012918,0.024667,-0.025866,-0.025909,-0.28794,-0.13813,-0.68773,0.0087178,-0.024575,-0.0072944,0.0034057,-0.00078174,-0.0052778,0.0049386,0.001044,-0.006347,-0.0044637,0.0094778,-0.0035374,-0.18294,-0.00064718,0.0039542,-0.0038945,-0.0034815,0.010169,-0.0034405
b02_pop,0.00088953,0.0090132,0.01164,-0.0012536,1,-0.23803,0.00013891,0.00026723,0.00045804,-0.0023196,0.0011018,-0.00085431,-0.0016996,0.0024357,-0.0007175,-0.00067687,-0.031998,0.040679,-0.0010519,-0.0018448,0.014078,-0.011241,0.0060739,4.3086e-05,0.00024724,-0.011167,nan,0.011043,-0.00045764,0.0040884,0.00036829,0.0050994,0.0074742,-0.0077614,-0.0003566,-0.0093903,-0.013562,0.0051525,-0.014029,-0.023253,0.00047092,-0.0005594,-0.0013869,-0.0014386,0.0010848,0.00033341,0.0015312,0.0019356,-0.0003137,-0.00055718,0.0044542,0.0018284,0.0014069,0.00052727,-0.0012351,-0.0021226,-0.00095543
b12_pop,0.00059996,-0.012276,-0.016966,0.0076848,-0.23803,1,-0.0006078,0.011143,-0.00085657,0.0080189,-0.0018169,0.0032044,0.0017588,0.0026324,0.0019501,0.0013056,0.10714,-0.08834,0.0017863,0.0025215,-0.064802,0.050154,-0.035956,-6.7627e-05,-0.00033681,0.016693,nan,-0.028858,0.00034554,-0.0065217,-0.00030296,-0.0048691,-0.018211,0.018785,0.0025604,0.014783,0.01151,-0.015432,0.012257,0.098324,0.0010583,0.0082736,0.00093337,0.0023259,-0.0028104,-0.0031177,-0.0043191,-0.00064795,0.002412,0.0038948,-0.0092352,-0.016765,-0.0038805,-0.00090851,0.0022926,0.0032747,-0.0007642
b03_pop,-0.0006835,0.01705,0.023488,-0.0043724,0.00013891,-0.0006078,1,-0.16554,3.6717e-05,0.0013999,0.0003634,-0.0034613,-0.0010021,-0.00028157,0.0016466,0.00058428,0.037531,-0.040901,-0.0015046,0.016531,-0.022102,0.023049,-0.0021486,-0.00053772,3.5438e-05,0.014931,nan,-0.016556,0.0005016,-0.0080728,-0.00035939,-0.0061509,-0.012913,0.013058,-0.0030445,-0.01077,-0.021382,0.010566,0.0010763,0.0049298,0.0029041,0.0088325,0.00058675,-0.0021225,0.00098248,0.0021293,-0.00027234,-0.002344,0.0010563,0.001185,0.0053225,-0.00070732,-0.002804,0.00060587,-0.0016279,0.0023693,0.00049995
b13_pop,0.0011436,-0.016495,-0.020996,0.012946,0.00026723,0.011143,-0.16554,1,0.00044405,-0.0034183,-0.0016117,0.0021821,-0.0002562,-0.00017489,-0.0058735,-0.014324,-0.13096,0.12618,0.055957,-0.053931,0.085616,-0.093016,-0.015752,0.0015342,0.00038733,-0.068476,nan,0.066432,-0.0020767,0.083814,0.0015073,0.024919,0.066594,-0.077741,0.0035849,0.00143,0.013698,-0.022374,-0.0028179,-0.010509,-0.020279,-0.034342,-3.8667e-05,-0.0027433,-0.0018056,-0.0017138,0.0025917,0.0026498,-0.0040586,-0.0053646,-0.00333,0.0013078,0.0063191,-0.00060178,0.00020281,-0.004861,0.00021122
b04_pop,-0.00030098,-3.794e-05,0.0012039,-0.0043623,0.00045804,-0.00085657,3.6717e-05,0.00044405,1,-0.11009,0.00080493,-0.00080005,0.00016014,0.00065439,0.00078567,-0.0013484,0.00089795,-0.00094734,8.8906e-05,2.6068e-05,-0.00073157,0.00084101,-0.00015453,2.1096e-06,-1.834e-05,0.00070462,nan,-0.00066214,2.6948e-05,0.00012939,-1.6862e-05,-0.00034584,-0.00035881,0.00012944,-0.0017515,0.0013092,0.00025106,0.0037412,0.00050762,-7.0255e-06,-0.0016397,-0.00054797,-0.001748,-0.0039202,-0.00073484,-0.00065157,0.0003652,-0.0007442,0.00070134,-0.0014564,0.0021866,-0.00031823,0.00093458,0.0058592,0.00038574,0.0001347,-0.00064348
b14_pop,0.00035785,0.001818,-0.0015627,0.0053828,-0.0023196,0.0080189,0.0013999,-0.0034183,-0.11009,1,-0.0022759,0.0071382,9.0151e-05,-0.0039489,-0.0010836,0.0017268,0.0012204,-0.00027584,-0.00064419,0.00046963,-0.0010845,-0.0013681,-0.0027309,-4.0426e-05,5.094e-05,-0.0006266,nan,-0.00023974,-0.00010884,-0.00043632,0.00015858,0.0004192,-0.00033463,0.00036287,0.0031521,-0.0033835,0.0051542,-0.0054857,-0.0019591,0.0013415,0.005974,0.0039085,-0.0061345,0.0066976,0.005002,-0.0014769,-0.0007891,0.0035571,-0.00097043,0.0080261,-0.004649,0.0012064,-0.0031369,-0.0052907,-0.0022351,0.00063961,-0.00021831
b05_pop,0.0019914,-0.0026245,-0.00025267,-0.0074314,0.0011018,-0.0018169,0.0003634,-0.0016117,0.00080493,-0.0022759,1,-0.15496,-0.00020911,-0.00011349,-9.1604e-06,0.00213,0.0030538,-0.0030916,-0.00096001,0.00087559,-0.0050616,0.0033011,0.0010713,5.4689e-06,-6.0195e-05,0.0029809,nan,-0.0017847,6.4404e-05,-0.0014257,-5.268e-05,-0.00070197,-0.0020799,0.0020073,0.0013104,0.0060926,0.0043458,0.0028093,0.0007115,-0.00039994,-0.0011074,-0.00048162,-0.00019724,0.0022878,0.050731,-0.01201,3.7302e-06,-0.0012384,0.00067315,0.00066031,-0.00070939,-6.1352e-05,1.7519e-07,-0.001124,-0.018026,0.00061307,0.00053482
b15_pop,-0.0028616,-0.005089,-0.0088219,0.0060508,-0.00085431,0.0032044,-0.0034613,0.0021821,-0.00080005,0.0071382,-0.15496,1,0.00083408,0.0023356,0.00045632,0.0024423,-0.0039375,0.006319,-0.00018999,-0.0013996,0.0055594,-0.0044188,-0.0044179,0.00017335,0.0002219,-0.0090242,nan,0.0029754,-0.0011507,0.00094393,0.00088829,0.011747,0.0029843,-0.0011212,-0.0013279,0.00096689,-0.00011912,-0.0058728,-0.00012635,-0.00085945,0.0034307,0.0016878,-0.00080794,0.00094501,-0.025741,0.037566,0.00038154,0.00062725,-0.00067923,-0.0016458,-0.0011585,0.00090019,-0.00018138,0.0016784,-0.002047,-0.0011784,-0.00048972
b06_pop,0.00012465,0.00083973,0.0029149,0.0006154,-0.0016996,0.0017588,-0.0010021,-0.0002562,0.00016014,9.0151e-05,-0.00020911,0.00083408,1,-0.17164,0.00023973,0.002121,0.024775,-0.030963,0.0017691,0.013663,-0.015163,0.012336,-0.0014438,-0.00040185,-0.00017892,0.019457,nan,-0.01125,0.00089356,-0.0067538,-0.00067382,-0.0096425,-0.0091847,0.011283,-0.00041792,0.0017361,-0.0045404,-0.0019137,-0.0019042,-0.00062361,-0.00070241,0.002334,0.00010988,-0.0032897,0.00060522,0.001978,0.05049,-0.0048437,-0.00038138,-0.0042832,0.00081295,0.0010336,-0.00063897,0.00043087,0.00041119,-0.026019,-2.9189e-05
b16_pop,-0.0011477,-0.0014106,-0.0066596,0.0050382,0.0024357,0.0026324,-0.00028157,-0.00017489,0.00065439,-0.0039489,-0.00011349,0.0023356,-0.17164,1,-0.0044324,-0.015669,-0.12387,0.12956,0.056853,-0.058478,0.091806,-0.080421,0.0018121,0.0012798,0.0015711,-0.11071,nan,0.077613,-0.0043271,0.069454,0.0033217,0.047174,0.1237,-0.098004,0.00087701,-0.0078703,0.0012796,-0.0010204,-0.0041795,-0.001244,0.0020432,-0.0041321,-0.0011213,0.0045085,0.0010214,0.0020313,-0.00026834,-0.0037823,-0.00065494,0.0081448,0.00082097,0.00080088,-0.0026172,0.00082317,-0.0017632,-0.003062,-0.0021783
b07_pop,-0.0004233,-0.0034918,-0.003414,0.0037139,-0.0007175,0.0019501,0.0016466,-0.0058735,0.00078567,-0.0010836,-9.1604e-06,0.00045632,0.00023973,-0.0044324,1,-0.16751,0.013832,-0.015772,-0.013763,0.0099432,-0.012376,0.0090678,0.00011956,-0.00021535,-0.00023428,0.018883,nan,-0.012838,0.00065808,-0.023925,-0.00048743,-0.0072794,-0.021154,0.040143,-4.4486e-05,0.0023656,0.0020483,-0.0067259,-0.00072603,0.00037166,0.0010169,0.0013393,-0.00054469,0.0015871,-0.0017161,0.00035277,-0.00096942,-0.00079402,0.10336,-0.036505,-0.0026456,0.00023552,0.00022464,-0.0011623,0.00030783,0.0020119,-0.041873
b17_pop,0.0051596,0.0010923,0.019347,-0.024665,-0.00067687,0.0013056,0.00058428,-0.014324,-0.0013484,0.0017268,0.00213,0.0024423,0.002121,-0.015669,-0.16751,1,0.055513,-0.063751,-0.063604,0.0056813,-0.043104,0.043505,0.00044472,0.00042468,-0.0018827,0.077009,nan,-0.051981,0.0027243,-0.093358,-0.0021484,-0.029079,-0.088099,0.16842,0.0031547,0.0022416,-0.0065646,0.027348,0.0026732,0.0062853,-0.0010655,-0.0057363,0.0015483,0.0045826,0.0023252,0.0033674,-0.0050843,-0.0080798,-0.060583,0.09791,0.0080509,-0.00078713,0.0042992,-0.00086252,-0.00082872,0.004224,0.011005
p1_pop,0.013391,-0.046183,0.02047,-0.026142,-0.031998,0.10714,0.037531,-0.13096,0.00089795,0.0012204,0.0030538,-0.0039375,0.024775,-0.12387,0.013832,0.055513,1,-0.87786,-0.07758,0.099924,-0.75417,0.65303,-0.27257,-0.0014583,-0.0069962,0.35639,nan,-0.37285,0.011612,-0.20914,-0.0093464,-0.13366,-0.31488,0.32877,0.0099882,0.013705,0.01928,0.0028205,0.018011,-0.017727,0.017653,-0.064225,0.0014167,-0.0022159,-0.0029578,-0.0037808,-0.013706,-0.059596,0.0085556,0.0079632,-0.0097782,-0.0053726,0.0043075,0.00010659,0.0028477,0.034011,0.0022772
g1_pop,-0.0093026,0.0302,-0.021935,0.029911,0.040679,-0.08834,-0.040901,0.12618,-0.00094734,-0.00027584,-0.0030916,0.006319,-0.030963,0.12956,-0.015772,-0.063751,-0.87786,1,0.087277,-0.11125,0.56353,-0.52164,-0.043603,0.00066683,0.014221,-0.62213,nan,0.3924,-0.027608,0.26199,0.021971,0.29165,0.36022,-0.38613,-0.0080745,-0.0099252,-0.015864,-0.030671,-0.023951,0.013118,-0.011107,0.071461,-0.0013237,0.0024399,0.0025335,0.0047543,0.017406,0.074102,-0.0096329,-0.0077828,0.0090669,0.0046511,-0.012923,-5.6259e-05,-0.0026375,-0.046838,-0.0030128
p2_pop,-0.0053204,0.02617,-0.0057425,0.014784,-0.0010519,0.0017863,-0.0015046,0.055957,8.8906e-05,-0.00064419,-0.00096001,-0.00018999,0.0017691,0.056853,-0.013763,-0.063604,-0.07758,0.087277,1,-0.10688,0.084007,-0.078516,-0.029055,0.0024998,0.0010779,-0.15043,nan,0.073294,-0.0042218,0.37953,0.0027711,0.046364,0.25193,-0.42438,-0.0014807,-0.00062207,-0.011627,0.013747,-0.0012521,-0.0038668,0.0038031,0.0049181,-0.00036147,-0.0018249,0.00021565,0.00030523,0.0085662,0.018069,-0.01046,-0.014547,-0.0098209,0.00090489,-0.0081183,0.00047797,-0.00092959,-0.013986,-0.0048613
g2_pop,0.0074253,-0.011773,-0.0038524,-0.0081827,-0.0018448,0.0025215,0.016531,-0.053931,2.6068e-05,0.00046963,0.00087559,-0.0013996,0.013663,-0.058478,0.0099432,0.0056813,0.099924,-0.11125,-0.10688,1,-0.099056,0.059649,0.020469,-0.035513,0.023613,0.096692,nan,-0.014359,-7.5278e-05,-0.4721,0.0039488,-0.025952,-0.39597,0.10052,0.0062803,-0.00090329,0.011968,0.00069159,0.0024962,9.4215e-05,-0.0057901,-0.0023524,0.00025252,0.00078352,-0.00031484,-0.0010466,-0.0038965,-0.0099466,0.0056091,0.0017671,-0.0054744,-0.00045375,0.010643,-0.0003938,0.00047166,0.0093837,-0.0011457
alpha11_pop,-0.023709,0.052148,-0.026791,0.057828,0.014078,-0.064802,-0.022102,0.085616,-0.00073157,-0.0010845,-0.0050616,0.0055594,-0.015163,0.091806,-0.012376,-0.043104,-0.75417,0.56353,0.084007,-0.099056,1,-0.57931,0.35808,0.0011983,0.0050308,-0.27354,nan,0.26722,-0.0080435,0.16937,0.0064493,0.092596,0.27447,-0.26525,-0.022435,-0.09844,-0.028809,0.024297,-0.0097823,0.0036162,-0.013913,0.036728,-0.00087644,-0.00046176,0.0064543,0.0028933,0.013683,0.04368,-0.0080691,-0.0069586,0.060798,0.0065812,0.0007119,0.0018301,-0.0045231,-0.026053,-0.0017806
alpha12_pop,0.012158,-0.033417,0.019439,-0.027898,-0.011241,0.050154,0.023049,-0.093016,0.00084101,-0.0013681,0.0033011,-0.0044188,0.012336,-0.080421,0.0090678,0.043505,0.65303,-0.52164,-0.078516,0.059649,-0.57931,1,0.069743,0.00025326,-0.0053322,0.24315,nan,-0.2491,0.0055321,-0.11374,-0.004637,-0.06528,-0.23534,0.23776,0.0090184,0.020319,0.012253,0.0025056,0.014618,0.051805,0.0029137,-0.07062,0.0017169,-0.0050135,-0.0023453,0.00067787,-0.011731,-0.038237,0.0051321,0.0061073,-0.015739,-0.017389,0.011171,-4.5543e-05,0.0025786,0.022015,0.0024441
alpha13_pop,-0.0083832,0.023098,0.0048697,-0.0099814,0.0060739,-0.035956,-0.0021486,-0.015752,-0.00015453,-0.0027309,0.0010713,-0.0044179,-0.0014438,0.0018121,0.00011956,0.00044472,-0.27257,-0.043603,-0.029055,0.020469,0.35808,0.069743,1,0.00034087,-0.0072931,0.28308,nan,0.013258,0.016634,-0.045415,-0.013072,-0.16257,-0.033975,0.011701,-0.0058698,0.00093672,-0.007591,0.036565,0.0025364,0.038344,-0.025521,-0.062489,-0.00017846,-0.0026534,0.00077034,0.0022614,-0.0071928,-0.0070245,-0.00045295,-0.0027038,-0.0030685,-0.0032988,0.029988,-0.0007856,-0.00049051,0.010478,0.0007376
alpha14_pop,-0.00023096,0.00030947,0.00033205,6.4382e-05,4.3086e-05,-6.7627e-05,-0.00053772,0.0015342,2.1096e-06,-4.0426e-05,5.4689e-06,0.00017335,-0.00040185,0.0012798,-0.00021535,0.00042468,-0.0014583,0.00066683,0.0024998,-0.035513,0.0011983,0.00025326,0.00034087,1,-0.72092,0.0027328,nan,-0.0017129,0.11163,0.014107,-0.17441,0.016047,0.0095567,0.00014501,-0.00020652,0.00034736,-0.00035151,2.2664e-05,-2.2819e-05,0.00018463,0.00013659,2.8193e-06,3.3376e-06,-2.099e-05,2.2424e-05,6.8235e-06,-6.9138e-05,-0.000178,-0.00011181,4.4754e-05,8.3088e-05,-2.8485e-05,-0.0002672,4.64e-06,1.515e-05,0.0001059,6.8571e-05
alpha15_pop,0.00013425,6.6835e-06,-0.00078469,0.00062513,0.00024724,-0.00033681,3.5438e-05,0.00038733,-1.834e-05,5.094e-05,-6.0195e-05,0.0002219,-0.00017892,0.0015711,-0.00023428,-0.0018827,-0.0069962,0.014221,0.0010779,0.023613,0.0050308,-0.0053322,-0.0072931,-0.72092,1,-0.025832,nan,0.0084982,-0.10765,-0.0043086,0.16508,0.014315,0.0010359,-0.010009,0.00013068,-0.00098411,1.2758e-05,-0.00058147,-0.00026826,-0.00040707,9.5967e-05,0.00073266,-2.1652e-05,1.8354e-06,3.9792e-05,0.00011207,0.00073096,0.0022022,-0.00015509,-0.00023318,0.0002123,9.0568e-05,-0.00022617,1.4088e-05,-4.8068e-05,-0.0016155,-0.00013548
alpha16_pop,0.0022172,-0.011693,0.02464,-0.030048,-0.011167,0.016693,0.014931,-0.068476,0.00070462,-0.0006266,0.0029809,-0.0090242,0.019457,-0.11071,0.018883,0.077009,0.35639,-0.62213,-0.15043,0.096692,-0.27354,0.24315,0.28308,0.0027328,-0.025832,1,nan,-0.3214,0.051904,-0.31786,-0.041196,-0.52464,-0.39266,0.47837,0.0012514,0.032958,0.010672,0.022083,0.01198,0.012672,-0.0089448,-0.030214,0.00085873,0.00074426,-0.0017059,-0.0048469,-0.029332,-0.087164,0.011716,0.010976,-0.012025,-0.0033226,0.019064,-0.00081144,0.002099,0.065509,0.0038534
alpha17_pop,nan,nan,nan,nan,nan,nan,nan,nan,nan,nan,nan,nan,nan,nan,nan,nan,nan,nan,nan,nan,nan,nan,nan,nan,nan,nan,nan,nan,nan,nan,nan,nan,nan,nan,nan,nan,nan,nan,nan,nan,nan,nan,nan,nan,nan,nan,nan,nan,nan,nan,nan,nan,nan,nan,nan,nan,nan
alpha21_pop,0.003963,0.043565,-0.036787,0.024867,0.011043,-0.028858,-0.016556,0.066432,-0.00066214,-0.00023974,-0.0017847,0.0029754,-0.01125,0.077613,-0.012838,-0.051981,-0.37285,0.3924,0.073294,-0.014359,0.26722,-0.2491,0.013258,-0.0017129,0.0084982,-0.3214,nan,1,-0.0086043,0.1563,0.0081628,0.13843,0.30892,-0.32475,0.005367,-0.016128,-0.023737,-0.033093,-0.0082341,0.0015447,-0.0042937,0.026067,-0.0010467,0.00080977,0.0010694,0.00030893,0.011214,0.038253,-0.0081542,-0.0098855,-0.014054,0.002184,-0.0040225,-1.2176e-05,-0.00082787,-0.025455,-0.0018552
alpha22_pop,-1.1289e-05,2.0586e-06,0.00088934,-0.0011836,-0.00045764,0.00034554,0.0005016,-0.0020767,2.6948e-05,-0.00010884,6.4404e-05,-0.0011507,0.00089356,-0.0043271,0.00065808,0.0027243,0.011612,-0.027608,-0.0042218,-7.5278e-05,-0.0080435,0.0055321,0.016634,0.11163,-0.10765,0.051904,nan,-0.0086043,1,-0.0064536,-0.52913,-0.098091,-0.010056,0.017243,-4.165e-06,0.0014799,0.00029124,0.0011108,0.00050499,0.00052414,-0.0004601,-0.0012325,3.7223e-05,3.7069e-05,-0.00016176,-0.0002529,-0.0014132,-0.0043479,0.00039079,0.00027636,-0.00063265,-8.19e-05,0.00078411,-3.6555e-05,3.2482e-05,0.0032158,0.00017472
alpha23_pop,-0.0039915,0.012467,-0.015268,0.020588,0.0040884,-0.0065217,-0.0080728,0.083814,0.00012939,-0.00043632,-0.0014257,0.00094393,-0.0067538,0.069454,-0.023925,-0.093358,-0.20914,0.26199,0.37953,-0.4721,0.16937,-0.11374,-0.045415,0.014107,-0.0043086,-0.31786,nan,0.1563,-0.0064536,1,0.0030082,0.083155,0.38471,-0.57962,-0.0029219,-0.013081,-0.0059639,-0.0086853,-0.004965,4.0372e-05,0.01306,0.0030028,-0.00070857,-0.0018963,0.00041079,0.00076329,0.012685,0.026503,-0.017001,-0.020006,0.0035169,0.00049051,-0.02783,9.4583e-05,-0.00022965,-0.023659,-0.0027303
alpha24_pop,3.8208e-05,2.5217e-05,-0.00076401,0.00094464,0.00036829,-0.00030296,-0.00035939,0.0015073,-1.6862e-05,0.00015858,-5.268e-05,0.00088829,-0.00067382,0.0033217,-0.00048743,-0.0021484,-0.0093464,0.021971,0.0027711,0.0039488,0.0064493,-0.004637,-0.013072,-0.17441,0.16508,-0.041196,nan,0.0081628,-0.52913,0.0030082,1,0.075286,0.007008,-0.013365,3.1136e-05,-0.0012129,-0.00022612,-0.00091284,-0.00040201,-0.00042687,0.00033228,0.0010056,-4.4067e-05,-1.4792e-05,0.00012686,0.00019658,0.0011214,0.0034642,-0.00028877,-0.00021168,0.00047195,7.0306e-05,-0.00057111,3.0204e-05,-2.8721e-05,-0.00255,-0.00014319
alpha25_pop,0.00024731,0.0024355,-0.010509,0.012918,0.0050994,-0.0048691,-0.0061509,0.024919,-0.00034584,0.0004192,-0.00070197,0.011747,-0.0096425,0.047174,-0.0072794,-0.029079,-0.13366,0.29165,0.046364,-0.025952,0.092596,-0.06528,-0.16257,0.016047,0.014315,-0.52464,nan,0.13843,-0.098091,0.083155,0.075286,1,0.11874,-0.18583,0.00024463,-0.015059,-0.0043486,-0.012813,-0.0053825,-0.0048038,0.004395,0.013404,-0.00029336,-0.00041258,0.0016699,0.0025082,0.01438,0.044522,-0.0043356,-0.0031894,0.0054099,0.00085333,-0.0081404,0.00033598,-0.00032051,-0.032771,-0.0017598
alpha26_pop,-0.005484,0.020288,-0.022185,0.024667,0.0074742,-0.018211,-0.012913,0.066594,-0.00035881,-0.00033463,-0.0020799,0.0029843,-0.0091847,0.1237,-0.021154,-0.088099,-0.31488,0.36022,0.25193,-0.39597,0.27447,-0.23534,-0.033975,0.0095567,0.0010359,-0.39266,nan,0.30892,-0.010056,0.38471,0.007008,0.11874,1,-0.53451,-0.0022347,-0.019754,-0.011329,-0.0082061,-0.0082944,-0.0045369,0.0035106,0.015696,-0.0012344,-0.0027519,0.00090169,0.0019306,0.018623,0.040327,-0.014573,-0.017559,0.0042981,0.002791,-0.011591,0.0013127,-0.0017009,-0.0405,-0.0026194
alpha27_pop,0.0063173,-0.02001,0.025889,-0.025866,-0.0077614,0.018785,0.013058,-0.077741,0.00012944,0.00036287,0.0020073,-0.0011212,0.011283,-0.098004,0.040143,0.16842,0.32877,-0.38613,-0.42438,0.10052,-0.26525,0.23776,0.011701,0.00014501,-0.010009,0.47837,nan,-0.32475,0.017243,-0.57962,-0.013365,-0.18583,-0.53451,1,0.0027732,0.014992,0.0087688,0.011066,0.0076847,0.0046149,-0.0063231,-0.014682,0.0012916,0.002647,-0.00076025,-0.00083049,-0.018497,-0.047338,0.029037,0.034283,0.0004505,-0.0025544,0.018165,-0.00054303,0.0012399,0.038752,0.0054672
omega_b01,0.19302,-0.094353,0.0036629,-0.025909,-0.0003566,0.0025604,-0.0030445,0.0035849,-0.0017515,0.0031521,0.0013104,-0.0013279,-0.00041792,0.00087701,-4.4486e-05,0.0031547,0.0099882,-0.0080745,-0.0014807,0.0062803,-0.022435,0.0090184,-0.0058698,-0.00020652,0.00013068,0.0012514,nan,0.005367,-4.165e-06,-0.0029219,3.1136e-05,0.00024463,-0.0022347,0.0027732,1,0.07135,0.015957,-0.017159,0.0024105,0.00041064,0.00039937,0.0016446,0.00056255,-0.0036307,-0.0016582,0.0014589,-0.0025699,-0.0021683,8.5574e-05,0.0043904,-0.14759,-0.0012482,0.00014103,0.00053626,0.0018039,0.0017742,-0.0011501
omega_b11,0.097894,-0.55489,-0.33264,-0.28794,-0.0093903,0.014783,-0.01077,0.00143,0.0013092,-0.0033835,0.0060926,0.00096689,0.0017361,-0.0078703,0.0023656,0.0022416,0.013705,-0.0099252,-0.00062207,-0.00090329,-0.09844,0.020319,0.00093672,0.00034736,-0.00098411,0.032958,nan,-0.016128,0.0014799,-0.013081,-0.0012129,-0.015059,-0.019754,0.014992,0.07135,1,0.39662,-0.021317,-0.0041416,0.0099274,0.0046096,0.0058846,0.0031293,0.013108,-0.0091886,-0.006761,0.0088842,-0.0092289,0.0032855,0.0038963,-0.1674,0.00025912,-0.0055222,-0.0071116,0.0060269,-0.0041987,4.8443e-05
omega_b21,-0.029297,-0.39931,-0.54706,-0.13813,-0.013562,0.01151,-0.021382,0.013698,0.00025106,0.0051542,0.0043458,-0.00011912,-0.0045404,0.0012796,0.0020483,-0.0065646,0.01928,-0.015864,-0.011627,0.011968,-0.028809,0.012253,-0.007591,-0.00035151,1.2758e-05,0.010672,nan,-0.023737,0.00029124,-0.0059639,-0.00022612,-0.0043486,-0.011329,0.0087688,0.015957,0.39662,1,-0.070597,-0.0034579,0.0082562,0.0090233,0.0011419,0.0049763,0.009972,0.0030651,-0.0090839,0.0027702,-0.011849,0.0025077,-0.0018935,-0.091658,-0.00099095,-0.0060649,-0.0098126,-0.0015412,-0.0041011,0.001658
omega_a1,-0.01644,0.22631,0.28083,-0.68773,0.0051525,-0.015432,0.010566,-0.022374,0.0037412,-0.0054857,0.0028093,-0.0058728,-0.0019137,-0.0010204,-0.0067259,0.027348,0.0028205,-0.030671,0.013747,0.00069159,0.024297,0.0025056,0.036565,2.2664e-05,-0.00058147,0.022083,nan,-0.033093,0.0011108,-0.0086853,-0.00091284,-0.012813,-0.0082061,0.011066,-0.017159,-0.021317,-0.070597,1,-0.0058618,0.02354,0.0071421,-0.0069223,-0.0018825,-0.0031372,-0.0020577,-0.0010358,0.0035548,0.007156,-0.01204,0.00057786,0.18191,0.0013205,-0.0037479,0.0073756,0.0030989,-0.006083,0.0058319
omega_b02,0.0015851,-0.0013868,-0.0025363,0.0087178,-0.014029,0.012257,0.0010763,-0.0028179,0.00050762,-0.0019591,0.0007115,-0.00012635,-0.0019042,-0.0041795,-0.00072603,0.0026732,0.018011,-0.023951,-0.0012521,0.0024962,-0.0097823,0.014618,0.0025364,-2.2819e-05,-0.00026826,0.01198,nan,-0.0082341,0.00050499,-0.004965,-0.00040201,-0.0053825,-0.0082944,0.0076847,0.0024105,-0.0041416,-0.0034579,-0.0058618,1,-0.018548,-0.00067838,-0.0025914,0.0013496,0.00090919,0.00085956,-0.00041976,0.0012818,-0.0013315,0.0013028,-0.0054757,-0.0030812,-0.097471,0.0011685,-0.00035673,0.0010925,-0.00024238,0.00069032
omega_b12,-1.4417e-06,0.0028475,0.0032228,-0.024575,-0.023253,0.098324,0.0049298,-0.010509,-7.0255e-06,0.0013415,-0.00039994,-0.00085945,-0.00062361,-0.001244,0.00037166,0.0062853,-0.017727,0.013118,-0.0038668,9.4215e-05,0.0036162,0.051805,0.038344,0.00018463,-0.00040707,0.012672,nan,0.0015447,0.00052414,4.0372e-05,-0.00042687,-0.0048038,-0.0045369,0.0046149,0.00041064,0.0099274,0.0082562,0.02354,-0.018548,1,-0.00064824,0.0019608,0.0016178,0.00020019,-0.00038257,0.0032039,-0.0047497,0.0044284,5.2016e-05,0.0034546,0.00059415,-0.059584,0.0014814,-0.001062,0.00047227,0.002159,-0.0021675
omega_b03,-0.00075977,-0.0011476,-0.002188,-0.0072944,0.00047092,0.0010583,0.0029041,-0.020279,-0.0016397,0.005974,-0.0011074,0.0034307,-0.00070241,0.0020432,0.0010169,-0.0010655,0.017653,-0.011107,0.0038031,-0.0057901,-0.013913,0.0029137,-0.025521,0.00013659,9.5967e-05,-0.0089448,nan,-0.0042937,-0.0004601,0.01306,0.00033228,0.004395,0.0035106,-0.0063231,0.00039937,0.0046096,0.0090233,0.0071421,-0.00067838,-0.00064824,1,-0.046335,-0.0011952,0.00035815,-0.00332,8.6883e-05,0.0028115,0.00046307,0.0025644,-0.00069474,0.0007141,-0.00077327,-0.099918,-0.00041313,0.00087117,-0.0010684,-0.0008662
omega_b13,0.001046,-0.0030997,-0.0051084,0.0034057,-0.0005594,0.0082736,0.0088325,-0.034342,-0.00054797,0.0039085,-0.00048162,0.0016878,0.002334,-0.0041321,0.0013393,-0.0057363,-0.064225,0.071461,0.0049181,-0.0023524,0.036728,-0.07062,-0.062489,2.8193e-06,0.00073266,-0.030214,nan,0.026067,-0.0012325,0.0030028,0.0010056,0.013404,0.015696,-0.014682,0.0016446,0.0058846,0.0011419,-0.0069223,-0.0025914,0.0019608,-0.046335,1,0.00021959,0.0040723,0.00080522,0.00099452,0.0003316,0.0070698,0.0010956,-0.0024146,-0.0021002,0.0007996,-0.033471,1.2519e-05,0.00074403,-0.0033148,-0.00054937
omega_b04,0.00059291,-0.0020492,-0.0012387,-0.00078174,-0.0013869,0.00093337,0.00058675,-3.8667e-05,-0.001748,-0.0061345,-0.00019724,-0.00080794,0.00010988,-0.0011213,-0.00054469,0.0015483,0.0014167,-0.0013237,-0.00036147,0.00025252,-0.00087644,0.0017169,-0.00017846,3.3376e-06,-2.1652e-05,0.00085873,nan,-0.0010467,3.7223e-05,-0.00070857,-4.4067e-05,-0.00029336,-0.0012344,0.0012916,0.00056255,0.0031293,0.0049763,-0.0018825,0.0013496,0.0016178,-0.0011952,0.00021959,1,-0.0062651,-0.00069774,0.00022606,-0.0010731,-0.00051665,-0.00014622,0.0046027,-0.000718,-0.00077791,0.00031733,-0.043713,-0.00031158,0.0007402,0.00028671
omega_b14,-0.0032132,-0.0071469,-0.01108,-0.0052778,-0.0014386,0.0023259,-0.0021225,-0.0027433,-0.0039202,0.0066976,0.0022878,0.00094501,-0.0032897,0.0045085,0.0015871,0.0045826,-0.0022159,0.0024399,-0.0018249,0.00078352,-0.00046176,-0.0050135,-0.0026534,-2.099e-05,1.8354e-06,0.00074426,nan,0.00080977,3.7069e-05,-0.0018963,-1.4792e-05,-0.00041258,-0.0027519,0.002647,-0.0036307,0.013108,0.009972,-0.0031372,0.00090919,0.00020019,0.00035815,0.0040723,-0.0062651,1,0.0027603,-0.00090657,0.0028616,-0.0052045,0.0031157,-0.013084,-0.0043764,-0.0002101,-0.00071139,-0.12113,-0.0024301,-0.001723,-0.00026077
omega_b05,-0.0026956,0.0058947,0.00068005,0.0049386,0.0010848,-0.0028104,0.00098248,-0.0018056,-0.00073484,0.005002,0.050731,-0.025741,0.00060522,0.0010214,-0.0017161,0.0023252,-0.0029578,0.0025335,0.00021565,-0.00031484,0.0064543,-0.0023453,0.00077034,2.2424e-05,3.9792e-05,-0.0017059,nan,0.0010694,-0.00016176,0.00041079,0.00012686,0.0016699,0.00090169,-0.00076025,-0.0016582,-0.0091886,0.0030651,-0.0020577,0.00085956,-0.00038257,-0.00332,0.00080522,-0.00069774,0.0027603,1,0.02138,0.00049435,-0.0014324,-0.00062706,-0.00072054,0.0035348,0.00017168,0.0016147,0.00055849,-0.1126,0.0004655,0.00011069
omega_b15,0.0018492,0.01323,0.019493,0.001044,0.00033341,-0.0031177,0.0021293,-0.0017138,-0.00065157,-0.0014769,-0.01201,0.037566,0.001978,0.0020313,0.00035277,0.0033674,-0.0037808,0.0047543,0.00030523,-0.0010466,0.0028933,0.00067787,0.0022614,6.8235e-06,0.00011207,-0.0048469,nan,0.00030893,-0.0002529,0.00076329,0.00019658,0.0025082,0.0019306,-0.00083049,0.0014589,-0.006761,-0.0090839,-0.0010358,-0.00041976,0.0032039,8.6883e-05,0.00099452,0.00022606,-0.00090657,0.02138,1,0.0023473,0.0047408,-0.00050791,-0.00041263,0.0038514,-0.00033947,-0.0012888,0.0027577,-0.085627,-0.0016487,0.00036524
omega_b06,-0.00087246,-0.0050398,-0.0046084,-0.006347,0.0015312,-0.0043191,-0.00027234,0.0025917,0.0003652,-0.0007891,3.7302e-06,0.00038154,0.05049,-0.00026834,-0.00096942,-0.0050843,-0.013706,0.017406,0.0085662,-0.0038965,0.013683,-0.011731,-0.0071928,-6.9138e-05,0.00073096,-0.029332,nan,0.011214,-0.0014132,0.012685,0.0011214,0.01438,0.018623,-0.018497,-0.0025699,0.0088842,0.0027702,0.0035548,0.0012818,-0.0047497,0.0028115,0.0003316,-0.0010731,0.0028616,0.00049435,0.0023473,1,-0.015381,-0.001054,0.0036195,0.0016096,0.0013406,-0.0019166,-0.00015729,0.0010089,-0.11808,-6.9723e-05
omega_b16,-0.00014091,0.012221,0.0072896,-0.0044637,0.0019356,-0.00064795,-0.002344,0.0026498,-0.0007442,0.0035571,-0.0012384,0.00062725,-0.0048437,-0.0037823,-0.00079402,-0.0080798,-0.059596,0.074102,0.018069,-0.0099466,0.04368,-0.038237,-0.0070245,-0.000178,0.0022022,-0.087164,nan,0.038253,-0.0043479,0.026503,0.0034642,0.044522,0.040327,-0.047338,-0.0021683,-0.0092289,-0.011849,0.007156,-0.0013315,0.0044284,0.00046307,0.0070698,-0.00051665,-0.0052045,-0.0014324,0.0047408,-0.015381,1,-0.0016167,-0.0027604,0.0056021,-0.0013188,-0.0013073,0.0014097,-0.0026642,-0.091451,-0.0021472
omega_b07,-0.00085351,-0.0056931,-0.0077552,0.0094778,-0.0003137,0.002412,0.0010563,-0.0040586,0.00070134,-0.00097043,0.00067315,-0.00067923,-0.00038138,-0.00065494,0.10336,-0.060583,0.0085556,-0.0096329,-0.01046,0.0056091,-0.0080691,0.0051321,-0.00045295,-0.00011181,-0.00015509,0.011716,nan,-0.0081542,0.00039079,-0.017001,-0.00028877,-0.0043356,-0.014573,0.029037,8.5574e-05,0.0032855,0.0025077,-0.01204,0.0013028,5.2016e-05,0.0025644,0.0010956,-0.00014622,0.0031157,-0.00062706,-0.00050791,-0.001054,-0.0016167,1,-0.014591,-0.0037618,1.6852e-05,6.6343e-05,-0.0011807,-0.00092848,0.0012352,-0.095697
omega_b17,0.005663,-0.00096072,0.0052477,-0.0035374,-0.00055718,0.0038948,0.001185,-0.0053646,-0.0014564,0.0080261,0.00066031,-0.0016458,-0.0042832,0.0081448,-0.036505,0.09791,0.0079632,-0.0077828,-0.014547,0.0017671,-0.0069586,0.0061073,-0.0027038,4.4754e-05,-0.00023318,0.010976,nan,-0.0098855,0.00027636,-0.020006,-0.00021168,-0.0031894,-0.017559,0.034283,0.0043904,0.0038963,-0.0018935,0.00057786,-0.0054757,0.0034546,-0.00069474,-0.0024146,0.0046027,-0.013084,-0.00072054,-0.00041263,0.0036195,-0.0027604,-0.014591,1,-0.0010521,-0.0020577,0.0023514,0.0014591,0.001238,0.0015809,-0.11196
b_1,-0.040856,0.18597,0.21076,-0.18294,0.0044542,-0.0092352,0.0053225,-0.00333,0.0021866,-0.004649,-0.00070939,-0.0011585,0.00081295,0.00082097,-0.0026456,0.0080509,-0.0097782,0.0090669,-0.0098209,-0.0054744,0.060798,-0.015739,-0.0030685,8.3088e-05,0.0002123,-0.012025,nan,-0.014054,-0.00063265,0.0035169,0.00047195,0.0054099,0.0042981,0.0004505,-0.14759,-0.1674,-0.091658,0.18191,-0.0030812,0.00059415,0.0007141,-0.0021002,-0.000718,-0.0043764,0.0035348,0.0038514,0.0016096,0.0056021,-0.0037618,-0.0010521,1,0.0016523,0.0011495,0.0043044,-0.001413,-0.0034001,-0.0014761
a_2,-0.00028793,-0.00074789,0.00066873,-0.00064718,0.0018284,-0.016765,-0.00070732,0.0013078,-0.00031823,0.0012064,-6.1352e-05,0.00090019,0.0010336,0.00080088,0.00023552,-0.00078713,-0.0053726,0.0046511,0.00090489,-0.00045375,0.0065812,-0.017389,-0.0032988,-2.8485e-05,9.0568e-05,-0.0033226,nan,0.002184,-8.19e-05,0.00049051,7.0306e-05,0.00085333,0.002791,-0.0025544,-0.0012482,0.00025912,-0.00099095,0.0013205,-0.097471,-0.059584,-0.00077327,0.0007996,-0.00077791,-0.0002101,0.00017168,-0.00033947,0.0013406,-0.0013188,1.6852e-05,-0.0020577,0.0016523,1,0.00013955,0.00014741,-0.00073716,5.725e-05,0.00082094
a_3,-0.00037284,0.0039881,0.0050459,0.0039542,0.0014069,-0.0038805,-0.002804,0.0063191,0.00093458,-0.0031369,1.7519e-07,-0.00018138,-0.00063897,-0.0026172,0.00022464,0.0042992,0.0043075,-0.012923,-0.0081183,0.010643,0.0007119,0.011171,0.029988,-0.0002672,-0.00022617,0.019064,nan,-0.0040225,0.00078411,-0.02783,-0.00057111,-0.0081404,-0.011591,0.018165,0.00014103,-0.0055222,-0.0060649,-0.0037479,0.0011685,0.0014814,-0.099918,-0.033471,0.00031733,-0.00071139,0.0016147,-0.0012888,-0.0019166,-0.0013073,6.6343e-05,0.0023514,0.0011495,0.00013955,1,0.0008165,-0.00039818,0.0020906,-0.00032384
a_4,0.00085721,0.0063805,0.0080508,-0.0038945,0.00052727,-0.00090851,0.00060587,-0.00060178,0.0058592,-0.0052907,-0.001124,0.0016784,0.00043087,0.00082317,-0.0011623,-0.00086252,0.00010659,-5.6259e-05,0.00047797,-0.0003938,0.0018301,-4.5543e-05,-0.0007856,4.64e-06,1.4088e-05,-0.00081144,nan,-1.2176e-05,-3.6555e-05,9.4583e-05,3.0204e-05,0.00033598,0.0013127,-0.00054303,0.00053626,-0.0071116,-0.0098126,0.0073756,-0.00035673,-0.001062,-0.00041313,1.2519e-05,-0.043713,-0.12113,0.00055849,0.0027577,-0.00015729,0.0014097,-0.0011807,0.0014591,0.0043044,0.00014741,0.0008165,1,-0.0014507,-0.0018095,-0.00063968
b_5,0.0026549,-0.0067033,-0.0012649,-0.0034815,-0.0012351,0.0022926,-0.0016279,0.00020281,0.00038574,-0.0022351,-0.018026,-0.002047,0.00041119,-0.0017632,0.00030783,-0.00082872,0.0028477,-0.0026375,-0.00092959,0.00047166,-0.0045231,0.0025786,-0.00049051,1.515e-05,-4.8068e-05,0.002099,nan,-0.00082787,3.2482e-05,-0.00022965,-2.8721e-05,-0.00032051,-0.0017009,0.0012399,0.0018039,0.0060269,-0.0015412,0.0030989,0.0010925,0.00047227,0.00087117,0.00074403,-0.00031158,-0.0024301,-0.1126,-0.085627,0.0010089,-0.0026642,-0.00092848,0.001238,-0.001413,-0.00073716,-0.00039818,-0.0014507,1,0.0011651,1.526e-05
b_6,-0.00020613,0.00076547,0.0060618,0.010169,-0.0021226,0.0032747,0.0023693,-0.004861,0.0001347,0.00063961,0.00061307,-0.0011784,-0.026019,-0.003062,0.0020119,0.004224,0.034011,-0.046838,-0.013986,0.0093837,-0.026053,0.022015,0.010478,0.0001059,-0.0016155,0.065509,nan,-0.025455,0.0032158,-0.023659,-0.00255,-0.032771,-0.0405,0.038752,0.0017742,-0.0041987,-0.0041011,-0.006083,-0.00024238,0.002159,-0.0010684,-0.0033148,0.0007402,-0.001723,0.0004655,-0.0016487,-0.11808,-0.091451,0.0012352,0.0015809,-0.0034001,5.725e-05,0.0020906,-0.0018095,0.0011651,1,-0.00024988
b_7,-0.00049824,-0.00065536,-3.3111e-05,-0.0034405,-0.00095543,-0.0007642,0.00049995,0.00021122,-0.00064348,-0.00021831,0.00053482,-0.00048972,-2.9189e-05,-0.0021783,-0.041873,0.011005,0.0022772,-0.0030128,-0.0048613,-0.0011457,-0.0017806,0.0024441,0.0007376,6.8571e-05,-0.00013548,0.0038534,nan,-0.0018552,0.00017472,-0.0027303,-0.00014319,-0.0017598,-0.0026194,0.0054672,-0.0011501,4.8443e-05,0.001658,0.0058319,0.00069032,-0.0021675,-0.0008662,-0.00054937,0.00028671,-0.00026077,0.00011069,0.00036524,-6.9723e-05,-0.0021472,-0.095697,-0.11196,-0.0014761,0.00082094,-0.00032384,-0.00063968,1.526e-05,-0.00024988,1
