b01_pop,0.019039,-0.00029884,0.00014695,-0.0064554,-1.8188e-07,-2.2773e-08,5.4324e-06,-3.4368e-06,1.043e-05,-2.895e-06,2.0787e-05,-2.2177e-07,-1.9165e-05,4.2766e-06,0.00057224,4.8735e-05,3.1828e-05,2.1058e-06,2.8491e-05,6.5886e-06,-2.1414e-06,0.0035295,-0.00028638,5.9674e-05,3.3932e-09,-2.027e-05,1.8826e-08,7.3604e-05,-0.00010605,5.5602e-05,-1.9505e-12,-3.2062e-09,nan,-2.333e-07,0.0027126,0.00017648,-3.867e-05,0.00087814,-2.8719e-08,-2.5468e-07,3.3624e-06,-1.0677e-06,1.9979e-06,2.8961e-06,6.2908e-06,-2.6721e-06,1.1862e-05,1.9654e-06,-0.00051748,2.2598e-05,-3.2652e-05,2.1026e-07,-3.5156e-06,3.5062e-06,-1.103e-07,nan,2.9857e-07
b11_pop,-0.00029884,0.00027622,0.00016368,-5.6832e-05,1.1156e-07,-3.5146e-08,1.7524e-07,-1.6678e-06,-4.1507e-06,3.2213e-06,-4.3912e-06,6.5158e-07,-2.1551e-06,-3.2528e-06,-0.00044801,3.8619e-05,1.2489e-06,1.7881e-05,2.6232e-05,-3.0972e-06,5.07e-06,0.0007233,-3.8383e-05,4.3819e-05,1.4097e-09,-9.2403e-05,-8.2478e-09,4.4019e-05,-0.00024269,2.2001e-05,-1.3188e-12,-1.9706e-09,nan,-1.5278e-07,-6.334e-05,-0.00013961,-6.2844e-05,0.00031807,-1.182e-07,9.1094e-09,-1.7419e-06,-7.6355e-07,-3.422e-06,5.1211e-07,-3.7479e-06,1.0228e-06,1.059e-06,-1.0249e-06,-0.00057315,-0.00019246,-2.8805e-06,-4.9652e-08,-7.2567e-07,-9.7976e-07,2.98e-07,nan,6.4084e-07
b21_pop,0.00014695,0.00016368,0.0002561,0.00067249,3.7171e-07,-6.0364e-08,1.3826e-06,-8.282e-07,-6.4405e-07,3.067e-06,-1.1167e-06,-1.077e-07,-7.9455e-07,-4.2274e-06,-0.00028171,3.6372e-05,4.8659e-06,4.7976e-06,1.4861e-05,-6.2839e-06,3.2899e-06,0.00033906,-2.938e-05,2.901e-05,-1.8843e-10,-3.2349e-05,-1.0834e-08,3.4829e-06,-0.00026068,1.1143e-05,-1.98e-13,-1.1855e-10,nan,-1.7156e-08,7.216e-05,-0.00011115,-0.00011116,0.00036281,-8.4227e-08,-3.5148e-08,-1.178e-06,-1.1224e-06,-2.8423e-06,9.3909e-07,-3.0961e-06,3.6883e-07,1.4767e-06,-1.006e-06,-0.00076925,-0.00029417,-1.1805e-06,-3.5657e-08,-1.0363e-06,-6.1982e-07,4.0119e-07,nan,7.9824e-07
a1_pop,-0.0064554,-5.6832e-05,0.00067249,0.37693,2.1117e-05,-1.4767e-07,0.00033108,-8.0753e-05,0.00036245,-2.258e-05,-5.6075e-05,-2.6125e-05,0.00043382,-0.00010078,-0.0043669,0.0012859,0.0003134,1.3281e-05,0.00036121,-3.3825e-05,0.0005084,0.02311,-0.0029843,0.00087879,5.8589e-10,-6.0754e-05,-1.7961e-08,-0.00013929,-0.0041861,0.00028551,-1.1946e-12,1.1522e-09,nan,-4.1482e-08,-0.00481,-0.0019666,-0.0021393,-0.033304,1.8199e-05,-3.6642e-06,3.0371e-05,5.7835e-05,-2.1414e-05,-5.5483e-05,5.4397e-05,1.9783e-05,-0.00010822,1.0677e-05,-0.0095918,-0.0059253,-0.0002732,-2.0102e-06,1.3794e-05,3.4168e-05,-3.4622e-07,nan,1.4432e-05
b02_pop,-1.8188e-07,1.1156e-07,3.7171e-07,2.1117e-05,8.8463e-06,-3.1317e-07,-1.4388e-07,-2.4109e-08,-1.3027e-07,6.4305e-08,-1.9918e-07,2.683e-08,4.3297e-07,-1.7915e-07,-5.6159e-06,-2.439e-06,-5.971e-07,1.6921e-06,-4.0799e-07,2.7787e-07,1.1446e-08,-3.9442e-05,4.4782e-06,-1.2079e-06,1.0949e-11,3.0159e-07,2.2029e-10,7.2625e-07,4.9461e-05,-3.1102e-07,-5.0067e-15,-3.8409e-11,nan,-1.7956e-09,7.4489e-07,-2.9019e-07,-4.2029e-07,-2.373e-06,-1.2282e-07,1.4172e-08,-2.9759e-07,-6.0023e-08,4.3696e-07,-2.1612e-08,1.5944e-08,-1.8112e-08,4.7176e-07,-5.9261e-08,-2.0798e-05,-6.2527e-06,-1.8285e-08,-1.9409e-09,-3.9201e-08,-3.9064e-08,6.2848e-09,nan,-9.6618e-09
b12_pop,-2.2773e-08,-3.5146e-08,-6.0364e-08,-1.4767e-07,-3.1317e-07,1.8751e-07,3.263e-08,2.7958e-08,1.5121e-08,-2.0372e-08,3.0783e-08,1.1335e-09,-4.5356e-08,3.231e-08,-4.8981e-06,8.181e-07,6.6243e-07,-7.0055e-07,-1.4865e-07,7.5252e-08,-2.1338e-08,0.00011393,-2.1925e-06,-1.9083e-06,4.9135e-11,4.6079e-06,1.1431e-09,1.855e-07,1.7042e-05,2.0325e-07,-7.2562e-16,-1.5613e-11,nan,-5.3769e-10,-2.1448e-07,4.5311e-08,1.4525e-08,-1.6731e-08,-6.376e-09,-3.5053e-09,7.7727e-08,2.6824e-08,-9.5771e-09,5.771e-09,2.4239e-08,-3.3316e-09,-9.0599e-08,1.5061e-08,2.8678e-06,9.6905e-07,1.5694e-09,3.939e-09,9.3886e-10,-3.3691e-09,-1.5751e-09,nan,3.125e-09
b03_pop,5.4324e-06,1.7524e-07,1.3826e-06,0.00033108,-1.4388e-07,3.263e-08,0.0033842,-0.00010752,-1.7937e-06,-2.472e-07,2.7819e-06,-9.6382e-07,-2.0053e-06,1.6272e-06,-0.00038805,5.149e-05,2.4619e-05,-4.3536e-05,-1.4666e-05,8.8091e-06,1.9695e-06,0.0027005,-0.00015194,-3.0382e-05,1.3967e-09,0.00013783,3.3626e-08,3.0265e-06,0.00054446,2.3798e-05,-1.7388e-14,-4.7302e-10,nan,-1.6316e-08,5.4271e-07,-1.8628e-06,-2.912e-06,-4.3451e-05,3.2205e-07,-1.7253e-08,1.4704e-05,1.7454e-06,-3.1704e-07,4.7727e-07,8.5517e-07,-1.2224e-06,1.0973e-06,-3.3534e-07,-0.00036175,-3.0632e-05,-1.3344e-07,-1.8371e-08,-3.6853e-06,2.0341e-07,4.5795e-08,nan,4.0641e-07
b13_pop,-3.4368e-06,-1.6678e-06,-8.282e-07,-8.0753e-05,-2.4109e-08,2.7958e-08,-0.00010752,0.00013036,-4.4826e-07,6.0467e-07,4.1298e-07,-1.9644e-07,-2.3868e-07,-3.7698e-07,0.00013749,-2.1762e-05,-2.2999e-05,2.0993e-05,1.4848e-05,-2.1713e-06,3.749e-06,-0.0011733,8.5394e-05,1.0292e-06,-2.9988e-10,-6.4353e-05,-1.0295e-08,2.7751e-06,-0.00020926,-1.1569e-05,-8.2286e-14,2.4459e-11,nan,-4.5824e-09,-1.3282e-06,4.0254e-07,1.3282e-06,3.5648e-06,-1.7004e-07,-1.3461e-09,8.8418e-07,-7.3631e-07,4.1111e-07,-4.3081e-09,-1.8854e-06,1.7337e-07,-7.6889e-07,1.9302e-07,0.00010461,5.1232e-07,-7.3261e-08,4.8708e-09,1.6646e-06,-3.4365e-07,4.6247e-08,nan,-4.6084e-08
b04_pop,1.043e-05,-4.1507e-06,-6.4405e-07,0.00036245,-1.3027e-07,1.5121e-08,-1.7937e-06,-4.4826e-07,0.010407,-7.9812e-05,2.8663e-07,-3.1783e-07,3.8181e-06,-1.4064e-06,-0.00015002,-1.4619e-07,6.5874e-06,1.6966e-05,4.3246e-06,-2.3434e-06,-3.8492e-06,-0.00090471,-4.6624e-05,8.9482e-05,-6.0067e-10,-0.00010295,-2.4896e-08,7.4012e-06,-0.00038061,7.3842e-06,-3.4345e-13,-2.3055e-10,nan,-3.1288e-08,2.783e-06,-2.6773e-07,-5.2294e-06,-5.5883e-05,-1.1148e-07,-2.2885e-08,2.0064e-06,-5.427e-08,-1.5977e-05,1.7482e-06,-6.8534e-06,4.1156e-07,4.4805e-07,-1.2015e-06,-0.00043304,-7.0346e-05,-2.0162e-07,5.8484e-10,-8.3414e-08,-7.6995e-07,5.9477e-08,nan,9.7214e-08
b14_pop,-2.895e-06,3.2213e-06,3.067e-06,-2.258e-05,6.4305e-08,-2.0372e-08,-2.472e-07,6.0467e-07,-7.9812e-05,5.633e-05,7.454e-08,-2.802e-07,-9.9306e-07,-1.0903e-07,-9.7355e-06,9.5304e-06,4.9715e-06,1.6067e-06,4.0955e-06,-1.8415e-06,-2.9931e-06,-0.00056828,-2.4278e-05,5.524e-05,-5.9195e-10,-5.5308e-05,-1.6177e-08,1.4193e-07,-0.0002431,3.3889e-06,-7.6768e-14,8.5157e-11,nan,-2.7835e-09,6.6103e-07,-1.9322e-06,-1.222e-06,1.1498e-05,3.7139e-08,4.0673e-10,-5.4689e-07,1.4608e-07,-6.3875e-06,-1.5553e-06,1.5842e-06,-8.2285e-08,4.2931e-07,2.4582e-07,2.9925e-05,5.819e-06,-8.3616e-08,-1.0516e-08,-7.0977e-10,1.9958e-06,-1.9059e-08,nan,7.5679e-08
b05_pop,2.0787e-05,-4.3912e-06,-1.1167e-06,-5.6075e-05,-1.9918e-07,3.0783e-08,2.7819e-06,4.1298e-07,2.8663e-07,7.454e-08,0.0026044,-7.2669e-05,-6.3415e-06,1.3055e-06,-0.00013409,0.00011133,1.0564e-06,4.6953e-09,-9.1312e-07,4.712e-07,3.3058e-07,-1.8039e-05,-1.2423e-05,4.2455e-06,1.5377e-12,4.0802e-06,-3.5313e-10,2.0163e-06,6.4083e-05,1.5218e-07,-2.2072e-14,-7.1952e-11,nan,-4.1665e-09,5.209e-06,2.8413e-06,-1.9953e-06,2.1814e-05,-2.2485e-07,6.7951e-08,-6.8896e-07,1.4833e-07,-4.7959e-07,4.3558e-07,0.00011175,-8.1557e-06,-9.0289e-07,5.8114e-07,-7.5882e-05,-4.397e-05,-1.8617e-07,2.7508e-08,1.2788e-07,9.0237e-07,-2.4085e-06,nan,3.1217e-08
b15_pop,-2.2177e-07,6.5158e-07,-1.077e-07,-2.6125e-05,2.683e-08,1.1335e-09,-9.6382e-07,-1.9644e-07,-3.1783e-07,-2.802e-07,-7.2669e-05,7.7111e-05,6.304e-07,1.0749e-07,0.00017659,-4.4067e-05,-1.2308e-07,8.4925e-08,-3.4736e-07,1.5021e-07,-7.9501e-08,0.00010099,1.4194e-06,-3.4971e-06,9.665e-11,2.8057e-06,1.6158e-09,4.1469e-07,-4.1389e-06,-3.7863e-07,-1.3824e-14,-2.803e-11,nan,-1.6369e-09,8.0822e-07,-2.6955e-07,8.7134e-07,-1.3544e-06,4.0472e-08,-8.0602e-09,1.2994e-06,7.1383e-08,6.0917e-08,-2.0168e-07,-7.7266e-06,3.8609e-06,-3.4421e-07,9.1339e-08,9.5245e-05,-1.0931e-05,8.4825e-08,-5.9648e-09,-8.7478e-08,-2.2915e-07,-8.3947e-08,nan,-9.0276e-09
b06_pop,-1.9165e-05,-2.1551e-06,-7.9455e-07,0.00043382,4.3297e-07,-4.5356e-08,-2.0053e-06,-2.3868e-07,3.8181e-06,-9.9306e-07,-6.3415e-06,6.304e-07,0.0021803,-9.264e-05,-0.00025225,-2.303e-05,7.0797e-06,-1.4072e-05,1.311e-06,-7.9421e-07,4.1839e-07,0.00062348,-4.0618e-05,1.2914e-06,-8.0042e-11,3.3942e-05,3.1893e-09,-6.0003e-06,2.4128e-05,3.9684e-06,1.539e-13,2.2865e-10,nan,1.7889e-08,-1.5317e-05,-2.271e-06,-5.4056e-06,-3.6485e-05,-1.1195e-07,-2.4531e-08,-3.1762e-06,1.1947e-06,-2.2216e-06,-2.2372e-06,-1.0734e-05,1.5597e-08,8.9622e-05,-2.4428e-05,-0.00018841,8.3738e-06,-3.4279e-07,-1.8343e-08,-3.918e-07,2.0884e-06,5.2758e-07,nan,-2.9518e-07
b16_pop,4.2766e-06,-3.2528e-06,-4.2274e-06,-0.00010078,-1.7915e-07,3.231e-08,1.6272e-06,-3.7698e-07,-1.4064e-06,-1.0903e-07,1.3055e-06,1.0749e-07,-9.264e-05,6.5967e-05,0.00012813,-1.5233e-05,-6.4776e-06,-3.0434e-06,-4.8152e-06,2.5692e-06,3.0887e-06,0.00049948,1.958e-05,-5.0101e-05,4.2785e-10,0.00011242,1.5381e-08,-1.2774e-06,0.00038003,-5.5682e-06,1.5579e-13,-3.1358e-11,nan,9.1599e-09,3.866e-06,2.8895e-06,3.9449e-06,-2.0635e-06,-4.217e-08,3.2406e-08,1.4111e-06,-6.1923e-07,1.3619e-06,4.8061e-07,2.4318e-06,8.9653e-08,-1.2675e-05,1.1033e-05,0.00018212,3.5368e-06,-4.5982e-09,1.0835e-08,2.0383e-07,-5.8079e-07,-1.0435e-07,nan,-3.7261e-08
b07_pop,0.00057224,-0.00044801,-0.00028171,-0.0043669,-5.6159e-06,-4.8981e-06,-0.00038805,0.00013749,-0.00015002,-9.7355e-06,-0.00013409,0.00017659,-0.00025225,0.00012813,45.033,-0.58524,-0.00040436,-0.0004846,5.2778e-05,-0.00010932,0.00017623,-0.030813,0.0027369,-0.0018568,-1.1603e-07,0.0032057,5.6607e-07,-0.0015693,0.0089127,-0.00037057,1.0588e-10,1.5786e-07,nan,1.2486e-05,0.0016009,0.00029486,0.00012838,0.00021581,2.1198e-05,3.3156e-07,0.00047247,-5.3024e-05,0.00016104,1.9993e-05,-0.00051905,3.8052e-05,-0.00020967,8.6301e-05,4.0775,-0.13088,1.7426e-05,2.3405e-06,9.3812e-05,-0.00010319,1.7505e-05,nan,-0.0017598
b17_pop,4.8735e-05,3.8619e-05,3.6372e-05,0.0012859,-2.439e-06,8.181e-07,5.149e-05,-2.1762e-05,-1.4619e-07,9.5304e-06,0.00011133,-4.4067e-05,-2.303e-05,-1.5233e-05,-0.58524,0.24579,4.2701e-05,4.5354e-06,2.1142e-05,-1.3338e-05,-3.1036e-06,-0.0017035,-0.00026151,0.00026286,-5.6409e-09,-0.00029263,1.9817e-07,-4.7551e-05,-0.0018396,-1.1446e-05,1.1128e-11,1.7159e-08,nan,1.3685e-06,-7.1275e-05,-2.9991e-05,-3.3407e-05,-4.2135e-05,-1.3885e-06,-1.5012e-07,2.6453e-05,5.7147e-06,-3.2261e-05,-3.9926e-07,4.0875e-05,-3.9054e-06,-4.2347e-06,-1.363e-06,-0.16659,0.034068,4.9224e-06,-5.562e-07,-1.1282e-06,2.0105e-05,-2.2772e-06,nan,1.6315e-06
p1_pop,3.1828e-05,1.2489e-06,4.8659e-06,0.0003134,-5.971e-07,6.6243e-07,2.4619e-05,-2.2999e-05,6.5874e-06,4.9715e-06,1.0564e-06,-1.2308e-07,7.0797e-06,-6.4776e-06,-0.00040436,4.2701e-05,0.00063738,-6.3925e-05,3.8479e-05,-3.7529e-05,-0.00012467,0.028643,-0.0035583,0.001179,4.4757e-09,-0.00037949,-8.917e-08,0.00015639,-0.0042356,0.00027542,-6.3168e-12,-7.2957e-09,nan,-6.5604e-07,2.874e-05,-1.3163e-05,-8.0734e-06,-3.2205e-05,9.7781e-07,-3.2681e-07,3.0011e-05,1.5108e-06,-9.2807e-06,-8.1315e-08,1.8805e-06,-3.8072e-07,3.5657e-06,-2.3953e-06,-0.00031747,2.1738e-05,-2.0609e-07,-2.0431e-08,-1.0528e-05,1.0145e-06,1.3585e-08,nan,6.5143e-08
g1_pop,2.1058e-06,1.7881e-05,4.7976e-06,1.3281e-05,1.6921e-06,-7.0055e-07,-4.3536e-05,2.0993e-05,1.6966e-05,1.6067e-06,4.6953e-09,8.4925e-08,-1.4072e-05,-3.0434e-06,-0.0004846,4.5354e-06,-6.3925e-05,0.0010136,0.00012169,-6.8756e-05,7.3698e-05,-0.0095606,-0.0014937,0.001734,-4.1837e-09,-0.0040232,-5.3301e-07,0.00034058,-0.012667,0.00024989,-1.3179e-11,-1.1914e-08,nan,-1.2668e-06,5.5491e-06,1.814e-06,-1.1344e-05,-8.5683e-05,-3.3431e-07,-1.2434e-07,-4.1657e-06,1.7638e-05,-1.222e-05,1.4306e-06,6.4048e-07,-6.1606e-07,2.384e-05,-1.5499e-06,-0.00046078,-1.6672e-05,-7.1498e-07,-1.2632e-09,-4.9906e-06,-1.5993e-08,1.0946e-08,nan,3.2969e-07
p2_pop,2.8491e-05,2.6232e-05,1.4861e-05,0.00036121,-4.0799e-07,-1.4865e-07,-1.4666e-05,1.4848e-05,4.3246e-06,4.0955e-06,-9.1312e-07,-3.4736e-07,1.311e-06,-4.8152e-06,5.2778e-05,2.1142e-05,3.8479e-05,0.00012169,0.0011644,-0.00029427,-4.5273e-05,-0.019526,-0.00023211,0.0013921,-3.3447e-08,-0.0018973,-7.4921e-07,-0.00015273,-0.011019,0.00069833,1.0137e-12,1.1392e-08,nan,4.1685e-07,1.6466e-05,5.255e-06,-1.178e-05,6.5171e-05,-3.9177e-07,-1.7749e-07,3.0969e-06,1.488e-06,-8.1095e-06,5.2992e-07,-2.0218e-06,-3.3494e-07,1.1823e-05,-1.8236e-06,-9.6941e-05,8.6674e-06,-2.5851e-06,3.5094e-08,-2.4416e-06,1.6352e-07,8.6188e-08,nan,1.5599e-07
g2_pop,6.5886e-06,-3.0972e-06,-6.2839e-06,-3.3825e-05,2.7787e-07,7.5252e-08,8.8091e-06,-2.1713e-06,-2.3434e-06,-1.8415e-06,4.712e-07,1.5021e-07,-7.9421e-07,2.5692e-06,-0.00010932,-1.3338e-05,-3.7529e-05,-6.8756e-05,-0.00029427,0.0002361,2.623e-05,0.0093783,0.00026408,-0.00068034,2.4719e-08,0.00098902,4.7974e-07,0.00015175,0.0071998,-0.0004418,-3.252e-12,-1.1405e-08,nan,-5.8369e-07,5.8624e-06,-3.1617e-06,1.8683e-06,-2.8788e-05,1.4543e-07,1.3156e-07,-4.8555e-06,4.6425e-07,3.8374e-06,-3.7127e-07,6.1506e-07,2.6927e-07,-6.7973e-06,1.0621e-06,-2.7707e-05,-4.5638e-06,-6.1697e-07,-2.1028e-08,2.4301e-06,-1.1809e-07,-1.724e-08,nan,-7.4639e-08
alpha11_pop,-2.1414e-06,5.07e-06,3.2899e-06,0.0005084,1.1446e-08,-2.1338e-08,1.9695e-06,3.749e-06,-3.8492e-06,-2.9931e-06,3.3058e-07,-7.9501e-08,4.1839e-07,3.0887e-06,0.00017623,-3.1036e-06,-0.00012467,7.3698e-05,-4.5273e-05,2.623e-05,0.00040368,0.013816,-6.3191e-05,-0.00087083,1.1667e-08,0.00096858,3.0818e-07,1.0395e-05,0.0048123,1.896e-05,9.7393e-13,-2.5092e-09,nan,-1.0329e-08,-1.1982e-05,-8.6318e-06,-6.6572e-06,1.8312e-05,6.3246e-07,1.0464e-07,-2.7124e-07,3.2143e-06,4.9714e-06,-7.8099e-07,6.5493e-07,-5.2989e-08,-8.3243e-06,1.2381e-06,-0.00013714,1.9949e-05,3.4851e-06,-3.0958e-08,-8.5073e-07,-5.0043e-07,9.4155e-08,nan,-4.2261e-07
alpha12_pop,0.0035295,0.0007233,0.00033906,0.02311,-3.9442e-05,0.00011393,0.0027005,-0.0011733,-0.00090471,-0.00056828,-1.8039e-05,0.00010099,0.00062348,0.00049948,-0.030813,-0.0017035,0.028643,-0.0095606,-0.019526,0.0093783,0.013816,13.084,-0.12662,-0.23912,6.7678e-06,0.37464,0.00013841,0.034831,1.3977,0.013319,-5.7359e-10,-2.3012e-06,nan,-0.00010799,0.0026557,-0.0016088,-0.001221,-0.0016299,0.00040291,-8.2336e-06,0.0013206,-0.00032242,0.0016248,-0.00017899,0.00029362,-1.1899e-05,-0.0025691,0.00023466,-0.0028276,-0.0019708,7.3838e-05,-2.4448e-05,-0.00036106,2.45e-06,1.4848e-05,nan,1.2713e-05
alpha13_pop,-0.00028638,-3.8383e-05,-2.938e-05,-0.0029843,4.4782e-06,-2.1925e-06,-0.00015194,8.5394e-05,-4.6624e-05,-2.4278e-05,-1.2423e-05,1.4194e-06,-4.0618e-05,1.958e-05,0.0027369,-0.00026151,-0.0035583,-0.0014937,-0.00023211,0.00026408,-6.3191e-05,-0.12662,0.031964,-0.0084552,-2.535e-08,5.979e-05,9.9022e-07,-0.0014259,0.025442,-0.0022774,5.272e-11,6.5918e-08,nan,5.6997e-06,-0.00023708,9.2182e-05,7.7594e-05,0.00027629,-5.8802e-06,1.6617e-06,-0.00026238,-8.364e-05,6.5537e-05,-2.3867e-07,-1.1041e-05,4.4493e-06,-1.3065e-05,8.7903e-06,0.0026552,-8.0939e-05,-1.6684e-06,1.7264e-07,0.00010448,-6.6969e-06,-2.3535e-07,nan,-5.6695e-07
alpha14_pop,5.9674e-05,4.3819e-05,2.901e-05,0.00087879,-1.2079e-06,-1.9083e-06,-3.0382e-05,1.0292e-06,8.9482e-05,5.524e-05,4.2455e-06,-3.4971e-06,1.2914e-06,-5.0101e-05,-0.0018568,0.00026286,0.001179,0.001734,0.0013921,-0.00068034,-0.00087083,-0.23912,-0.0084552,0.021122,-2.1587e-07,-0.023002,-6.263e-06,0.0003656,-0.090403,0.0015129,-3.946e-11,1.5059e-08,nan,-2.3403e-06,8.4045e-05,-7.7089e-06,-3.0013e-05,-0.00019983,-5.4315e-06,-1.4224e-06,6.2988e-05,3.0163e-05,-0.00013624,9.9772e-06,1.8129e-06,-1.5748e-06,0.0001529,-2.0848e-05,-0.0023786,0.00018552,-1.0094e-05,3.671e-07,-2.7497e-05,4.3629e-06,-3.5124e-07,nan,2.6001e-07
alpha15_pop,3.3932e-09,1.4097e-09,-1.8843e-10,5.8589e-10,1.0949e-11,4.9135e-11,1.3967e-09,-2.9988e-10,-6.0067e-10,-5.9195e-10,1.5377e-12,9.665e-11,-8.0042e-11,4.2785e-10,-1.1603e-07,-5.6409e-09,4.4757e-09,-4.1837e-09,-3.3447e-08,2.4719e-08,1.1667e-08,6.7678e-06,-2.535e-08,-2.1587e-07,2.5624e-09,2.0538e-07,7.0679e-10,6.7789e-08,7.6513e-07,-2.3183e-08,-2.6568e-14,1.1976e-11,nan,-6.2345e-10,3.1654e-09,-1.2507e-09,-1.2927e-09,-7.2437e-09,2.0641e-10,-1.6942e-13,-2.6494e-11,-1.036e-11,1.159e-09,-9.1752e-11,2.3015e-10,4.2213e-11,-1.5791e-09,1.9115e-10,-8.4868e-08,4.5956e-09,-1.3944e-10,-1.3942e-11,4.9815e-11,-5.3047e-11,5.6353e-12,nan,-2.1588e-11
alpha16_pop,-2.027e-05,-9.2403e-05,-3.2349e-05,-6.0754e-05,3.0159e-07,4.6079e-06,0.00013783,-6.4353e-05,-0.00010295,-5.5308e-05,4.0802e-06,2.8057e-06,3.3942e-05,0.00011242,0.0032057,-0.00029263,-0.00037949,-0.0040232,-0.0018973,0.00098902,0.00096858,0.37464,5.979e-05,-0.023002,2.0538e-07,0.060661,7.8565e-06,-0.0012055,0.18625,-0.0014481,8.8358e-11,3.892e-09,nan,5.9321e-06,-8.3205e-05,-2.0617e-05,3.3852e-05,0.00042675,8.008e-06,2.726e-06,2.1086e-05,-2.7272e-05,0.00015661,-1.5838e-05,-2.699e-06,2.7761e-06,-0.00039021,4.4764e-05,0.0038931,-0.00015268,1.9941e-05,-5.6858e-07,-5.9486e-06,9.5139e-08,4.2125e-07,nan,-1.4768e-06
alpha17_pop,1.8826e-08,-8.2478e-09,-1.0834e-08,-1.7961e-08,2.2029e-10,1.1431e-09,3.3626e-08,-1.0295e-08,-2.4896e-08,-1.6177e-08,-3.5313e-10,1.6158e-09,3.1893e-09,1.5381e-08,5.6607e-07,1.9817e-07,-8.917e-08,-5.3301e-07,-7.4921e-07,4.7974e-07,3.0818e-07,0.00013841,9.9022e-07,-6.263e-06,7.0679e-10,7.8565e-06,1.6095e-08,2.8875e-07,3.2462e-05,-7.7667e-07,7.9937e-15,-7.2083e-11,nan,-5.7553e-10,7.4117e-09,-1.3437e-08,7.9831e-10,1.2456e-08,3.8296e-09,3.426e-10,-8.8109e-09,-6.0116e-09,3.9219e-08,-3.3727e-09,2.4731e-09,6.1556e-10,-5.2743e-08,6.5292e-09,1.642e-07,7.479e-08,1.6734e-09,-2.5312e-10,5.4082e-09,-8.7505e-10,1.4007e-10,nan,3.5259e-10
alpha21_pop,7.3604e-05,4.4019e-05,3.4829e-06,-0.00013929,7.2625e-07,1.855e-07,3.0265e-06,2.7751e-06,7.4012e-06,1.4193e-07,2.0163e-06,4.1469e-07,-6.0003e-06,-1.2774e-06,-0.0015693,-4.7551e-05,0.00015639,0.00034058,-0.00015273,0.00015175,1.0395e-05,0.034831,-0.0014259,0.0003656,6.7789e-08,-0.0012055,2.8875e-07,0.0015756,0.0041182,0.00012985,-4.1918e-11,-7.2219e-08,nan,-5.1625e-06,7.6361e-05,-1.8478e-05,-3.3536e-05,-0.00021845,1.0002e-06,-2.9757e-08,7.1138e-06,5.2158e-06,-5.7787e-06,5.7847e-07,2.895e-06,3.2022e-07,3.268e-06,-5.8905e-07,-0.00098901,-3.6514e-06,-5.0314e-06,-9.269e-08,-3.8539e-06,-5.7448e-07,-1.338e-08,nan,-2.1901e-08
alpha22_pop,-0.00010605,-0.00024269,-0.00026068,-0.0041861,4.9461e-05,1.7042e-05,0.00054446,-0.00020926,-0.00038061,-0.0002431,6.4083e-05,-4.1389e-06,2.4128e-05,0.00038003,0.0089127,-0.0018396,-0.0042356,-0.012667,-0.011019,0.0071998,0.0048123,1.3977,0.025442,-0.090403,7.6513e-07,0.18625,3.2462e-05,0.0041182,1.5565,-0.0028154,3.3903e-10,-4.922e-07,nan,2.4844e-06,-0.00035325,-0.00010914,8.4452e-05,0.00026322,5.4974e-06,2.8479e-05,-6.0841e-05,-0.00020636,0.0006617,-5.3983e-05,-1.7733e-05,7.5251e-06,-0.0012603,0.00014463,0.013996,-0.00036476,5.3011e-05,-1.7823e-06,3.7479e-05,-2.9381e-05,2.1483e-06,nan,-1.3932e-05
alpha23_pop,5.5602e-05,2.2001e-05,1.1143e-05,0.00028551,-3.1102e-07,2.0325e-07,2.3798e-05,-1.1569e-05,7.3842e-06,3.3889e-06,1.5218e-07,-3.7863e-07,3.9684e-06,-5.5682e-06,-0.00037057,-1.1446e-05,0.00027542,0.00024989,0.00069833,-0.0004418,1.896e-05,0.013319,-0.0022774,0.0015129,-2.3183e-08,-0.0014481,-7.7667e-07,0.00012985,-0.0028154,0.0021805,-8.5594e-12,-8.544e-09,nan,-9.2609e-07,2.9995e-05,-7.8682e-06,-1.4796e-05,3.102e-05,4.679e-07,-1.68e-07,3.4864e-05,-5.1014e-06,-7.8678e-06,9.0413e-07,-7.1196e-07,-1.2741e-06,9.588e-06,-2.8245e-06,-0.00029206,4.7029e-05,9.7957e-07,-4.4719e-09,-1.6163e-05,-1.4699e-07,1.0171e-07,nan,-1.372e-07
alpha24_pop,-1.9505e-12,-1.3188e-12,-1.98e-13,-1.1946e-12,-5.0067e-15,-7.2562e-16,-1.7388e-14,-8.2286e-14,-3.4345e-13,-7.6768e-14,-2.2072e-14,-1.3824e-14,1.539e-13,1.5579e-13,1.0588e-10,1.1128e-11,-6.3168e-12,-1.3179e-11,1.0137e-12,-3.252e-12,9.7393e-13,-5.7359e-10,5.272e-11,-3.946e-11,-2.6568e-14,8.8358e-11,7.9937e-15,-4.1918e-11,3.3903e-10,-8.5594e-12,1.3867e-17,-9.7688e-15,nan,4.5082e-13,-2.1262e-12,5.1632e-13,1.0019e-12,5.8558e-12,-2.7062e-14,8.5142e-15,-3.0404e-13,-1.761e-13,3.823e-13,-3.8216e-14,-9.1382e-14,-1.0726e-14,-4.4286e-13,6.0651e-14,6.835e-11,-9.2337e-13,1.5492e-13,2.1477e-15,1.5117e-13,1.3005e-14,2.773e-16,nan,3.0179e-14
alpha25_pop,-3.2062e-09,-1.9706e-09,-1.1855e-10,1.1522e-09,-3.8409e-11,-1.5613e-11,-4.7302e-10,2.4459e-11,-2.3055e-10,8.5157e-11,-7.1952e-11,-2.803e-11,2.2865e-10,-3.1358e-11,1.5786e-07,1.7159e-08,-7.2957e-09,-1.1914e-08,1.1392e-08,-1.1405e-08,-2.5092e-09,-2.3012e-06,6.5918e-08,1.5059e-08,1.1976e-11,3.892e-09,-7.2083e-11,-7.2219e-08,-4.922e-07,-8.544e-09,-9.7688e-15,3.7713e-10,nan,6.9869e-10,-3.301e-09,9.5653e-10,1.5752e-09,9.4204e-09,-6.2302e-11,-4.1789e-12,-4.1038e-10,-1.4413e-10,6.9781e-11,-1.6238e-11,-1.4647e-10,-2.4067e-11,2.2339e-10,-1.2214e-11,9.8133e-08,-1.492e-09,2.1487e-10,5.5312e-12,1.9691e-10,4.2109e-11,-1.2138e-12,nan,5.1847e-11
alpha26_pop,nan,nan,nan,nan,nan,nan,nan,nan,nan,nan,nan,nan,nan,nan,nan,nan,nan,nan,nan,nan,nan,nan,nan,nan,nan,nan,nan,nan,nan,nan,nan,nan,nan,nan,nan,nan,nan,nan,nan,nan,nan,nan,nan,nan,nan,nan,nan,nan,nan,nan,nan,nan,nan,nan,nan,nan,nan
alpha27_pop,-2.333e-07,-1.5278e-07,-1.7156e-08,-4.1482e-08,-1.7956e-09,-5.3769e-10,-1.6316e-08,-4.5824e-09,-3.1288e-08,-2.7835e-09,-4.1665e-09,-1.6369e-09,1.7889e-08,9.1599e-09,1.2486e-05,1.3685e-06,-6.5604e-07,-1.2668e-06,4.1685e-07,-5.8369e-07,-1.0329e-08,-0.00010799,5.6997e-06,-2.3403e-06,-6.2345e-10,5.9321e-06,-5.7553e-10,-5.1625e-06,2.4844e-06,-9.2609e-07,4.5082e-13,6.9869e-10,nan,5.4112e-08,-2.4814e-07,6.5349e-08,1.1864e-07,6.9933e-07,-3.5464e-09,3.3419e-10,-3.4697e-08,-1.6107e-08,2.8684e-08,-3.1805e-09,-1.0691e-08,-1.4928e-09,-2.1465e-08,3.6226e-09,7.8783e-06,-1.0602e-07,1.7348e-08,3.1144e-10,1.7048e-08,2.3061e-09,-2.2842e-11,nan,3.9302e-09
omega_b01,0.0027126,-6.334e-05,7.216e-05,-0.00481,7.4489e-07,-2.1448e-07,5.4271e-07,-1.3282e-06,2.783e-06,6.6103e-07,5.209e-06,8.0822e-07,-1.5317e-05,3.866e-06,0.0016009,-7.1275e-05,2.874e-05,5.5491e-06,1.6466e-05,5.8624e-06,-1.1982e-05,0.0026557,-0.00023708,8.4045e-05,3.1654e-09,-8.3205e-05,7.4117e-09,7.6361e-05,-0.00035325,2.9995e-05,-2.1262e-12,-3.301e-09,nan,-2.4814e-07,0.010911,3.3889e-05,1.9259e-05,0.00041386,2.0725e-07,-1.1667e-07,4.2779e-06,2.2522e-07,4.286e-06,1.0334e-06,3.1848e-08,-9.5785e-07,2.2713e-06,8.785e-07,0.00043742,-0.00012028,-6.2156e-05,6.9184e-08,-3.6098e-06,2.0049e-06,1.7848e-08,nan,-7.9027e-08
omega_b11,0.00017648,-0.00013961,-0.00011115,-0.0019666,-2.9019e-07,4.5311e-08,-1.8628e-06,4.0254e-07,-2.6773e-07,-1.9322e-06,2.8413e-06,-2.6955e-07,-2.271e-06,2.8895e-06,0.00029486,-2.9991e-05,-1.3163e-05,1.814e-06,5.255e-06,-3.1617e-06,-8.6318e-06,-0.0016088,9.2182e-05,-7.7089e-06,-1.2507e-09,-2.0617e-05,-1.3437e-08,-1.8478e-05,-0.00010914,-7.8682e-06,5.1632e-13,9.5653e-10,nan,6.5349e-08,3.3889e-05,0.00015602,6.0888e-05,-0.00010933,1.5391e-08,2.2523e-08,-1.6967e-06,4.6947e-08,2.4261e-06,1.7901e-11,1.9361e-06,-8.3827e-07,-1.0172e-06,8.2398e-07,0.0005144,0.00018172,2.0288e-06,4.313e-08,5.9049e-07,3.1943e-08,-1.8887e-07,nan,-5.2572e-07
omega_b21,-3.867e-05,-6.2844e-05,-0.00011116,-0.0021393,-4.2029e-07,1.4525e-08,-2.912e-06,1.3282e-06,-5.2294e-06,-1.222e-06,-1.9953e-06,8.7134e-07,-5.4056e-06,3.9449e-06,0.00012838,-3.3407e-05,-8.0734e-06,-1.1344e-05,-1.178e-05,1.8683e-06,-6.6572e-06,-0.001221,7.7594e-05,-3.0013e-05,-1.2927e-09,3.3852e-05,7.9831e-10,-3.3536e-05,8.4452e-05,-1.4796e-05,1.0019e-12,1.5752e-09,nan,1.1864e-07,1.9259e-05,6.0888e-05,0.00015086,-0.00020112,-9.9491e-08,7.2524e-08,1.573e-07,6.9402e-07,-2.7172e-07,6.4622e-09,9.45e-07,9.36e-07,7.1245e-07,1.3488e-06,0.00068108,0.00020992,-2.5748e-06,3.5605e-08,7.2674e-07,-2.5255e-07,-3.5032e-07,nan,-7.1999e-07
omega_a1,0.00087814,0.00031807,0.00036281,-0.033304,-2.373e-06,-1.6731e-08,-4.3451e-05,3.5648e-06,-5.5883e-05,1.1498e-05,2.1814e-05,-1.3544e-06,-3.6485e-05,-2.0635e-06,0.00021581,-4.2135e-05,-3.2205e-05,-8.5683e-05,6.5171e-05,-2.8788e-05,1.8312e-05,-0.0016299,0.00027629,-0.00019983,-7.2437e-09,0.00042675,1.2456e-08,-0.00021845,0.00026322,3.102e-05,5.8558e-12,9.4204e-09,nan,6.9933e-07,0.00041386,-0.00010933,-0.00020112,0.013389,-5.9058e-06,4.9964e-07,3.3493e-05,-1.5966e-05,-4.4935e-06,6.4813e-06,-3.0782e-05,-7.0228e-06,3.1251e-05,-1.3557e-05,-0.0022954,-0.00016009,1.3376e-05,3.2022e-07,-1.0689e-05,-3.9322e-06,2.0678e-06,nan,-1.0599e-06
omega_b02,-2.8719e-08,-1.182e-07,-8.4227e-08,1.8199e-05,-1.2282e-07,-6.376e-09,3.2205e-07,-1.7004e-07,-1.1148e-07,3.7139e-08,-2.2485e-07,4.0472e-08,-1.1195e-07,-4.217e-08,2.1198e-05,-1.3885e-06,9.7781e-07,-3.3431e-07,-3.9177e-07,1.4543e-07,6.3246e-07,0.00040291,-5.8802e-06,-5.4315e-06,2.0641e-10,8.008e-06,3.8296e-09,1.0002e-06,5.4974e-06,4.679e-07,-2.7062e-14,-6.2302e-11,nan,-3.5464e-09,2.0725e-07,1.5391e-08,-9.9491e-08,-5.9058e-06,6.0525e-06,-4.8939e-08,2.6758e-07,-1.3205e-08,1.2079e-08,6.3676e-09,1.0047e-07,-7.6565e-09,-1.2954e-07,-4.7573e-08,3.1961e-05,-3.4565e-06,2.8768e-08,-1.9102e-07,-4.3768e-08,-7.2223e-08,6.5906e-09,nan,-1.4367e-08
omega_b12,-2.5468e-07,9.1094e-09,-3.5148e-08,-3.6642e-06,1.4172e-08,-3.5053e-09,-1.7253e-08,-1.3461e-09,-2.2885e-08,4.0673e-10,6.7951e-08,-8.0602e-09,-2.4531e-08,3.2406e-08,3.3156e-07,-1.5012e-07,-3.2681e-07,-1.2434e-07,-1.7749e-07,1.3156e-07,1.0464e-07,-8.2336e-06,1.6617e-06,-1.4224e-06,-1.6942e-13,2.726e-06,3.426e-10,-2.9757e-08,2.8479e-05,-1.68e-07,8.5142e-15,-4.1789e-12,nan,3.3419e-10,-1.1667e-07,2.2523e-08,7.2524e-08,4.9964e-07,-4.8939e-08,1.0834e-07,-7.5653e-08,-1.7035e-08,-1.9693e-08,-9.2283e-10,1.0068e-07,4.8208e-09,1.7128e-08,2.927e-08,-5.1715e-06,-4.1701e-07,3.6069e-09,-6.2957e-09,-5.4074e-09,-6.8789e-09,-4.199e-10,nan,-2.2662e-09
omega_b03,3.3624e-06,-1.7419e-06,-1.178e-06,3.0371e-05,-2.9759e-07,7.7727e-08,1.4704e-05,8.8418e-07,2.0064e-06,-5.4689e-07,-6.8896e-07,1.2994e-06,-3.1762e-06,1.4111e-06,0.00047247,2.6453e-05,3.0011e-05,-4.1657e-06,3.0969e-06,-4.8555e-06,-2.7124e-07,0.0013206,-0.00026238,6.2988e-05,-2.6494e-11,2.1086e-05,-8.8109e-09,7.1138e-06,-6.0841e-05,3.4864e-05,-3.0404e-13,-4.1038e-10,nan,-3.4697e-08,4.2779e-06,-1.6967e-06,1.573e-07,3.3493e-05,2.6758e-07,-7.5653e-08,0.0021207,-1.9012e-05,-4.5963e-07,4.1215e-07,-4.5052e-07,6.0112e-07,2.5193e-07,6.983e-07,-0.00019026,0.00016353,2.7644e-07,1.5825e-08,-4.9039e-05,-1.272e-07,-1.205e-07,nan,-4.0336e-07
omega_b13,-1.0677e-06,-7.6355e-07,-1.1224e-06,5.7835e-05,-6.0023e-08,2.6824e-08,1.7454e-06,-7.3631e-07,-5.427e-08,1.4608e-07,1.4833e-07,7.1383e-08,1.1947e-06,-6.1923e-07,-5.3024e-05,5.7147e-06,1.5108e-06,1.7638e-05,1.488e-06,4.6425e-07,3.2143e-06,-0.00032242,-8.364e-05,3.0163e-05,-1.036e-11,-2.7272e-05,-6.0116e-09,5.2158e-06,-0.00020636,-5.1014e-06,-1.761e-13,-1.4413e-10,nan,-1.6107e-08,2.2522e-07,4.6947e-08,6.9402e-07,-1.5966e-05,-1.3205e-08,-1.7035e-08,-1.9012e-05,7.8088e-05,-2.2765e-07,9.1801e-08,9.8711e-07,-1.9616e-07,1.672e-06,-1.6997e-08,-8.5661e-05,-3.862e-05,-5.0268e-08,6.2588e-09,-3.9287e-06,-8.8647e-08,-1.4141e-08,nan,1.0045e-07
omega_b04,1.9979e-06,-3.422e-06,-2.8423e-06,-2.1414e-05,4.3696e-07,-9.5771e-09,-3.1704e-07,4.1111e-07,-1.5977e-05,-6.3875e-06,-4.7959e-07,6.0917e-08,-2.2216e-06,1.3619e-06,0.00016104,-3.2261e-05,-9.2807e-06,-1.222e-05,-8.1095e-06,3.8374e-06,4.9714e-06,0.0016248,6.5537e-05,-0.00013624,1.159e-09,0.00015661,3.9219e-08,-5.7787e-06,0.0006617,-7.8678e-06,3.823e-13,6.9781e-11,nan,2.8684e-08,4.286e-06,2.4261e-06,-2.7172e-07,-4.4935e-06,1.2079e-08,-1.9693e-08,-4.5963e-07,-2.2765e-07,0.0055759,2.8264e-06,-1.3408e-06,-1.0906e-06,-6.2115e-06,7.4566e-07,0.00065278,7.6613e-05,-6.3937e-08,3.9773e-08,8.8863e-08,-4.9151e-05,2.6151e-07,nan,-2.0283e-07
omega_b14,2.8961e-06,5.1211e-07,9.3909e-07,-5.5483e-05,-2.1612e-08,5.771e-09,4.7727e-07,-4.3081e-09,1.7482e-06,-1.5553e-06,4.3558e-07,-2.0168e-07,-2.2372e-06,4.8061e-07,1.9993e-05,-3.9926e-07,-8.1315e-08,1.4306e-06,5.2992e-07,-3.7127e-07,-7.8099e-07,-0.00017899,-2.3867e-07,9.9772e-06,-9.1752e-11,-1.5838e-05,-3.3727e-09,5.7847e-07,-5.3983e-05,9.0413e-07,-3.8216e-14,-1.6238e-11,nan,-3.1805e-09,1.0334e-06,1.7901e-11,6.4622e-09,6.4813e-06,6.3676e-09,-9.2283e-10,4.1215e-07,9.1801e-08,2.8264e-06,3.5785e-05,-8.5303e-07,-1.4949e-07,-4.133e-07,8.3145e-08,-7.9439e-07,4.1765e-06,8.3476e-08,-1.6585e-09,6.6732e-08,-8.7212e-06,-2.3719e-08,nan,-1.1395e-07
omega_b05,6.2908e-06,-3.7479e-06,-3.0961e-06,5.4397e-05,1.5944e-08,2.4239e-08,8.5517e-07,-1.8854e-06,-6.8534e-06,1.5842e-06,0.00011175,-7.7266e-06,-1.0734e-05,2.4318e-06,-0.00051905,4.0875e-05,1.8805e-06,6.4048e-07,-2.0218e-06,6.1506e-07,6.5493e-07,0.00029362,-1.1041e-05,1.8129e-06,2.3015e-10,-2.699e-06,2.4731e-09,2.895e-06,-1.7733e-05,-7.1196e-07,-9.1382e-14,-1.4647e-10,nan,-1.0691e-08,3.1848e-08,1.9361e-06,9.45e-07,-3.0782e-05,1.0047e-07,1.0068e-07,-4.5052e-07,9.8711e-07,-1.3408e-06,-8.5303e-07,0.0016732,-5.2509e-06,-1.0306e-06,1.9342e-06,-0.00034882,2.7522e-05,-1.1708e-07,3.1638e-08,-8.1521e-07,1.4988e-06,-9.527e-06,nan,-2.6961e-07
omega_b15,-2.6721e-06,1.0228e-06,3.6883e-07,1.9783e-05,-1.8112e-08,-3.3316e-09,-1.2224e-06,1.7337e-07,4.1156e-07,-8.2285e-08,-8.1557e-06,3.8609e-06,1.5597e-08,8.9653e-08,3.8052e-05,-3.9054e-06,-3.8072e-07,-6.1606e-07,-3.3494e-07,2.6927e-07,-5.2989e-08,-1.1899e-05,4.4493e-06,-1.5748e-06,4.2213e-11,2.7761e-06,6.1556e-10,3.2022e-07,7.5251e-06,-1.2741e-06,-1.0726e-14,-2.4067e-11,nan,-1.4928e-09,-9.5785e-07,-8.3827e-07,9.36e-07,-7.0228e-06,-7.6565e-09,4.8208e-09,6.0112e-07,-1.9616e-07,-1.0906e-06,-1.4949e-07,-5.2509e-06,4.8507e-05,-1.2489e-06,4.9063e-08,-4.2878e-05,-4.6476e-06,-1.1086e-08,5.7046e-09,-5.3396e-08,4.3758e-08,-1.5154e-06,nan,3.168e-09
omega_b06,1.1862e-05,1.059e-06,1.4767e-06,-0.00010822,4.7176e-07,-9.0599e-08,1.0973e-06,-7.6889e-07,4.4805e-07,4.2931e-07,-9.0289e-07,-3.4421e-07,8.9622e-05,-1.2675e-05,-0.00020967,-4.2347e-06,3.5657e-06,2.384e-05,1.1823e-05,-6.7973e-06,-8.3243e-06,-0.0025691,-1.3065e-05,0.0001529,-1.5791e-09,-0.00039021,-5.2743e-08,3.268e-06,-0.0012603,9.588e-06,-4.4286e-13,2.2339e-10,nan,-2.1465e-08,2.2713e-06,-1.0172e-06,7.1245e-07,3.1251e-05,-1.2954e-07,1.7128e-08,2.5193e-07,1.672e-06,-6.2115e-06,-4.133e-07,-1.0306e-06,-1.2489e-06,0.0013058,-8.7041e-06,-0.00026023,-4.1651e-05,1.1173e-07,-1.3681e-08,-4.8366e-07,-7.0607e-07,2.2297e-07,nan,2.9907e-07
omega_b16,1.9654e-06,-1.0249e-06,-1.006e-06,1.0677e-05,-5.9261e-08,1.5061e-08,-3.3534e-07,1.9302e-07,-1.2015e-06,2.4582e-07,5.8114e-07,9.1339e-08,-2.4428e-05,1.1033e-05,8.6301e-05,-1.363e-06,-2.3953e-06,-1.5499e-06,-1.8236e-06,1.0621e-06,1.2381e-06,0.00023466,8.7903e-06,-2.0848e-05,1.9115e-10,4.4764e-05,6.5292e-09,-5.8905e-07,0.00014463,-2.8245e-06,6.0651e-14,-1.2214e-11,nan,3.6226e-09,8.785e-07,8.2398e-07,1.3488e-06,-1.3557e-05,-4.7573e-08,2.927e-08,6.983e-07,-1.6997e-08,7.4566e-07,8.3145e-08,1.9342e-06,4.9063e-08,-8.7041e-06,3.4348e-05,0.00010828,-1.6124e-05,-8.2563e-08,-7.2091e-09,1.6617e-08,-3.0794e-07,-4.1619e-08,nan,-2.4736e-08
omega_b07,-0.00051748,-0.00057315,-0.00076925,-0.0095918,-2.0798e-05,2.8678e-06,-0.00036175,0.00010461,-0.00043304,2.9925e-05,-7.5882e-05,9.5245e-05,-0.00018841,0.00018212,4.0775,-0.16659,-0.00031747,-0.00046078,-9.6941e-05,-2.7707e-05,-0.00013714,-0.0028276,0.0026552,-0.0023786,-8.4868e-08,0.0038931,1.642e-07,-0.00098901,0.013996,-0.00029206,6.835e-11,9.8133e-08,nan,7.8783e-06,0.00043742,0.0005144,0.00068108,-0.0022954,3.1961e-05,-5.1715e-06,-0.00019026,-8.5661e-05,0.00065278,-7.9439e-07,-0.00034882,-4.2878e-05,-0.00026023,0.00010828,24.748,-0.045982,1.0461e-05,-3.1625e-07,9.277e-05,-1.6616e-06,9.5427e-06,nan,-0.0026506
omega_b17,2.2598e-05,-0.00019246,-0.00029417,-0.0059253,-6.2527e-06,9.6905e-07,-3.0632e-05,5.1232e-07,-7.0346e-05,5.819e-06,-4.397e-05,-1.0931e-05,8.3738e-06,3.5368e-06,-0.13088,0.034068,2.1738e-05,-1.6672e-05,8.6674e-06,-4.5638e-06,1.9949e-05,-0.0019708,-8.0939e-05,0.00018552,4.5956e-09,-0.00015268,7.479e-08,-3.6514e-06,-0.00036476,4.7029e-05,-9.2337e-13,-1.492e-09,nan,-1.0602e-07,-0.00012028,0.00018172,0.00020992,-0.00016009,-3.4565e-06,-4.1701e-07,0.00016353,-3.862e-05,7.6613e-05,4.1765e-06,2.7522e-05,-4.6476e-06,-4.1651e-05,-1.6124e-05,-0.045982,0.15794,7.4358e-06,4.0256e-07,-2.3021e-05,2.804e-05,-1.5483e-06,nan,-0.00022996
b_1,-3.2652e-05,-2.8805e-06,-1.1805e-06,-0.0002732,-1.8285e-08,1.5694e-09,-1.3344e-07,-7.3261e-08,-2.0162e-07,-8.3616e-08,-1.8617e-07,8.4825e-08,-3.4279e-07,-4.5982e-09,1.7426e-05,4.9224e-06,-2.0609e-07,-7.1498e-07,-2.5851e-06,-6.1697e-07,3.4851e-06,7.3838e-05,-1.6684e-06,-1.0094e-05,-1.3944e-10,1.9941e-05,1.6734e-09,-5.0314e-06,5.3011e-05,9.7957e-07,1.5492e-13,2.1487e-10,nan,1.7348e-08,-6.2156e-05,2.0288e-06,-2.5748e-06,1.3376e-05,2.8768e-08,3.6069e-09,2.7644e-07,-5.0268e-08,-6.3937e-08,8.3476e-08,-1.1708e-07,-1.1086e-08,1.1173e-07,-8.2563e-08,1.0461e-05,7.4358e-06,3.7775e-05,-1.1987e-10,2.8985e-08,1.1923e-07,1.0378e-08,nan,-2.4846e-08
a_2,2.1026e-07,-4.9652e-08,-3.5657e-08,-2.0102e-06,-1.9409e-09,3.939e-09,-1.8371e-08,4.8708e-09,5.8484e-10,-1.0516e-08,2.7508e-08,-5.9648e-09,-1.8343e-08,1.0835e-08,2.3405e-06,-5.562e-07,-2.0431e-08,-1.2632e-09,3.5094e-08,-2.1028e-08,-3.0958e-08,-2.4448e-05,1.7264e-07,3.671e-07,-1.3942e-11,-5.6858e-07,-2.5312e-10,-9.269e-08,-1.7823e-06,-4.4719e-09,2.1477e-15,5.5312e-12,nan,3.1144e-10,6.9184e-08,4.313e-08,3.5605e-08,3.2022e-07,-1.9102e-07,-6.2957e-09,1.5825e-08,6.2588e-09,3.9773e-08,-1.6585e-09,3.1638e-08,5.7046e-09,-1.3681e-08,-7.2091e-09,-3.1625e-07,4.0256e-07,-1.1987e-10,6.0115e-07,2.1552e-09,-7.9994e-09,-2.0405e-10,nan,-2.2096e-09
a_3,-3.5156e-06,-7.2567e-07,-1.0363e-06,1.3794e-05,-3.9201e-08,9.3886e-10,-3.6853e-06,1.6646e-06,-8.3414e-08,-7.0977e-10,1.2788e-07,-8.7478e-08,-3.918e-07,2.0383e-07,9.3812e-05,-1.1282e-06,-1.0528e-05,-4.9906e-06,-2.4416e-06,2.4301e-06,-8.5073e-07,-0.00036106,0.00010448,-2.7497e-05,4.9815e-11,-5.9486e-06,5.4082e-09,-3.8539e-06,3.7479e-05,-1.6163e-05,1.5117e-13,1.9691e-10,nan,1.7048e-08,-3.6098e-06,5.9049e-07,7.2674e-07,-1.0689e-05,-4.3768e-08,-5.4074e-09,-4.9039e-05,-3.9287e-06,8.8863e-08,6.6732e-08,-8.1521e-07,-5.3396e-08,-4.8366e-07,1.6617e-08,9.277e-05,-2.3021e-05,2.8985e-08,2.1552e-09,0.00016781,-1.1349e-07,2.059e-08,nan,1.8385e-08
a_4,3.5062e-06,-9.7976e-07,-6.1982e-07,3.4168e-05,-3.9064e-08,-3.3691e-09,2.0341e-07,-3.4365e-07,-7.6995e-07,1.9958e-06,9.0237e-07,-2.2915e-07,2.0884e-06,-5.8079e-07,-0.00010319,2.0105e-05,1.0145e-06,-1.5993e-08,1.6352e-07,-1.1809e-07,-5.0043e-07,2.45e-06,-6.6969e-06,4.3629e-06,-5.3047e-11,9.5139e-08,-8.7505e-10,-5.7448e-07,-2.9381e-05,-1.4699e-07,1.3005e-14,4.2109e-11,nan,2.3061e-09,2.0049e-06,3.1943e-08,-2.5255e-07,-3.9322e-06,-7.2223e-08,-6.8789e-09,-1.272e-07,-8.8647e-08,-4.9151e-05,-8.7212e-06,1.4988e-06,4.3758e-08,-7.0607e-07,-3.0794e-07,-1.6616e-06,2.804e-05,1.1923e-07,-7.9994e-09,-1.1349e-07,0.00024787,7.2676e-09,nan,-4.4753e-08
b_5,-1.103e-07,2.98e-07,4.0119e-07,-3.4622e-07,6.2848e-09,-1.5751e-09,4.5795e-08,4.6247e-08,5.9477e-08,-1.9059e-08,-2.4085e-06,-8.3947e-08,5.2758e-07,-1.0435e-07,1.7505e-05,-2.2772e-06,1.3585e-08,1.0946e-08,8.6188e-08,-1.724e-08,9.4155e-08,1.4848e-05,-2.3535e-07,-3.5124e-07,5.6353e-12,4.2125e-07,1.4007e-10,-1.338e-08,2.1483e-06,1.0171e-07,2.773e-16,-1.2138e-12,nan,-2.2842e-11,1.7848e-08,-1.8887e-07,-3.5032e-07,2.0678e-06,6.5906e-09,-4.199e-10,-1.205e-07,-1.4141e-08,2.6151e-07,-2.3719e-08,-9.527e-06,-1.5154e-06,2.2297e-07,-4.1619e-08,9.5427e-06,-1.5483e-06,1.0378e-08,-2.0405e-10,2.059e-08,7.2676e-09,3.9552e-06,nan,3.3355e-08
b_6,nan,nan,nan,nan,nan,nan,nan,nan,nan,nan,nan,nan,nan,nan,nan,nan,nan,nan,nan,nan,nan,nan,nan,nan,nan,nan,nan,nan,nan,nan,nan,nan,nan,nan,nan,nan,nan,nan,nan,nan,nan,nan,nan,nan,nan,nan,nan,nan,nan,nan,nan,nan,nan,nan,nan,nan,nan
b_7,2.9857e-07,6.4084e-07,7.9824e-07,1.4432e-05,-9.6618e-09,3.125e-09,4.0641e-07,-4.6084e-08,9.7214e-08,7.5679e-08,3.1217e-08,-9.0276e-09,-2.9518e-07,-3.7261e-08,-0.0017598,1.6315e-06,6.5143e-08,3.2969e-07,1.5599e-07,-7.4639e-08,-4.2261e-07,1.2713e-05,-5.6695e-07,2.6001e-07,-2.1588e-11,-1.4768e-06,3.5259e-10,-2.1901e-08,-1.3932e-05,-1.372e-07,3.0179e-14,5.1847e-11,nan,3.9302e-09,-7.9027e-08,-5.2572e-07,-7.1999e-07,-1.0599e-06,-1.4367e-08,-2.2662e-09,-4.0336e-07,1.0045e-07,-2.0283e-07,-1.1395e-07,-2.6961e-07,3.168e-09,2.9907e-07,-2.4736e-08,-0.0026506,-0.00022996,-2.4846e-08,-2.2096e-09,1.8385e-08,-4.4753e-08,3.3355e-08,nan,2.6513e-05
