b01_pop,1,-0.17557,0.0906,-0.16095,0.00052204,0.0017743,0.0022888,0.0032645,0.00036071,0.0016266,-0.0018755,0.0051399,0.028717,-0.007827,-0.0066837,-0.00073598,-0.031138,0.019263,-0.0098569,-0.0034443,nan,-0.0040741,0.011921,0.00090557,-0.014256,0.0024757,0.20751,0.16962,-0.010596,0.045948,0.004753,0.0039516,-0.00040509,-0.0035324,-0.0022343,-0.0015141,0.0012385,0.0052341,0.050879,-0.0034442,0.0040088,0.00095866,-0.0044282
b11_pop,-0.17557,1,0.66339,-0.00068344,-0.0058396,0.0010794,-0.0028525,-0.018443,0.010532,-0.027056,0.014183,-0.033341,-0.10539,-0.0025214,0.050494,0.029829,0.10325,-0.055852,0.053568,0.028248,nan,0.065781,-0.040118,-0.025661,0.046863,-0.03982,-0.059702,-0.77089,-0.65711,0.30077,-0.023947,-0.0021571,0.011912,0.0031452,0.019029,-0.0075327,-0.0088113,-0.022447,-0.068506,0.010241,-0.0076384,-0.0081096,0.0075484
b21_pop,0.0906,0.66339,1,-0.24763,-0.0053142,0.0098177,0.0012843,-0.015786,0.012428,-0.027119,0.011232,-0.01896,-0.0009969,-0.0064453,0.019471,-0.00069082,-0.004133,0.010776,0.013293,0.00030296,nan,0.016866,0.0054978,-0.0058744,-0.0068009,-0.006754,0.040714,-0.49964,-0.80193,0.37766,-0.014315,0.0072292,0.018155,-0.004492,0.01806,-0.0092898,-0.011547,-0.011486,0.12091,0.0041409,-0.0057013,-0.010681,0.005368
a1_pop,-0.16095,-0.00068344,-0.24763,1,-0.0044208,-0.0094632,0.00050215,0.0075231,-0.0072882,0.006026,0.0029123,-0.026403,-0.08409,0.02809,0.019888,0.059256,0.084296,-0.050243,0.040694,0.04145,nan,0.073809,-0.040035,-0.046759,0.046188,-0.058846,-0.05159,-0.27706,0.031175,-0.69834,-0.0097509,-0.014721,-0.0067709,0.0065684,-0.0099525,0.0024143,0.0024066,-0.0098869,-0.45132,0.0034367,0.0020801,0.0023861,-0.0004913
b02_pop,0.00052204,-0.0058396,-0.0053142,-0.0044208,1,-0.21558,0.0026968,-0.0050424,-0.00074779,0.00059008,-0.00011759,0.0021916,0.023661,0.025662,-0.00059295,0.0041435,-0.037301,0.047126,0.023153,-0.017795,nan,0.0018883,0.029862,-0.012474,-0.035451,0.0054418,0.00031591,0.0049642,0.0075245,0.0017821,0.0091857,0.0055164,-0.0007913,-0.0070341,0.00033776,0.0015932,-0.00097821,-0.00026838,0.0014863,-0.0062259,0.0011295,-0.0014025,0.0023167
b12_pop,0.0017743,0.0010794,0.0098177,-0.0094632,-0.21558,1,-0.0023851,0.0095765,-0.00015998,0.0022771,-0.00049942,-0.0065066,0.10734,-0.092078,0.016036,0.0024527,-0.073445,0.061284,-0.018133,0.0032632,nan,1.119e-06,0.03369,0.0029883,-0.040789,-0.012797,-0.00055901,0.00033229,-0.006484,0.0035675,-0.0016991,0.04691,0.0030458,0.0038359,-0.0019778,-9.2008e-06,0.0011331,-0.00057588,-0.00025805,-0.010015,-0.001369,0.0027362,-0.0009886
b03_pop,0.0022888,-0.0028525,0.0012843,0.00050215,0.0026968,-0.0023851,1,-0.15679,-0.00043988,0.00094046,-0.00099795,-0.0064717,0.02014,-0.041947,0.0098714,0.038127,-0.022357,0.032732,0.030887,0.0070221,nan,0.026793,0.015208,-0.034197,-0.019129,-0.02473,-0.00070332,0.0057484,0.00017572,-0.0081511,-0.00040798,0.0052377,-0.018653,0.011268,-0.00222,-0.00062073,0.0013006,-0.0010791,-0.0035537,-0.0016108,0.005367,-0.001014,-0.0025615
b13_pop,0.0032645,-0.018443,-0.015786,0.0075231,-0.0050424,0.0095765,-0.15679,1,0.0005674,-0.0013305,0.00036164,0.010586,-0.094656,0.084802,0.020952,-0.046882,0.075971,-0.081784,-0.024672,0.0019787,nan,-0.015841,-0.044458,0.048508,0.054168,0.020992,0.0032603,0.0076439,0.012964,-0.013014,0.0021658,-0.014658,0.010729,-0.01703,0.0033141,0.00033591,-0.00048024,0.0022446,0.0025985,0.0028152,-0.00027769,0.00025703,0.00052541
b05_pop,0.00036071,0.010532,0.012428,-0.0072882,-0.00074779,-0.00015998,-0.00043988,0.0005674,1,-0.1609,6.386e-05,-0.0016054,-0.003246,9.4041e-05,0.0006744,0.00035229,0.0036065,-0.0035291,-0.00031225,0.0011138,nan,0.00021201,-0.0021339,-0.00033637,0.0025287,-0.00063699,0.0010981,-0.00729,-0.011723,0.012714,-0.00075299,-0.0012837,6.572e-05,0.0030097,0.048091,-0.028246,0.00028923,-0.0002849,0.0064289,-8.5273e-05,-0.00078108,-0.013987,0.00087688
b15_pop,0.0016266,-0.027056,-0.027119,0.006026,0.00059008,0.0022771,0.00094046,-0.0013305,-0.1609,1,-2.8197e-05,0.0011479,0.0095342,-0.0038515,-0.00020724,0.0011707,-0.010136,0.0090311,0.001055,-0.0010863,nan,0.00041186,0.0048607,-0.0010635,-0.0058428,-0.00084768,0.00065914,0.020806,0.025464,-0.017913,-0.00072549,0.0020446,-0.00082727,-0.0040982,-0.0051771,0.045537,0.0023136,-0.00072029,-0.0059929,7.0226e-05,0.00161,-0.020761,-0.0018325
b07_pop,-0.0018755,0.014183,0.011232,0.0029123,-0.00011759,-0.00049942,-0.00099795,0.00036164,6.386e-05,-2.8197e-05,1,-0.15865,-0.0038636,0.005293,-0.013334,-0.018466,0.0055858,-0.0083939,-0.0087478,-0.0081994,nan,-0.013209,-0.0022039,0.010545,0.0032198,0.017127,0.00011683,-0.014912,-0.0091144,0.0075826,-0.002547,-0.0015361,0.00057461,0.0014805,0.00037908,7.7186e-05,0.12093,-0.048126,-0.0086621,0.00085909,-5.5362e-05,-0.00061613,-0.045953
b17_pop,0.0051399,-0.033341,-0.01896,-0.026403,0.0021916,-0.0065066,-0.0064717,0.010586,-0.0016054,0.0011479,-0.15865,1,-0.0097799,0.082375,-0.15316,-0.18253,0.015151,-0.058915,-0.098754,-0.13713,nan,-0.17685,0.0072539,0.12878,-1.8743e-05,0.24953,0.0020637,0.046848,0.023967,0.016742,0.007654,-0.0073214,-0.00032385,0.0092861,0.0010453,0.0017784,-0.073472,0.1468,0.039623,0.0014118,-0.0056023,0.00096915,0.028412
p1_pop,0.028717,-0.10539,-0.0009969,-0.08409,0.023661,0.10734,0.02014,-0.094656,-0.003246,0.0095342,-0.0038636,-0.0097799,1,-0.55776,0.059569,-0.017448,-0.84621,0.67945,-0.19781,-0.063118,nan,-0.09202,0.39374,0.023259,-0.47519,-0.021866,-0.0041618,0.071406,0.043915,-0.02785,-0.0081474,0.045341,0.0011022,-0.082068,-0.005837,-0.0010358,0.00038876,-0.0056956,0.0005356,-0.021513,0.0019647,0.0015155,-0.0022495
g1_pop,-0.007827,-0.0025214,-0.0064453,0.02809,0.025662,-0.092078,-0.041947,0.084802,9.4041e-05,-0.0038515,0.005293,0.082375,-0.55776,1,-0.22338,-0.23764,0.34221,-0.36332,-0.14558,-0.15612,nan,-0.22803,-0.15304,0.17352,0.19771,0.30935,-0.0038019,0.034357,0.0013008,-0.04423,-0.010849,-0.0050585,-0.010977,0.079654,0.00051247,0.0028847,-0.013197,0.025398,0.023499,0.010031,-0.012023,-0.0014872,0.020292
p2_pop,-0.0066837,0.050494,0.019471,0.019888,-0.00059295,0.016036,0.0098714,0.020952,0.0006744,-0.00020724,-0.013334,-0.15316,0.059569,-0.22338,1,0.24184,-0.070924,0.18689,0.24619,0.28989,nan,0.35251,0.017408,-0.078177,-0.040881,-0.5541,-0.0032018,-0.043299,-0.034349,0.0030164,-0.0038325,0.028265,0.0016324,-0.029324,7.1103e-05,-0.0023369,0.018024,-0.042734,-0.037587,-0.0068233,0.011667,0.00044838,-0.032733
g2_pop,-0.00073598,0.029829,-0.00069082,0.059256,0.0041435,0.0024527,0.038127,-0.046882,0.00035229,0.0011707,-0.018466,-0.18253,-0.017448,-0.23764,0.24184,1,-0.0595,0.28897,0.51232,0.37138,nan,0.70583,0.044673,-0.82512,-0.077843,-0.76681,-0.0082856,-0.058151,-0.02615,-0.092092,-0.0076359,0.057577,-0.0013726,-0.033013,-0.0025394,-0.0024516,0.027326,-0.049616,-0.063069,-0.011391,0.031109,0.0014048,-0.050707
alpha11_pop,-0.031138,0.10325,-0.004133,0.084296,-0.037301,-0.073445,-0.022357,0.075971,0.0036065,-0.010136,0.0055858,0.015151,-0.84621,0.34221,-0.070924,-0.0595,1,-0.80548,-0.063669,0.1237,nan,0.0059357,-0.47843,0.091394,0.57611,0.045372,0.0065415,-0.08563,-0.039344,0.053832,0.013341,-0.088445,0.0060066,0.088992,0.007192,0.0020678,-0.00059751,0.0087089,0.033796,0.026897,-0.012653,-0.0014529,0.003994
alpha12_pop,0.019263,-0.055852,0.010776,-0.050243,0.047126,0.061284,0.032732,-0.081784,-0.0035291,0.0090311,-0.0083939,-0.058915,0.67945,-0.36332,0.18689,0.28897,-0.80548,1,0.48487,-0.11587,nan,0.26287,0.56501,-0.34984,-0.68401,-0.21735,-0.0099343,0.030425,0.011331,-0.051442,-0.019031,0.14454,-0.011895,-0.11345,-0.005751,-0.0027289,0.0063874,-0.022281,-0.037064,-0.037621,0.029392,0.0028645,-0.014494
alpha13_pop,-0.0098569,0.053568,0.013293,0.040694,0.023153,-0.018133,0.030887,-0.024672,-0.00031225,0.001055,-0.0087478,-0.098754,-0.19781,-0.14558,0.24619,0.51232,-0.063669,0.48487,1,0.0085545,nan,0.57879,0.23975,-0.57728,-0.2981,-0.38925,-0.010405,-0.0558,-0.039062,-0.046586,-0.013393,0.11256,-0.016162,-0.077596,-0.00043301,-0.0031209,0.013295,-0.030959,-0.051079,-0.019073,0.044748,0.0022458,-0.024656
alpha15_pop,-0.0034443,0.028248,0.00030296,0.04145,-0.017795,0.0032632,0.0070221,0.0019787,0.0011138,-0.0010863,-0.0081994,-0.13713,-0.063118,-0.15612,0.28989,0.37138,0.1237,-0.11587,0.0085545,1,nan,0.31836,-0.32334,-0.20033,0.33568,-0.55324,-0.0012547,-0.040298,-0.017661,-0.034445,0.0037463,-0.022314,0.0082217,0.0096444,-0.00035934,-0.00082096,0.023648,-0.035084,-0.028288,0.0045679,0.0024544,-0.00014517,-0.038057
alpha17_pop,nan,nan,nan,nan,nan,nan,nan,nan,nan,nan,nan,nan,nan,nan,nan,nan,nan,nan,nan,nan,nan,nan,nan,nan,nan,nan,nan,nan,nan,nan,nan,nan,nan,nan,nan,nan,nan,nan,nan,nan,nan,nan,nan
alpha21_pop,-0.0040741,0.065781,0.016866,0.073809,0.0018883,1.119e-06,0.026793,-0.015841,0.00021201,0.00041186,-0.013209,-0.17685,-0.09202,-0.22803,0.35251,0.70583,0.0059357,0.26287,0.57879,0.31836,nan,1,0.042924,-0.67214,-0.073737,-0.69579,-0.011312,-0.086044,-0.056928,-0.10042,-0.0083382,0.056542,-0.0014131,-0.036389,-0.0012547,-0.0029894,0.025222,-0.049212,-0.07777,-0.0099415,0.031018,0.0015028,-0.04565
alpha22_pop,0.011921,-0.040118,0.0054978,-0.040035,0.029862,0.03369,0.015208,-0.044458,-0.0021339,0.0048607,-0.0022039,0.0072539,0.39374,-0.15304,0.017408,0.044673,-0.47843,0.56501,0.23975,-0.32334,nan,0.042924,1,-0.11634,-0.82245,0.039748,-0.0048531,0.029784,0.012165,-0.018574,-0.010708,0.082401,-0.0084838,-0.063218,-0.0030777,-0.0012934,-0.0032073,-0.0019289,-0.012081,-0.021273,0.014369,0.0015135,0.0029217
alpha23_pop,0.00090557,-0.025661,-0.0058744,-0.046759,-0.012474,0.0029883,-0.034197,0.048508,-0.00033637,-0.0010635,0.010545,0.12878,0.023259,0.17352,-0.078177,-0.82512,0.091394,-0.34984,-0.57728,-0.20033,nan,-0.67214,-0.11634,1,0.15579,0.53137,0.010052,0.044052,0.030075,0.091919,0.010629,-0.073194,0.0044178,0.032276,0.0021338,0.0023293,-0.02005,0.036208,0.045673,0.013776,-0.03666,-0.0013797,0.035443
alpha25_pop,-0.014256,0.046863,-0.0068009,0.046188,-0.035451,-0.040789,-0.019129,0.054168,0.0025287,-0.0058428,0.0032198,-1.8743e-05,-0.47519,0.19771,-0.040881,-0.077843,0.57611,-0.68401,-0.2981,0.33568,nan,-0.073737,-0.82245,0.15579,1,-0.013142,0.0060299,-0.033596,-0.013582,0.024638,0.013083,-0.099264,0.0099218,0.076971,0.0037673,0.0016559,0.0024169,0.0046549,0.016696,0.025683,-0.0179,-0.001846,-0.0011507
alpha27_pop,0.0024757,-0.03982,-0.006754,-0.058846,0.0054418,-0.012797,-0.02473,0.020992,-0.00063699,-0.00084768,0.017127,0.24953,-0.021866,0.30935,-0.5541,-0.76681,0.045372,-0.21735,-0.38925,-0.55324,nan,-0.69579,0.039748,0.53137,-0.013142,1,0.0078799,0.064189,0.033061,0.080391,0.004048,-0.036806,-0.0043297,0.032822,0.0023859,0.0027784,-0.041023,0.067274,0.06542,0.0084008,-0.022377,-0.0010631,0.068143
omega_b01,0.20751,-0.059702,0.040714,-0.05159,0.00031591,-0.00055901,-0.00070332,0.0032603,0.0010981,0.00065914,0.00011683,0.0020637,-0.0041618,-0.0038019,-0.0032018,-0.0082856,0.0065415,-0.0099343,-0.010405,-0.0012547,nan,-0.011312,-0.0048531,0.010052,0.0060299,0.0078799,1,0.036973,-0.033068,0.02528,0.0016738,0.0019432,-0.001765,-0.0022745,7.3589e-05,-0.0012927,0.001143,0.0019586,-0.010084,-0.00053735,0.0039864,0.00045294,-0.00035159
omega_b11,0.16962,-0.77089,-0.49964,-0.27706,0.0049642,0.00033229,0.0057484,0.0076439,-0.00729,0.020806,-0.014912,0.046848,0.071406,0.034357,-0.043299,-0.058151,-0.08563,0.030425,-0.0558,-0.040298,nan,-0.086044,0.029784,0.044052,-0.033596,0.064189,0.036973,1,0.58337,-0.10609,0.027982,0.0041597,-0.0084151,-0.00015354,-0.014854,0.004429,0.0067181,0.026182,0.24812,-0.0089831,0.0052761,0.0057087,-0.0078296
omega_b21,-0.010596,-0.65711,-0.80193,0.031175,0.0075245,-0.006484,0.00017572,0.012964,-0.011723,0.025464,-0.0091144,0.023967,0.043915,0.0013008,-0.034349,-0.02615,-0.039344,0.011331,-0.039062,-0.017661,nan,-0.056928,0.012165,0.030075,-0.013582,0.033061,-0.033068,0.58337,1,-0.2578,0.018464,-0.0059603,-0.015301,0.007044,-0.018128,0.0086891,0.012402,0.0093437,-0.079369,-0.005722,0.0046199,0.012279,-0.0047162
omega_a1,0.045948,0.30077,0.37766,-0.69834,0.0017821,0.0035675,-0.0081511,-0.013014,0.012714,-0.017913,0.0075826,0.016742,-0.02785,-0.04423,0.0030164,-0.092092,0.053832,-0.051442,-0.046586,-0.034445,nan,-0.10042,-0.018574,0.091919,0.024638,0.080391,0.02528,-0.10609,-0.2578,1,-0.0035978,0.00014909,0.01044,-0.0007654,0.020593,-0.0037353,-0.0023059,-0.0033505,0.2734,0.0041424,-0.007801,-0.0054504,0.0081492
omega_b02,0.004753,-0.023947,-0.014315,-0.0097509,0.0091857,-0.0016991,-0.00040798,0.0021658,-0.00075299,-0.00072549,-0.002547,0.007654,-0.0081474,-0.010849,-0.0038325,-0.0076359,0.013341,-0.019031,-0.013393,0.0037463,nan,-0.0083382,-0.010708,0.010629,0.013083,0.004048,0.0016738,0.027982,0.018464,-0.0035978,1,-0.046132,0.00099173,0.00029113,-0.0025326,0.0022306,-0.0021318,0.004282,0.027405,-0.085183,-0.00060722,0.0010364,0.0010842
omega_b12,0.0039516,-0.0021571,0.0072292,-0.014721,0.0055164,0.04691,0.0052377,-0.014658,-0.0012837,0.0020446,-0.0015361,-0.0073214,0.045341,-0.0050585,0.028265,0.057577,-0.088445,0.14454,0.11256,-0.022314,nan,0.056542,0.082401,-0.073194,-0.099264,-0.036806,0.0019432,0.0041597,-0.0059603,0.00014909,-0.046132,1,-0.0030044,-0.017497,-0.0017289,-0.000253,0.001938,-0.00057353,0.0013012,-0.055466,0.004684,0.0030917,-0.0044917
omega_b03,-0.00040509,0.011912,0.018155,-0.0067709,-0.0007913,0.0030458,-0.018653,0.010729,6.572e-05,-0.00082727,0.00057461,-0.00032385,0.0011022,-0.010977,0.0016324,-0.0013726,0.0060066,-0.011895,-0.016162,0.0082217,nan,-0.0014131,-0.0084838,0.0044178,0.0099218,-0.0043297,-0.001765,-0.0084151,-0.015301,0.01044,0.00099173,-0.0030044,1,-0.017971,-0.0012085,-0.0026306,0.00083186,-0.0014887,0.0088054,0.00011761,-0.099373,0.0012991,-0.0010951
omega_b13,-0.0035324,0.0031452,-0.004492,0.0065684,-0.0070341,0.0038359,0.011268,-0.01703,0.0030097,-0.0040982,0.0014805,0.0092861,-0.082068,0.079654,-0.029324,-0.033013,0.088992,-0.11345,-0.077596,0.0096444,nan,-0.036389,-0.063218,0.032276,0.076971,0.032822,-0.0022745,-0.00015354,0.007044,-0.0007654,0.00029113,-0.017497,-0.017971,1,3.9897e-05,0.0017308,-8.8867e-05,0.0037017,0.0013026,0.0043639,-0.041009,-0.0028148,0.00091709
omega_b05,-0.0022343,0.019029,0.01806,-0.0099525,0.00033776,-0.0019778,-0.00222,0.0033141,0.048091,-0.0051771,0.00037908,0.0010453,-0.005837,0.00051247,7.1103e-05,-0.0025394,0.007192,-0.005751,-0.00043301,-0.00035934,nan,-0.0012547,-0.0030777,0.0021338,0.0037673,0.0023859,7.3589e-05,-0.014854,-0.018128,0.020593,-0.0025326,-0.0017289,-0.0012085,3.9897e-05,1,-0.03266,0.0010506,0.0029304,0.0069081,0.0008135,0.0012324,-0.12367,-0.001057
omega_b15,-0.0015141,-0.0075327,-0.0092898,0.0024143,0.0015932,-9.2008e-06,-0.00062073,0.00033591,-0.028246,0.045537,7.7186e-05,0.0017784,-0.0010358,0.0028847,-0.0023369,-0.0024516,0.0020678,-0.0027289,-0.0031209,-0.00082096,nan,-0.0029894,-0.0012934,0.0023293,0.0016559,0.0027784,-0.0012927,0.004429,0.0086891,-0.0037353,0.0022306,-0.000253,-0.0026306,0.0017308,-0.03266,1,-0.0004666,0.0011582,0.0020765,-0.00053622,0.00097805,-0.066011,0.00021698
omega_b07,0.0012385,-0.0088113,-0.011547,0.0024066,-0.00097821,0.0011331,0.0013006,-0.00048024,0.00028923,0.0023136,0.12093,-0.073472,0.00038876,-0.013197,0.018024,0.027326,-0.00059751,0.0063874,0.013295,0.023648,nan,0.025222,-0.0032073,-0.02005,0.0024169,-0.041023,0.001143,0.0067181,0.012402,-0.0023059,-0.0021318,0.001938,0.00083186,-8.8867e-05,0.0010506,-0.0004666,1,-0.035766,-0.00068327,-7.9484e-06,0.0022937,-0.00015511,-0.09907
omega_b17,0.0052341,-0.022447,-0.011486,-0.0098869,-0.00026838,-0.00057588,-0.0010791,0.0022446,-0.0002849,-0.00072029,-0.048126,0.1468,-0.0056956,0.025398,-0.042734,-0.049616,0.0087089,-0.022281,-0.030959,-0.035084,nan,-0.049212,-0.0019289,0.036208,0.0046549,0.067274,0.0019586,0.026182,0.0093437,-0.0033505,0.004282,-0.00057353,-0.0014887,0.0037017,0.0029304,0.0011582,-0.035766,1,0.031308,-0.001107,-0.0011738,-0.0041128,-0.09544
b_1,0.050879,-0.068506,0.12091,-0.45132,0.0014863,-0.00025805,-0.0035537,0.0025985,0.0064289,-0.0059929,-0.0086621,0.039623,0.0005356,0.023499,-0.037587,-0.063069,0.033796,-0.037064,-0.051079,-0.028288,nan,-0.07777,-0.012081,0.045673,0.016696,0.06542,-0.010084,0.24812,-0.079369,0.2734,0.027405,0.0013012,0.0088054,0.0013026,0.0069081,0.0020765,-0.00068327,0.031308,1,-0.0016341,-0.0023637,-0.0046317,-0.0030953
a_2,-0.0034442,0.010241,0.0041409,0.0034367,-0.0062259,-0.010015,-0.0016108,0.0028152,-8.5273e-05,7.0226e-05,0.00085909,0.0014118,-0.021513,0.010031,-0.0068233,-0.011391,0.026897,-0.037621,-0.019073,0.0045679,nan,-0.0099415,-0.021273,0.013776,0.025683,0.0084008,-0.00053735,-0.0089831,-0.005722,0.0041424,-0.085183,-0.055466,0.00011761,0.0043639,0.0008135,-0.00053622,-7.9484e-06,-0.001107,-0.0016341,1,-0.00094834,0.00092784,0.00082997
a_3,0.0040088,-0.0076384,-0.0057013,0.0020801,0.0011295,-0.001369,0.005367,-0.00027769,-0.00078108,0.00161,-5.5362e-05,-0.0056023,0.0019647,-0.012023,0.011667,0.031109,-0.012653,0.029392,0.044748,0.0024544,nan,0.031018,0.014369,-0.03666,-0.0179,-0.022377,0.0039864,0.0052761,0.0046199,-0.007801,-0.00060722,0.004684,-0.099373,-0.041009,0.0012324,0.00097805,0.0022937,-0.0011738,-0.0023637,-0.00094834,1,-0.00087132,-0.0017174
b_5,0.00095866,-0.0081096,-0.010681,0.0023861,-0.0014025,0.0027362,-0.001014,0.00025703,-0.013987,-0.020761,-0.00061613,0.00096915,0.0015155,-0.0014872,0.00044838,0.0014048,-0.0014529,0.0028645,0.0022458,-0.00014517,nan,0.0015028,0.0015135,-0.0013797,-0.001846,-0.0010631,0.00045294,0.0057087,0.012279,-0.0054504,0.0010364,0.0030917,0.0012991,-0.0028148,-0.12367,-0.066011,-0.00015511,-0.0041128,-0.0046317,0.00092784,-0.00087132,1,0.0016596
b_7,-0.0044282,0.0075484,0.005368,-0.0004913,0.0023167,-0.0009886,-0.0025615,0.00052541,0.00087688,-0.0018325,-0.045953,0.028412,-0.0022495,0.020292,-0.032733,-0.050707,0.003994,-0.014494,-0.024656,-0.038057,nan,-0.04565,0.0029217,0.035443,-0.0011507,0.068143,-0.00035159,-0.0078296,-0.0047162,0.0081492,0.0010842,-0.0044917,-0.0010951,0.00091709,-0.001057,0.00021698,-0.09907,-0.09544,-0.0030953,0.00082997,-0.0017174,0.0016596,1
