b01_pop,1,-0.048578,0.13554,-0.07037,0.00074348,0.0011579,-0.0010712,0.0018252,-0.00028926,0.00051743,0.0022533,-0.0032571,5.9835e-05,-0.0025746,-0.00056165,0.00081315,0.0009297,-0.0088335,0.0030034,-0.0010682,nan,0.0045424,-0.0046781,-0.0024837,-0.0022938,0.0018375,0.0048203,0.0097229,-0.00016052,0.0062883,0.0033038,-0.00027522,nan,-0.00032584,0.20462,0.03259,-0.094335,0.027555,4.4334e-05,0.00025332,-8.8137e-05,-0.0039974,0.00044088,0.0036804,-0.0015188,0.00099009,0.00075464,0.0030379,0.0011069,0.0037376,0.0058479,-0.00012599,1.5151e-05,-0.0014198,-0.00014162,-0.008704,-0.0016738
b11_pop,-0.048578,1,0.73162,0.0589,0.022347,-0.0064552,0.00082995,-0.01386,-0.0072751,0.019277,0.011598,-0.014123,-0.0054755,-0.007571,0.0097912,-0.00081193,-0.017412,0.008244,0.019741,-0.009967,nan,-0.013538,-0.00016532,0.0032085,0.002929,-0.0017076,0.00039058,0.042761,0.00026364,0.016039,-0.0070496,0.00040458,nan,0.0012271,-0.0037349,-0.70657,-0.62508,0.31176,0.025772,-0.029997,-5.1357e-05,-0.010072,-0.0027847,-0.013891,-0.0066066,-0.01821,0.011026,0.0072781,0.020114,0.027007,0.016878,0.0003113,-0.0022458,0.0050961,-0.00057852,0.0058434,-0.0092966
b21_pop,0.13554,0.73162,1,0.051258,0.022822,-0.0072288,0.00050167,-0.0049174,-0.0064516,0.020644,0.013565,-0.017266,-0.0068443,-0.0099094,0.0086363,0.00076976,-0.0048538,0.008437,0.006097,-0.020174,nan,-0.0080107,-0.0071853,-0.0053094,-0.0049775,0.004992,0.0037119,0.011895,-0.00037799,0.017524,0.0026721,-0.0015701,nan,0.0017383,0.073426,-0.59576,-0.7986,0.32105,0.021643,-0.030011,-0.00093703,-0.012354,-0.0010586,-0.012105,-0.0089498,-0.016015,0.012322,0.0085498,0.020361,0.032897,0.068835,0.00057623,-0.0033038,0.0022339,0.0041914,0.0065642,-0.010304
a1_pop,-0.07037,0.0589,0.051258,1,-0.0048532,0.003238,0.0050173,-0.0063409,-0.00157,-0.0056389,-0.011484,0.020073,-0.010132,0.013243,0.0021559,-0.021086,-0.00041303,0.012585,0.0098489,0.017654,nan,-0.013665,-0.0034509,0.017294,0.016031,-0.013425,-0.016089,0.010874,0.0012816,-0.018024,-0.020613,0.0033374,nan,0.0003469,-0.021757,-0.2849,-0.23338,-0.55054,-0.014917,0.0076772,-0.002541,0.013897,0.0017702,-0.0044468,-0.0044829,0.0010723,-0.0077344,-0.014288,-9.627e-05,0.011389,-0.12301,0.0054657,-0.0023348,-0.00046906,0.062491,0.091903,-0.002705
b02_pop,0.00074348,0.022347,0.022822,-0.0048532,1,-0.28204,-0.00067757,0.00096152,0.00061061,-0.00024348,0.0012635,-0.0041242,0.0013763,-0.0012136,-0.00043252,-0.0014597,-0.0051415,0.033305,-0.00018122,0.0017444,nan,-0.0076833,0.0090598,0.002019,0.0018636,-0.0015446,-0.0019863,-0.0031737,9.7048e-05,-0.003099,-0.0025754,-0.00013158,nan,0.0012921,-0.00014837,-0.018688,-0.020414,0.013582,-0.0071533,-0.024515,0.00015153,-0.0034751,-0.00016769,0.00047866,0.00013598,-0.0024197,0.0030899,-0.0023753,-0.0011134,-0.0033092,0.0019627,0.0089886,-0.00076504,-0.00054453,0.0046418,0.0032454,-0.00023803
b12_pop,0.0011579,-0.0064552,-0.0072288,0.003238,-0.28204,1,-0.00022624,0.0072067,-0.00030519,-0.0011761,-0.0018544,0.0044617,-0.002296,0.0043034,0.0010199,0.0027547,0.083173,-0.084166,0.001318,-0.00994,nan,0.071449,-0.047867,-0.0099952,-0.0091825,0.0077543,0.023615,0.013208,-0.00055238,0.024085,0.012378,0.0034547,nan,-0.018472,0.0014942,0.0065628,0.004336,-0.00085043,0.0063439,0.032809,-0.0016747,0.0063194,2.8997e-05,0.00037423,-0.0019005,0.00055212,-0.00089778,0.00044416,0.0018039,0.0067335,-0.0006159,-0.015404,0.00067979,0.0014191,-0.0020641,-0.0038204,0.00057764
b03_pop,-0.0010712,0.00082995,0.00050167,0.0050173,-0.00067757,-0.00022624,1,-0.15046,9.8738e-05,-0.00072119,-0.00036821,0.00016846,0.00018779,-0.00022546,0.00090387,-0.0010664,0.010128,-0.027929,0.0013121,0.02433,nan,0.0094747,-0.009445,0.0079448,0.0074319,-0.0071326,0.00025236,-0.00072508,0.00064129,-0.010401,-0.0054248,0.0024298,nan,-0.003573,-0.0011354,-0.00051204,-0.0011316,-0.005072,-0.00015053,-0.0025323,-0.0083745,0.028432,-8.5789e-06,0.0025664,-0.00058166,-0.00095731,-6.5573e-05,-0.003817,0.0012311,-0.00093711,0.0010179,0.00022606,-0.0019265,-0.00038137,0.0015234,0.0021886,-0.0016636
b13_pop,0.0018252,-0.01386,-0.0049174,-0.0063409,0.00096152,0.0072067,-0.15046,1,0.000152,-0.0011277,0.00045326,0.00083036,-0.00052872,0.00080138,-0.001142,-0.0031763,-0.091824,0.075064,0.050023,-0.047928,nan,-0.046247,0.056714,-0.0043648,-0.0042368,0.0059944,-0.0081116,0.012469,-0.00045364,0.033901,-0.0057809,-0.0040016,nan,0.014777,-0.00074949,0.002578,0.0082834,-0.0023184,-0.00090712,0.0022791,-0.0055713,-0.082039,0.00031108,-0.0039112,0.0019394,0.00034069,-0.00075743,0.0058167,-0.00069237,0.0013393,-0.0010386,-0.00010087,0.018993,-0.00085604,-0.0017443,6.0853e-06,0.0002006
b04_pop,-0.00028926,-0.0072751,-0.0064516,-0.00157,0.00061061,-0.00030519,9.8738e-05,0.000152,1,-0.11951,-0.00014902,0.00015828,0.00019735,-0.00061714,0.00072561,-0.0016112,0.00011273,0.00033807,-0.001193,-0.0024911,nan,-0.00024944,0.0002197,0.00010352,8.7338e-05,7.494e-05,-0.00077052,-0.00015823,5.4468e-06,-0.00039854,-0.00071953,3.2363e-05,nan,-0.0002074,-0.0002927,0.0082211,0.0071717,-0.00484,-0.00043917,0.0013237,0.0005037,-0.00031211,0.0028136,-0.014757,-0.00079277,5.2296e-05,0.00033235,-0.0020513,-8.3297e-05,-0.00025059,0.0005983,9.3961e-05,-0.00075306,0.0060483,0.0015092,-0.00046701,0.0004442
b14_pop,0.00051743,0.019277,0.020644,-0.0056389,-0.00024348,-0.0011761,-0.00072119,-0.0011277,-0.11951,1,-0.00041436,0.0013379,-0.00027518,-0.0013282,-0.0025841,0.011833,0.0052756,-0.014415,-0.035461,-0.046429,nan,0.014255,-0.0038563,-0.092441,-0.085597,0.068824,0.017933,0.0087423,-0.0069481,0.052718,0.12202,-0.021658,nan,0.019692,-0.0015974,-0.019503,-0.022018,0.020974,0.0037995,-0.0064888,-0.0020597,-0.0032542,-0.0031648,0.067043,0.0018431,-0.00097379,-0.00060662,0.0030967,0.0011302,0.0051668,0.0026196,-0.000484,0.0015522,-0.01981,-0.0017033,0.0020962,-0.00061414
b05_pop,0.0022533,0.011598,0.013565,-0.011484,0.0012635,-0.0018544,-0.00036821,0.00045326,-0.00014902,-0.00041436,1,-0.15631,0.0010054,-0.00026848,-0.0004002,0.0025421,-0.00019583,0.00056799,-0.00025346,-0.0010298,nan,-0.00099714,-0.00032959,-0.00063805,-0.00060085,0.00051706,-0.0010721,0.00031116,-4.8166e-05,0.00065308,0.00060356,-0.0006083,nan,0.0012214,0.00032922,-0.0077957,-0.01177,0.020917,0.00062104,0.00088503,3.1301e-05,-0.00076333,0.00040204,-4.1418e-05,0.03384,-0.0027791,0.00091764,0.00024152,0.00036052,-0.00021427,0.0038412,-0.00054824,0.00055918,-0.00034072,-0.024186,-0.0068773,-0.00047778
b15_pop,-0.0032571,-0.014123,-0.017266,0.020073,-0.0041242,0.0044617,0.00016846,0.00083036,0.00015828,0.0013379,-0.15631,1,-0.0012594,-0.00011466,0.0026119,-0.0064623,-0.00021753,0.00018127,0.00061484,0.0022162,nan,0.00089555,0.0020098,0.0020809,0.0019699,-0.0016271,-0.00091268,0.00027011,0.00015222,-0.0026732,-0.0020918,0.0028802,nan,-0.00082906,-0.0010099,0.0086682,0.013469,-0.033091,-0.0016338,-0.0032818,0.0013086,-0.0011661,0.00048819,2.9938e-06,-0.049642,0.012935,0.0010443,-0.0038657,0.0021801,0.00046899,-0.0054729,0.001934,-0.0013658,1.9356e-05,0.042122,0.0083948,-0.0011628
b06_pop,5.9835e-05,-0.0054755,-0.0068443,-0.010132,0.0013763,-0.002296,0.00018779,-0.00052872,0.00019735,-0.00027518,0.0010054,-0.0012594,1,-0.19172,-0.00034379,0.00052655,-0.00038267,-0.0015113,-8.7519e-05,-0.00030984,nan,0.001168,0.00033284,-0.00050196,-0.00046383,0.00037911,0.0020916,0.00031035,-3.5973e-05,0.00058537,0.0006428,-5.8457e-05,nan,-0.00054462,0.00039735,0.0072185,0.006032,0.0082566,0.0022493,-0.00039584,0.00060781,-0.001428,-0.00093252,0.0023596,0.00026838,0.0040772,0.072165,-0.032225,-0.00051546,-0.0015263,-0.00033306,-0.00091421,-0.0006147,0.00029997,-0.012451,-0.041412,-0.0004205
b16_pop,-0.0025746,-0.007571,-0.0099094,0.013243,-0.0012136,0.0043034,-0.00022546,0.00080138,-0.00061714,-0.0013282,-0.00026848,-0.00011466,-0.19172,1,0.001287,-0.0021501,-0.00047306,0.002965,0.00076279,0.0022688,nan,-0.0031999,-0.00028788,0.002649,0.0024512,-0.0020094,-0.0027852,-0.00040806,0.00019353,-0.0031034,-0.0032726,0.00040801,nan,-0.00012835,-0.0017166,0.0033119,0.010412,-0.019126,-0.0021612,-0.0041492,-0.00093965,0.0050434,0.00010567,-0.0026358,0.00074291,-0.0017194,-0.019699,0.045009,0.0019955,0.0062381,-0.00097717,0.00084664,0.0001859,0.00056606,0.005983,0.0030657,-0.0023129
b07_pop,-0.00056165,0.0097912,0.0086363,0.0021559,-0.00043252,0.0010199,0.00090387,-0.001142,0.00072561,-0.0025841,-0.0004002,0.0026119,-0.00034379,0.001287,1,-0.19789,-0.0056621,-0.011275,0.0033481,0.0037576,nan,-0.00083246,-0.0013839,0.00090505,0.00084596,-0.00087574,0.0043479,0.0024158,8.0404e-05,-0.0026055,-0.00044194,5.8777e-05,nan,0.015407,0.00074787,-0.0082892,-0.0064351,-0.0012056,0.0012071,0.0024451,0.00069536,-0.00074972,6.1596e-05,0.0010483,-0.00024928,0.0017033,0.00098147,0.0018382,0.11119,-0.044115,-0.00040739,0.00073319,0.00045211,0.00032712,-0.00081501,0.00019997,-0.051285
b17_pop,0.00081315,-0.00081193,0.00076976,-0.021086,-0.0014597,0.0027547,-0.0010664,-0.0031763,-0.0016112,0.011833,0.0025421,-0.0064623,0.00052655,-0.0021501,-0.19789,1,-0.037618,0.02619,-0.01188,-0.052893,nan,-0.025468,0.010635,-0.02857,-0.026627,0.023551,0.028092,-0.0025002,-0.0022354,0.0060878,0.027598,-0.0094329,nan,0.11155,-2.1362e-05,-0.0015414,0.0013998,0.032953,-0.0010014,0.00075709,-0.0030837,-0.0017561,-0.0015733,-0.0043738,0.00061792,-0.0035957,-0.0016996,-0.0025226,-0.048579,0.1824,0.00020362,-0.0021494,0.00033824,-4.1607e-06,0.0019367,-0.0019478,-0.0088407
p1_pop,0.0009297,-0.017412,-0.0048538,-0.00041303,-0.0051415,0.083173,0.010128,-0.091824,0.00011273,0.0052756,-0.00019583,-0.00021753,-0.00038267,-0.00047306,-0.0056621,-0.037618,1,-0.57431,-0.032585,-0.039224,nan,0.52842,-0.74862,-0.048516,-0.044289,0.03685,0.044183,0.058676,-0.0017003,0.13997,0.064572,0.033886,nan,-0.14591,-0.0032277,-0.032591,0.0059444,0.0031729,-0.0024284,-0.028044,0.014758,-0.039715,0.0010874,0.0015522,-0.0002761,-0.0018571,0.001273,-0.00072632,-0.010476,-0.0057088,0.033401,0.0031008,-0.018744,0.00016384,0.00058226,-0.0028054,0.0086053
g1_pop,-0.0088335,0.008244,0.008437,0.012585,0.033305,-0.084166,-0.027929,0.075064,0.00033807,-0.014415,0.00056799,0.00018127,-0.0015113,0.002965,-0.011275,0.02619,-0.57431,1,-0.011485,0.07329,nan,-0.54321,0.38518,0.09035,0.083055,-0.069455,-0.47505,-0.10016,0.0047728,-0.22105,-0.11512,-0.022202,nan,0.21316,-0.0085124,0.025081,-0.0099196,-0.034684,-0.010587,0.025061,-0.024407,0.060024,-0.0013544,-0.001901,0.0012726,0.0015119,-0.0025153,0.00046375,0.016015,0.00083002,-0.0080972,5.7324e-05,0.012225,-0.00010708,0.0016151,0.0048468,-0.021392
p2_pop,0.0030034,0.019741,0.006097,0.0098489,-0.00018122,0.001318,0.0013121,0.050023,-0.001193,-0.035461,-0.00025346,0.00061484,-8.7519e-05,0.00076279,0.0033481,-0.01188,-0.032585,-0.011485,1,0.17792,nan,0.021731,0.040336,0.17265,0.16037,-0.13398,0.02939,0.016742,0.013202,-0.0012254,-0.20349,0.050592,nan,-0.21318,0.0071624,0.012857,-0.011483,0.0061265,-0.0010225,0.00078848,-0.0061628,0.010275,-0.0011456,-0.0078634,-0.00038732,0.000702,-9.9449e-05,0.00021742,-0.0012712,0.0041237,-0.018884,-0.00013989,0.0073443,0.0031754,-0.0010454,0.00015693,-0.0031397
g2_pop,-0.0010682,-0.009967,-0.020174,0.017654,0.0017444,-0.00994,0.02433,-0.047928,-0.0024911,-0.046429,-0.0010298,0.0022162,-0.00030984,0.0022688,0.0037576,-0.052893,-0.039224,0.07329,0.17792,1,nan,-0.044466,0.052177,0.48958,0.45572,-0.40951,-0.081926,-0.011823,0.036344,-0.63678,-0.46131,0.10598,nan,-0.29418,0.0020734,-0.0069325,0.018011,-0.018478,-0.0028064,0.0031668,0.0051201,0.023356,-0.0038442,-0.011466,-0.00058736,0.00098992,-0.0001607,-0.00037152,-0.0012247,-0.012922,-0.0081055,0.00037604,0.0053811,0.0064484,0.0018714,0.0023372,-0.0034838
alpha11_pop,nan,nan,nan,nan,nan,nan,nan,nan,nan,nan,nan,nan,nan,nan,nan,nan,nan,nan,nan,nan,nan,nan,nan,nan,nan,nan,nan,nan,nan,nan,nan,nan,nan,nan,nan,nan,nan,nan,nan,nan,nan,nan,nan,nan,nan,nan,nan,nan,nan,nan,nan,nan,nan,nan,nan,nan,nan
alpha12_pop,0.0045424,-0.013538,-0.0080107,-0.013665,-0.0076833,0.071449,0.0094747,-0.046247,-0.00024944,0.014255,-0.00099714,0.00089555,0.001168,-0.0031999,-0.00083246,-0.025468,0.52842,-0.54321,0.021731,-0.044466,nan,1,-0.16604,-0.081551,-0.074357,0.061758,0.35377,0.076919,-0.0049619,0.20399,0.10736,0.056175,nan,-0.27658,0.0016594,-0.0057234,0.010416,0.015397,-0.0082312,0.00037572,0.010837,-0.052223,0.0010547,0.0035263,-0.0015998,-0.0018518,0.0019547,-0.0010328,-0.01969,0.007699,0.006849,0.00065639,-0.004021,6.4363e-05,-0.00024565,-0.0025501,0.015077
alpha13_pop,-0.0046781,-0.00016532,-0.0071853,-0.0034509,0.0090598,-0.047867,-0.009445,0.056714,0.0002197,-0.0038563,-0.00032959,0.0020098,0.00033284,-0.00028788,-0.0013839,0.010635,-0.74862,0.38518,0.040336,0.052177,nan,-0.16604,1,0.043075,0.03967,-0.033445,-0.19953,-0.066459,0.0011575,-0.13573,-0.048085,-0.007235,nan,0.077755,-0.0025109,0.037364,0.0088697,-0.011798,-0.0088232,0.027304,-0.019917,-0.0025252,-0.00083716,0.00021268,0.00067994,0.0014137,-0.0013621,0.0009762,0.0081488,-0.0030395,-0.022843,-0.00026703,0.031327,-0.00040242,-0.00016946,0.0022955,-0.009065
alpha14_pop,-0.0024837,0.0032085,-0.0053094,0.017294,0.002019,-0.0099952,0.0079448,-0.0043648,0.00010352,-0.092441,-0.00063805,0.0020809,-0.00050196,0.002649,0.00090505,-0.02857,-0.048516,0.09035,0.17265,0.48958,nan,-0.081551,0.043075,1,0.92607,-0.74409,-0.097183,-0.073947,0.075497,-0.43797,-0.77329,0.24079,nan,-0.17792,0.002677,0.0017069,0.003923,-0.0099891,-0.0023639,0.0024335,0.001344,0.02507,-0.0053824,-0.022675,-0.00091002,0.00075178,-8.7117e-05,-0.0002789,0.00029015,-0.0072211,-0.0082571,7.4971e-05,0.0060726,0.010638,0.0014085,0.0013233,-0.0034816
alpha15_pop,-0.0022938,0.002929,-0.0049775,0.016031,0.0018636,-0.0091825,0.0074319,-0.0042368,8.7338e-05,-0.085597,-0.00060085,0.0019699,-0.00046383,0.0024512,0.00084596,-0.026627,-0.044289,0.083055,0.16037,0.45572,nan,-0.074357,0.03967,0.92607,1,-0.71407,-0.089533,-0.068182,0.073183,-0.40675,-0.71627,0.23846,nan,-0.16597,0.0024832,0.0015478,0.003689,-0.009278,-0.0022019,0.0022553,0.001278,0.023207,-0.0049867,-0.020994,-0.00088003,0.00068326,-7.7896e-05,-0.00026299,0.00023105,-0.0067081,-0.0076466,7.0974e-05,0.005621,0.0098555,0.0013455,0.0012341,-0.0032043
alpha16_pop,0.0018375,-0.0017076,0.004992,-0.013425,-0.0015446,0.0077543,-0.0071326,0.0059944,7.494e-05,0.068824,0.00051706,-0.0016271,0.00037911,-0.0020094,-0.00087574,0.023551,0.03685,-0.069455,-0.13398,-0.40951,nan,0.061758,-0.033445,-0.74409,-0.71407,1,0.074914,0.053463,-0.063427,0.35118,0.58005,-0.18196,nan,0.14421,-0.0020385,-0.00078649,-0.0038662,0.0082505,0.0018446,-0.0019047,-0.001272,-0.019346,0.0040758,0.016886,0.00069126,-0.00059408,7.2604e-05,0.00022218,-0.00016644,0.005947,0.0063695,-7.7335e-05,-0.0046501,-0.0079853,-0.0011267,-0.0010811,0.0027179
alpha17_pop,0.0048203,0.00039058,0.0037119,-0.016089,-0.0019863,0.023615,0.00025236,-0.0081116,-0.00077052,0.017933,-0.0010721,-0.00091268,0.0020916,-0.0027852,0.0043479,0.028092,0.044183,-0.47505,0.02939,-0.081926,nan,0.35377,-0.19953,-0.097183,-0.089533,0.074914,1,0.085534,-0.006125,0.23922,0.11801,0.0026162,nan,-0.20984,0.0015986,0.0011528,-0.00048231,0.015956,0.0027812,-0.0062859,0.0042019,-0.015952,0.0012925,0.0018005,-0.0023967,-2.5972e-05,0.0021699,-0.0014441,-0.040297,0.02282,-0.0045419,-0.0013271,-0.0090516,-0.00064121,-0.00078782,-0.00098948,0.03874
alpha21_pop,0.0097229,0.042761,0.011895,0.010874,-0.0031737,0.013208,-0.00072508,0.012469,-0.00015823,0.0087423,0.00031116,0.00027011,0.00031035,-0.00040806,0.0024158,-0.0025002,0.058676,-0.10016,0.016742,-0.011823,nan,0.076919,-0.066459,-0.073947,-0.068182,0.053463,0.085534,1,-0.005113,0.15883,0.1049,-0.0046296,nan,-0.037548,0.0058964,-0.021135,-0.038307,-0.025595,0.0013853,-0.0023848,0.0029263,-0.0065931,0.0016033,0.0035509,-0.00066892,-0.0010922,0.00064371,-0.00065876,-0.0014257,0.0017081,-0.00027007,-0.00042144,-0.0029096,-0.002676,0.00099438,0.00087738,0.0033864
alpha22_pop,-0.00016052,0.00026364,-0.00037799,0.0012816,9.7048e-05,-0.00055238,0.00064129,-0.00045364,5.4468e-06,-0.0069481,-4.8166e-05,0.00015222,-3.5973e-05,0.00019353,8.0404e-05,-0.0022354,-0.0017003,0.0047728,0.013202,0.036344,nan,-0.0049619,0.0011575,0.075497,0.073183,-0.063427,-0.006125,-0.005113,1,-0.031259,-0.058069,0.01862,nan,-0.014257,0.00022197,2.3307e-05,0.00026664,-0.00065871,-0.00015064,0.00010348,0.00015566,0.0017637,-0.00040161,-0.00171,-7.3251e-05,5.1357e-05,1.9789e-06,-2.4844e-05,-3.0408e-05,-0.00053196,-0.0005713,5.6303e-06,0.00037948,0.00080358,0.00010439,8.7843e-05,-0.00020797
alpha23_pop,0.0062883,0.016039,0.017524,-0.018024,-0.003099,0.024085,-0.010401,0.033901,-0.00039854,0.052718,0.00065308,-0.0026732,0.00058537,-0.0031034,-0.0026055,0.0060878,0.13997,-0.22105,-0.0012254,-0.63678,nan,0.20399,-0.13573,-0.43797,-0.40675,0.35118,0.23922,0.15883,-0.031259,1,0.4748,-0.093534,nan,-0.097824,0.0016782,-0.011,-0.019458,0.027382,0.0030422,-0.0077042,-0.0030745,-0.047163,0.0040335,0.011831,-0.00014219,-0.0011919,0.0019057,-0.00069477,-0.010637,0.010471,0.010129,-0.0002764,-0.013681,-0.0059145,-0.0015433,-0.002639,0.010463
alpha24_pop,0.0033038,-0.0070496,0.0026721,-0.020613,-0.0025754,0.012378,-0.0054248,-0.0057809,-0.00071953,0.12202,0.00060356,-0.0020918,0.0006428,-0.0032726,-0.00044194,0.027598,0.064572,-0.11512,-0.20349,-0.46131,nan,0.10736,-0.048085,-0.77329,-0.71627,0.58005,0.11801,0.1049,-0.058069,0.4748,1,-0.17988,nan,0.1808,-0.0033472,-0.0041307,-0.0012029,0.0099321,0.0032638,-0.0026555,-0.00051153,-0.030746,0.0065263,0.029436,0.00084402,-0.00098833,9.3393e-05,0.00029134,-0.00070309,0.0071347,0.0099143,-0.00027326,-0.0074084,-0.013431,-0.0012155,-0.0012983,0.0041122
alpha25_pop,-0.00027522,0.00040458,-0.0015701,0.0033374,-0.00013158,0.0034547,0.0024298,-0.0040016,3.2363e-05,-0.021658,-0.0006083,0.0028802,-5.8457e-05,0.00040801,5.8777e-05,-0.0094329,0.033886,-0.022202,0.050592,0.10598,nan,0.056175,-0.007235,0.24079,0.23846,-0.18196,0.0026162,-0.0046296,0.01862,-0.093534,-0.17988,1,nan,-0.069524,0.00073993,-7.0527e-05,0.0012239,-0.0014172,-0.0011149,0.00038194,0.0014988,0.002976,-0.0011994,-0.0051583,-0.0024374,-0.00075626,0.00015295,-0.00028677,-0.0015116,-0.0013054,-0.0010718,6.4109e-05,0.00094179,0.0025763,0.0026232,0.00051509,0.00037766
alpha26_pop,nan,nan,nan,nan,nan,nan,nan,nan,nan,nan,nan,nan,nan,nan,nan,nan,nan,nan,nan,nan,nan,nan,nan,nan,nan,nan,nan,nan,nan,nan,nan,nan,nan,nan,nan,nan,nan,nan,nan,nan,nan,nan,nan,nan,nan,nan,nan,nan,nan,nan,nan,nan,nan,nan,nan,nan,nan
alpha27_pop,-0.00032584,0.0012271,0.0017383,0.0003469,0.0012921,-0.018472,-0.003573,0.014777,-0.0002074,0.019692,0.0012214,-0.00082906,-0.00054462,-0.00012835,0.015407,0.11155,-0.14591,0.21316,-0.21318,-0.29418,nan,-0.27658,0.077755,-0.17792,-0.16597,0.14421,-0.20984,-0.037548,-0.014257,-0.097824,0.1808,-0.069524,nan,1,0.00043418,0.0058468,-0.00086355,-0.0023858,0.0025317,0.0052121,-0.005051,0.016581,0.00084802,0.0046415,0.001282,-0.00099037,-0.0019994,0.00083342,0.031646,0.0069784,-0.0011732,-0.00031451,0.003829,-0.0035593,0.0020116,0.0017786,-0.012868
omega_b01,0.20462,-0.0037349,0.073426,-0.021757,-0.00014837,0.0014942,-0.0011354,-0.00074949,-0.0002927,-0.0015974,0.00032922,-0.0010099,0.00039735,-0.0017166,0.00074787,-2.1362e-05,-0.0032277,-0.0085124,0.0071624,0.0020734,nan,0.0016594,-0.0025109,0.002677,0.0024832,-0.0020385,0.0015986,0.0058964,0.00022197,0.0016782,-0.0033472,0.00073993,nan,0.00043418,1,-0.011347,-0.04772,0.019859,0.00090178,0.00012565,6.7076e-06,-0.0010687,-0.00014943,0.0021387,-0.0018901,0.0019277,0.0017366,0.0039918,0.0016454,0.0011123,-0.11212,0.0001366,-0.00036789,-0.00046051,-0.001545,-0.0083029,-0.0001672
omega_b11,0.03259,-0.70657,-0.59576,-0.2849,-0.018688,0.0065628,-0.00051204,0.002578,0.0082211,-0.019503,-0.0077957,0.0086682,0.0072185,0.0033119,-0.0082892,-0.0015414,-0.032591,0.025081,0.012857,-0.0069325,nan,-0.0057234,0.037364,0.0017069,0.0015478,-0.00078649,0.0011528,-0.021135,2.3307e-05,-0.011,-0.0041307,-7.0527e-05,nan,0.0058468,-0.011347,1,0.58979,-0.21566,-0.018483,0.025467,-0.0012968,0.0071747,0.0020197,0.016622,0.0075649,0.016594,-0.011612,-0.0087519,-0.016271,-0.024925,-0.0075562,-0.00281,0.0020544,-0.0057318,-0.018896,-0.024054,0.0060395
omega_b21,-0.094335,-0.62508,-0.7986,-0.23338,-0.020414,0.004336,-0.0011316,0.0082834,0.0071717,-0.022018,-0.01177,0.013469,0.006032,0.010412,-0.0064351,0.0013998,0.0059444,-0.0099196,-0.011483,0.018011,nan,0.010416,0.0088697,0.003923,0.003689,-0.0038662,-0.00048231,-0.038307,0.00026664,-0.019458,-0.0012029,0.0012239,nan,-0.00086355,-0.04772,0.58979,1,-0.23441,-0.016293,0.025712,0.0019323,0.012292,7.1351e-05,0.017101,0.0093796,0.011997,-0.016023,-0.0076423,-0.018351,-0.031882,-0.05668,-0.00018104,0.0039943,-0.0018136,-0.0097841,-0.0099683,0.0091206
omega_a1,0.027555,0.31176,0.32105,-0.55054,0.013582,-0.00085043,-0.005072,-0.0023184,-0.00484,0.020974,0.020917,-0.033091,0.0082566,-0.019126,-0.0012056,0.032953,0.0031729,-0.034684,0.0061265,-0.018478,nan,0.015397,-0.011798,-0.0099891,-0.009278,0.0082505,0.015956,-0.025595,-0.00065871,0.027382,0.0099321,-0.0014172,nan,-0.0023858,0.019859,-0.21566,-0.23441,1,0.029211,-0.023549,0.0012822,-0.026941,-0.0042669,-0.021237,-0.0022969,-0.008391,0.023681,0.018748,0.0084816,0.0093171,0.04272,-0.0038129,-8.0276e-05,0.010052,-0.053812,-0.08694,0.00081508
omega_b02,4.4334e-05,0.025772,0.021643,-0.014917,-0.0071533,0.0063439,-0.00015053,-0.00090712,-0.00043917,0.0037995,0.00062104,-0.0016338,0.0022493,-0.0021612,0.0012071,-0.0010014,-0.0024284,-0.010587,-0.0010225,-0.0028064,nan,-0.0082312,-0.0088232,-0.0023639,-0.0022019,0.0018446,0.0027812,0.0013853,-0.00015064,0.0030422,0.0032638,-0.0011149,nan,0.0025317,0.00090178,-0.018483,-0.016293,0.029211,1,-0.08727,-0.0022251,0.0037745,0.0002936,-0.0045246,-0.0017234,-0.005822,0.0024285,0.0017662,0.0022802,-0.0076976,1.9273e-05,-0.11539,0.00061242,0.0025891,0.0038254,-0.004753,-0.00081421
omega_b12,0.00025332,-0.029997,-0.030011,0.0076772,-0.024515,0.032809,-0.0025323,0.0022791,0.0013237,-0.0064888,0.00088503,-0.0032818,-0.00039584,-0.0041492,0.0024451,0.00075709,-0.028044,0.025061,0.00078848,0.0031668,nan,0.00037572,0.027304,0.0024335,0.0022553,-0.0019047,-0.0062859,-0.0023848,0.00010348,-0.0077042,-0.0026555,0.00038194,nan,0.0052121,0.00012565,0.025467,0.025712,-0.023549,-0.08727,1,0.00315,-0.0063426,0.00017306,0.0053854,-0.0014235,0.006783,0.0019185,-0.00092831,0.0014627,0.0061791,-0.0065373,-0.049207,0.00097454,0.00038065,-0.0032357,-0.0038805,-0.00047152
omega_b03,-8.8137e-05,-5.1357e-05,-0.00093703,-0.002541,0.00015153,-0.0016747,-0.0083745,-0.0055713,0.0005037,-0.0020597,3.1301e-05,0.0013086,0.00060781,-0.00093965,0.00069536,-0.0030837,0.014758,-0.024407,-0.0061628,0.0051201,nan,0.010837,-0.019917,0.001344,0.001278,-0.001272,0.0042019,0.0029263,0.00015566,-0.0030745,-0.00051153,0.0014988,nan,-0.005051,6.7076e-06,-0.0012968,0.0019323,0.0012822,-0.0022251,0.00315,1,-0.040182,-0.00010161,-0.0017904,0.0008385,-0.0024862,0.0028955,-0.00082912,0.0021794,0.0014173,0.00099873,0.00076769,-0.074787,0.0023715,-0.000438,-0.0028921,-0.00011801
omega_b13,-0.0039974,-0.010072,-0.012354,0.013897,-0.0034751,0.0063194,0.028432,-0.082039,-0.00031211,-0.0032542,-0.00076333,-0.0011661,-0.001428,0.0050434,-0.00074972,-0.0017561,-0.039715,0.060024,0.010275,0.023356,nan,-0.052223,-0.0025252,0.02507,0.023207,-0.019346,-0.015952,-0.0065931,0.0017637,-0.047163,-0.030746,0.002976,nan,0.016581,-0.0010687,0.0071747,0.012292,-0.026941,0.0037745,-0.0063426,-0.040182,1,-0.0013209,0.0025813,-0.0029758,0.0030061,-0.00061774,-0.0019045,0.00017065,-0.0043784,-0.0021101,-0.0010568,-0.027591,-0.0016014,0.0025416,0.0041943,-0.00027605
omega_b04,0.00044088,-0.0027847,-0.0010586,0.0017702,-0.00016769,2.8997e-05,-8.5789e-06,0.00031108,0.0028136,-0.0031648,0.00040204,0.00048819,-0.00093252,0.00010567,6.1596e-05,-0.0015733,0.0010874,-0.0013544,-0.0011456,-0.0038442,nan,0.0010547,-0.00083716,-0.0053824,-0.0049867,0.0040758,0.0012925,0.0016033,-0.00040161,0.0040335,0.0065263,-0.0011994,nan,0.00084802,-0.00014943,0.0020197,7.1351e-05,-0.0042669,0.0002936,0.00017306,-0.00010161,-0.0013209,1,-0.01807,0.00044699,0.00096013,-0.00030645,-0.0009505,-0.0014524,-0.0018886,0.00067706,-2.3146e-06,0.00048205,-0.04217,0.00061934,0.001797,0.0012485
omega_b14,0.0036804,-0.013891,-0.012105,-0.0044468,0.00047866,0.00037423,0.0025664,-0.0039112,-0.014757,0.067043,-4.1418e-05,2.9938e-06,0.0023596,-0.0026358,0.0010483,-0.0043738,0.0015522,-0.001901,-0.0078634,-0.011466,nan,0.0035263,0.00021268,-0.022675,-0.020994,0.016886,0.0018005,0.0035509,-0.00171,0.011831,0.029436,-0.0051583,nan,0.0046415,0.0021387,0.016622,0.017101,-0.021237,-0.0045246,0.0053854,-0.0017904,0.0025813,-0.01807,1,0.00086321,-0.00021912,0.001517,0.0024225,0.0014993,-0.013708,0.0033765,0.0023921,-0.00090084,-0.14888,-0.0082916,0.0016938,-0.0025056
omega_b05,-0.0015188,-0.0066066,-0.0089498,-0.0044829,0.00013598,-0.0019005,-0.00058166,0.0019394,-0.00079277,0.0018431,0.03384,-0.049642,0.00026838,0.00074291,-0.00024928,0.00061792,-0.0002761,0.0012726,-0.00038732,-0.00058736,nan,-0.0015998,0.00067994,-0.00091002,-0.00088003,0.00069126,-0.0023967,-0.00066892,-7.3251e-05,-0.00014219,0.00084402,-0.0024374,nan,0.001282,-0.0018901,0.0075649,0.0093796,-0.0022969,-0.0017234,-0.0014235,0.0008385,-0.0029758,0.00044699,0.00086321,1,-0.0061153,0.0013327,-0.0022469,0.00016646,-9.8863e-05,-0.00057912,0.00084901,0.00090716,-0.0011082,-0.12652,-0.009037,-0.0008699
omega_b15,0.00099009,-0.01821,-0.016015,0.0010723,-0.0024197,0.00055212,-0.00095731,0.00034069,5.2296e-05,-0.00097379,-0.0027791,0.012935,0.0040772,-0.0017194,0.0017033,-0.0035957,-0.0018571,0.0015119,0.000702,0.00098992,nan,-0.0018518,0.0014137,0.00075178,0.00068326,-0.00059408,-2.5972e-05,-0.0010922,5.1357e-05,-0.0011919,-0.00098833,-0.00075626,nan,-0.00099037,0.0019277,0.016594,0.011997,-0.008391,-0.005822,0.006783,-0.0024862,0.0030061,0.00096013,-0.00021912,-0.0061153,1,0.0032487,-0.0023676,-0.00091729,0.0060225,-0.0024352,0.0010348,0.00013362,-0.0019911,-0.10206,-0.013442,-0.001905
omega_b06,0.00075464,0.011026,0.012322,-0.0077344,0.0030899,-0.00089778,-6.5573e-05,-0.00075743,0.00033235,-0.00060662,0.00091764,0.0010443,0.072165,-0.019699,0.00098147,-0.0016996,0.001273,-0.0025153,-9.9449e-05,-0.0001607,nan,0.0019547,-0.0013621,-8.7117e-05,-7.7896e-05,7.2604e-05,0.0021699,0.00064371,1.9789e-06,0.0019057,9.3393e-05,0.00015295,nan,-0.0019994,0.0017366,-0.011612,-0.016023,0.023681,0.0024285,0.0019185,0.0028955,-0.00061774,-0.00030645,0.001517,0.0013327,0.0032487,1,-0.027599,0.0015486,-0.00055515,5.034e-05,-0.0022289,-0.0006163,-0.00058514,-0.0080925,-0.15757,-0.0011753
omega_b16,0.0030379,0.0072781,0.0085498,-0.014288,-0.0023753,0.00044416,-0.003817,0.0058167,-0.0020513,0.0030967,0.00024152,-0.0038657,-0.032225,0.045009,0.0018382,-0.0025226,-0.00072632,0.00046375,0.00021742,-0.00037152,nan,-0.0010328,0.0009762,-0.0002789,-0.00026299,0.00022218,-0.0014441,-0.00065876,-2.4844e-05,-0.00069477,0.00029134,-0.00028677,nan,0.00083342,0.0039918,-0.0087519,-0.0076423,0.018748,0.0017662,-0.00092831,-0.00082912,-0.0019045,-0.0009505,0.0024225,-0.0022469,-0.0023676,-0.027599,1,0.0019773,0.0012428,0.001357,0.00030245,0.0005601,-0.00183,-0.011938,-0.095649,-0.0013201
omega_b07,0.0011069,0.020114,0.020361,-9.627e-05,-0.0011134,0.0018039,0.0012311,-0.00069237,-8.3297e-05,0.0011302,0.00036052,0.0021801,-0.00051546,0.0019955,0.11119,-0.048579,-0.010476,0.016015,-0.0012712,-0.0012247,nan,-0.01969,0.0081488,0.00029015,0.00023105,-0.00016644,-0.040297,-0.0014257,-3.0408e-05,-0.010637,-0.00070309,-0.0015116,nan,0.031646,0.0016454,-0.016271,-0.018351,0.0084816,0.0022802,0.0014627,0.0021794,0.00017065,-0.0014524,0.0014993,0.00016646,-0.00091729,0.0015486,0.0019773,1,-0.020234,0.0023587,4.4322e-05,-0.00032001,0.00069063,0.001282,0.00072511,-0.13498
omega_b17,0.0037376,0.027007,0.032897,0.011389,-0.0033092,0.0067335,-0.00093711,0.0013393,-0.00025059,0.0051668,-0.00021427,0.00046899,-0.0015263,0.0062381,-0.044115,0.1824,-0.0057088,0.00083002,0.0041237,-0.012922,nan,0.007699,-0.0030395,-0.0072211,-0.0067081,0.005947,0.02282,0.0017081,-0.00053196,0.010471,0.0071347,-0.0013054,nan,0.0069784,0.0011123,-0.024925,-0.031882,0.0093171,-0.0076976,0.0061791,0.0014173,-0.0043784,-0.0018886,-0.013708,-9.8863e-05,0.0060225,-0.00055515,0.0012428,-0.020234,1,0.00075757,0.00039936,0.00068784,0.0034325,-0.00059398,-0.0031263,-0.11052
b_1,0.0058479,0.016878,0.068835,-0.12301,0.0019627,-0.0006159,0.0010179,-0.0010386,0.0005983,0.0026196,0.0038412,-0.0054729,-0.00033306,-0.00097717,-0.00040739,0.00020362,0.033401,-0.0080972,-0.018884,-0.0081055,nan,0.006849,-0.022843,-0.0082571,-0.0076466,0.0063695,-0.0045419,-0.00027007,-0.0005713,0.010129,0.0099143,-0.0010718,nan,-0.0011732,-0.11212,-0.0075562,-0.05668,0.04272,1.9273e-05,-0.0065373,0.00099873,-0.0021101,0.00067706,0.0033765,-0.00057912,-0.0024352,5.034e-05,0.001357,0.0023587,0.00075757,1,0.00029601,-0.00035936,-0.0032735,0.0048322,-0.0056317,-0.0021249
a_2,-0.00012599,0.0003113,0.00057623,0.0054657,0.0089886,-0.015404,0.00022606,-0.00010087,9.3961e-05,-0.000484,-0.00054824,0.001934,-0.00091421,0.00084664,0.00073319,-0.0021494,0.0031008,5.7324e-05,-0.00013989,0.00037604,nan,0.00065639,-0.00026703,7.4971e-05,7.0974e-05,-7.7335e-05,-0.0013271,-0.00042144,5.6303e-06,-0.0002764,-0.00027326,6.4109e-05,nan,-0.00031451,0.0001366,-0.00281,-0.00018104,-0.0038129,-0.11539,-0.049207,0.00076769,-0.0010568,-2.3146e-06,0.0023921,0.00084901,0.0010348,-0.0022289,0.00030245,4.4322e-05,0.00039936,0.00029601,1,-0.00087488,-0.00062214,-0.00018035,0.0042638,-0.00049933
a_3,1.5151e-05,-0.0022458,-0.0033038,-0.0023348,-0.00076504,0.00067979,-0.0019265,0.018993,-0.00075306,0.0015522,0.00055918,-0.0013658,-0.0006147,0.0001859,0.00045211,0.00033824,-0.018744,0.012225,0.0073443,0.0053811,nan,-0.004021,0.031327,0.0060726,0.005621,-0.0046501,-0.0090516,-0.0029096,0.00037948,-0.013681,-0.0074084,0.00094179,nan,0.003829,-0.00036789,0.0020544,0.0039943,-8.0276e-05,0.00061242,0.00097454,-0.074787,-0.027591,0.00048205,-0.00090084,0.00090716,0.00013362,-0.0006163,0.0005601,-0.00032001,0.00068784,-0.00035936,-0.00087488,1,-0.0013777,0.0026882,0.0015331,-0.000751
a_4,-0.0014198,0.0050961,0.0022339,-0.00046906,-0.00054453,0.0014191,-0.00038137,-0.00085604,0.0060483,-0.01981,-0.00034072,1.9356e-05,0.00029997,0.00056606,0.00032712,-4.1607e-06,0.00016384,-0.00010708,0.0031754,0.0064484,nan,6.4363e-05,-0.00040242,0.010638,0.0098555,-0.0079853,-0.00064121,-0.002676,0.00080358,-0.0059145,-0.013431,0.0025763,nan,-0.0035593,-0.00046051,-0.0057318,-0.0018136,0.010052,0.0025891,0.00038065,0.0023715,-0.0016014,-0.04217,-0.14888,-0.0011082,-0.0019911,-0.00058514,-0.00183,0.00069063,0.0034325,-0.0032735,-0.00062214,-0.0013777,1,0.0033569,-0.0020741,-0.0018387
b_5,-0.00014162,-0.00057852,0.0041914,0.062491,0.0046418,-0.0020641,0.0015234,-0.0017443,0.0015092,-0.0017033,-0.024186,0.042122,-0.012451,0.005983,-0.00081501,0.0019367,0.00058226,0.0016151,-0.0010454,0.0018714,nan,-0.00024565,-0.00016946,0.0014085,0.0013455,-0.0011267,-0.00078782,0.00099438,0.00010439,-0.0015433,-0.0012155,0.0026232,nan,0.0020116,-0.001545,-0.018896,-0.0097841,-0.053812,0.0038254,-0.0032357,-0.000438,0.0025416,0.00061934,-0.0082916,-0.12652,-0.10206,-0.0080925,-0.011938,0.001282,-0.00059398,0.0048322,-0.00018035,0.0026882,0.0033569,1,0.095051,0.0029707
b_6,-0.008704,0.0058434,0.0065642,0.091903,0.0032454,-0.0038204,0.0021886,6.0853e-06,-0.00046701,0.0020962,-0.0068773,0.0083948,-0.041412,0.0030657,0.00019997,-0.0019478,-0.0028054,0.0048468,0.00015693,0.0023372,nan,-0.0025501,0.0022955,0.0013233,0.0012341,-0.0010811,-0.00098948,0.00087738,8.7843e-05,-0.002639,-0.0012983,0.00051509,nan,0.0017786,-0.0083029,-0.024054,-0.0099683,-0.08694,-0.004753,-0.0038805,-0.0028921,0.0041943,0.001797,0.0016938,-0.009037,-0.013442,-0.15757,-0.095649,0.00072511,-0.0031263,-0.0056317,0.0042638,0.0015331,-0.0020741,0.095051,1,0.0021879
b_7,-0.0016738,-0.0092966,-0.010304,-0.002705,-0.00023803,0.00057764,-0.0016636,0.0002006,0.0004442,-0.00061414,-0.00047778,-0.0011628,-0.0004205,-0.0023129,-0.051285,-0.0088407,0.0086053,-0.021392,-0.0031397,-0.0034838,nan,0.015077,-0.009065,-0.0034816,-0.0032043,0.0027179,0.03874,0.0033864,-0.00020797,0.010463,0.0041122,0.00037766,nan,-0.012868,-0.0001672,0.0060395,0.0091206,0.00081508,-0.00081421,-0.00047152,-0.00011801,-0.00027605,0.0012485,-0.0025056,-0.0008699,-0.001905,-0.0011753,-0.0013201,-0.13498,-0.11052,-0.0021249,-0.00049933,-0.000751,-0.0018387,0.0029707,0.0021879,1
