b01_pop,1,-0.18028,0.033992,-0.075771,-0.0013788,0.0038828,-0.00078614,0.0035325,7.1679e-06,-0.00015962,0.0058712,-0.0049722,-0.00055547,0.0013099,0.00040998,0.0071565,-0.0055358,nan,-0.0019919,-0.0013038,0.00071726,0.00052335,0.10488,0.16009,0.049753,-0.0062975,-0.003602,-0.001244,0.0012488,-0.0016767,-0.00078417,0.00084562,0.021966,0.0022768,-0.001103,-0.004027
b11_pop,-0.18028,1,0.67357,0.080713,-0.0020306,-0.012967,0.0055671,-0.030958,0.0069917,-0.0064161,-0.064931,0.01672,0.027133,-0.0062551,0.0010545,-0.051678,0.04383,nan,0.11561,-0.031019,0.013629,0.00060709,0.12656,-0.72316,-0.592,0.17386,0.018384,-0.003733,-0.0075533,0.017262,0.0015086,0.0010974,-0.13825,-0.0084832,0.0062155,0.01195
b21_pop,0.033992,0.67357,1,0.024886,-0.0058591,-0.009036,0.0057719,-0.029732,0.0089428,-0.0086984,-0.020269,0.010875,0.0057389,-0.0063264,-0.033985,-0.029187,0.013803,nan,0.048787,-0.0070084,0.00094503,0.00042562,0.11786,-0.54341,-0.70484,0.17767,0.017572,-0.0015607,-0.0072987,0.021392,-4.0228e-05,0.0030058,-0.044555,-0.0058143,0.0047703,0.0077357
a1_pop,-0.075771,0.080713,0.024886,1,0.0039997,-0.011034,-0.00029808,-0.0025805,-0.00041006,0.0020405,-0.0089692,0.0081032,-0.0021046,0.0052226,-0.0040945,-0.017434,0.005822,nan,0.066415,-0.017858,0.0052067,-0.00026873,0.031466,-0.36439,-0.25926,-0.62693,0.0079727,0.005629,0.0016742,0.0084578,0.0028282,0.01554,-0.12763,-0.0021758,0.0051141,-0.0016244
b02_pop,-0.0013788,-0.0020306,-0.0058591,0.0039997,1,-0.23411,0.0002236,0.00027515,0.00042833,-0.0019139,0.017386,0.037245,-0.0023175,-0.015768,-0.0053861,0.01235,-0.003972,nan,-0.0078956,0.0095851,-0.001167,-0.00065178,0.0021198,-0.0025736,-0.00022886,0.00032782,-0.039522,0.0010758,-9.6445e-05,-0.0031369,0.00066849,-0.005451,-0.0035081,0.011277,0.0011168,0.0021644
b12_pop,0.0038828,-0.012967,-0.009036,-0.011034,-0.23411,1,-0.0020364,0.01432,-0.002606,0.0049877,0.0527,-0.088387,-0.04596,0.040563,-0.018699,0.018319,-0.024753,nan,-0.026469,0.041935,-0.012507,-0.00065953,-0.0041631,0.020108,0.01599,0.0053612,-0.0035472,-0.019477,-0.0007531,0.012707,0.00054976,0.0047898,0.0068884,0.011034,-0.0019984,-0.0011904
b03_pop,-0.00078614,0.0055671,0.0057719,-0.00029808,0.0002236,-0.0020364,1,-0.15828,0.00038804,0.00018458,-0.0042671,-0.025247,-0.0016109,0.010857,0.0024543,-0.0010838,-0.00051155,nan,0.00057242,0.0034162,0.010924,-0.00017124,0.00054523,-0.0035859,-0.0072802,0.00059281,-0.001892,0.0011946,-0.012411,0.0074952,-0.00038621,-9.6472e-05,0.00059369,0.00056072,0.0004074,-0.00084475
b13_pop,0.0035325,-0.030958,-0.029732,-0.0025805,0.00027515,0.01432,-0.15828,1,-0.00020594,0.00076017,-0.037373,0.077052,0.051179,-0.042391,0.013883,0.00045934,0.015024,nan,0.017039,-0.029772,0.016368,0.00057344,-0.0055143,0.022988,0.031531,-0.015505,0.00035678,-0.0057669,0.010355,-0.02336,-0.0001162,0.00074154,0.0031692,-0.00049684,0.0032201,0.0003316
b05_pop,7.1679e-06,0.0069917,0.0089428,-0.00041006,0.00042833,-0.002606,0.00038804,-0.00020594,1,-0.15391,-0.0010803,0.00065639,0.00038252,3.4617e-05,0.0023255,-0.000307,0.00065939,nan,0.0008786,-0.00044787,-0.00044941,0.0010004,-0.00071611,-0.006197,-0.0066886,0.0025986,0.00058414,0.00043141,0.0014258,0.0034614,0.047243,-0.02919,-0.000143,-0.00018647,-0.00092907,-0.01124
b15_pop,-0.00015962,-0.0064161,-0.0086984,0.0020405,-0.0019139,0.0049877,0.00018458,0.00076017,-0.15391,1,0.0020784,-0.0016753,-0.00055359,-0.00023686,-0.0026622,0.0025296,-0.00046252,nan,0.00032635,-0.0021188,0.00012606,0.0029732,0.0025099,0.00578,0.0068583,-0.0042204,-0.0014863,-0.0041864,-0.0010724,-0.0014667,-0.022655,0.067041,0.00011453,0.00076571,0.0015516,-0.0051659
p1_pop,0.0058712,-0.064931,-0.020269,-0.0089692,0.017386,0.0527,-0.0042671,-0.037373,-0.0010803,0.0020784,1,-0.14502,-0.085784,-0.051637,-0.3703,0.67227,-0.80488,nan,-0.35453,0.0031168,0.066306,0.013584,-0.006816,0.013658,0.026036,0.01158,0.00902,-0.017018,0.016263,0.010044,-0.00097619,0.0019158,0.015542,-0.015972,-0.025951,-0.00034142
g1_pop,-0.0049722,0.01672,0.010875,0.0081032,0.037245,-0.088387,-0.025247,0.077052,0.00065639,-0.0016753,-0.14502,1,0.015105,-0.026588,0.16946,-0.049202,-0.052935,nan,0.043209,-0.038592,0.024316,-0.022844,-0.0074476,0.021497,-0.0078823,-0.03805,-0.014085,0.046231,-0.0062622,0.05272,-0.00019079,-0.00032831,0.0018401,-0.0014516,-0.0060856,2.0659e-05
p2_pop,-0.00055547,0.027133,0.0057389,-0.0021046,-0.0023175,-0.04596,-0.0016109,0.051179,0.00038252,-0.00055359,-0.085784,0.015105,1,-0.068058,0.058414,-0.049204,0.073652,nan,-0.055742,-0.11744,0.05452,-0.0008146,0.0083643,0.0037716,-0.0097374,0.035059,0.0015798,0.010052,-0.0011704,0.0097751,0.00050455,-0.00073677,-0.01256,-0.0016908,0.0039199,-0.00025917
g2_pop,0.0013099,-0.0062551,-0.0063264,0.0052226,-0.015768,0.040563,0.010857,-0.042391,3.4617e-05,-0.00023686,-0.051637,-0.026588,-0.068058,1,-0.025468,-0.06739,0.055647,nan,0.031821,0.27059,-0.51194,-0.026407,0.00056729,-0.0077706,0.0068532,-0.016165,-0.011402,0.004413,-0.006835,-0.000182,-6.5302e-05,-0.00027904,-0.0042263,0.0097306,0.01189,-0.00026168
alpha11_pop,0.00040998,0.0010545,-0.033985,-0.0040945,-0.0053861,-0.018699,0.0024543,0.013883,0.0023255,-0.0026622,-0.3703,0.16946,0.058414,-0.025468,1,-0.061838,0.24372,nan,-0.021598,-0.050812,-0.010979,-0.0066597,-0.00065353,-0.021064,0.018323,0.066488,0.0065762,-0.0015862,-0.0027719,0.0083924,0.0017338,-0.0043319,0.030895,-0.0017026,0.0073461,-0.001432
alpha12_pop,0.0071565,-0.051678,-0.029187,-0.017434,0.01235,0.018319,-0.0010838,0.00045934,-0.000307,0.0025296,0.67227,-0.049202,-0.049204,-0.06739,-0.061838,1,-0.33783,nan,-0.30678,-0.13759,0.00026943,0.056708,-0.0058875,0.021612,0.033448,0.035618,0.03461,0.0096327,0.0085608,0.0034547,-0.0016015,0.00093447,0.017191,-0.039371,-0.0091184,-0.00046583
alpha13_pop,-0.0055358,0.04383,0.013803,0.005822,-0.003972,-0.024753,-0.00051155,0.015024,0.00065939,-0.00046252,-0.80488,-0.052935,0.073652,0.055647,0.24372,-0.33783,1,nan,0.31816,-0.062545,-0.11836,0.023805,-0.0014765,0.0010285,-0.013989,-0.022611,-0.0028379,0.013361,-0.026542,-0.036421,0.00017624,-0.0019972,-0.0083037,0.0040543,0.03791,0.00061948
alpha15_pop,nan,nan,nan,nan,nan,nan,nan,nan,nan,nan,nan,nan,nan,nan,nan,nan,nan,nan,nan,nan,nan,nan,nan,nan,nan,nan,nan,nan,nan,nan,nan,nan,nan,nan,nan,nan
alpha21_pop,-0.0019919,0.11561,0.048787,0.066415,-0.0078956,-0.026469,0.00057242,0.017039,0.0008786,0.00032635,-0.35453,0.043209,-0.055742,0.031821,-0.021598,-0.30678,0.31816,nan,1,-0.2127,0.036986,0.0055579,0.021593,-0.07378,-0.076153,-0.12214,0.00031702,-0.011012,-0.0044793,-0.0082767,-6.2796e-05,0.0025207,-0.0413,0.0044213,0.009487,0.0016338
alpha22_pop,-0.0013038,-0.031019,-0.0070084,-0.017858,0.0095851,0.041935,0.0034162,-0.029772,-0.00044787,-0.0021188,0.0031168,-0.038592,-0.11744,0.27059,-0.050812,-0.13759,-0.062545,nan,-0.2127,1,0.018269,-0.071647,-0.0055,0.01794,0.016455,0.017137,-0.035406,0.042562,0.00044612,0.00079236,-2.3416e-05,-0.00025997,0.0058278,0.030309,-0.0060077,-0.0015833
alpha23_pop,0.00071726,0.013629,0.00094503,0.0052067,-0.001167,-0.012507,0.010924,0.016368,-0.00044941,0.00012606,0.066306,0.024316,0.05452,-0.51194,-0.010979,0.00026943,-0.11836,nan,0.036986,0.018269,1,-0.034292,0.0071985,-0.013426,-0.0096056,0.0077245,0.0007856,-0.00018561,0.0083269,-0.0085724,3.4599e-05,0.001749,-0.0039987,0.00053432,-0.025346,-4.2889e-05
alpha25_pop,0.00052335,0.00060709,0.00042562,-0.00026873,-0.00065178,-0.00065953,-0.00017124,0.00057344,0.0010004,0.0029732,0.013584,-0.022844,-0.0008146,-0.026407,-0.0066597,0.056708,0.023805,nan,0.0055579,-0.071647,-0.034292,1,0.00015469,6.4873e-05,-7.5184e-05,-0.00018705,0.0039123,-0.0021803,-0.00071549,-0.0018379,-0.00013433,0.00088095,-0.00011473,-0.003946,0.0020523,0.00067703
omega_b01,0.10488,0.12656,0.11786,0.031466,0.0021198,-0.0041631,0.00054523,-0.0055143,-0.00071611,0.0025099,-0.006816,-0.0074476,0.0083643,0.00056729,-0.00065353,-0.0058875,-0.0014765,nan,0.021593,-0.0055,0.0071985,0.00015469,1,-0.16856,-0.14701,0.038181,0.0032045,-0.0028886,-0.0019945,0.0047485,-0.002186,0.0043595,-0.22498,-0.0010094,0.0026449,0.0031838
omega_b11,0.16009,-0.72316,-0.54341,-0.36439,-0.0025736,0.020108,-0.0035859,0.022988,-0.006197,0.00578,0.013658,0.021497,0.0037716,-0.0077706,-0.021064,0.021612,0.0010285,nan,-0.07378,0.01794,-0.013426,6.4873e-05,-0.16856,1,0.62544,-0.020791,-0.023178,0.0029116,0.0040784,-0.019209,-0.0021243,-0.005237,0.17206,0.0098927,-0.0067698,-0.011274
omega_b21,0.049753,-0.592,-0.70484,-0.25926,-0.00022886,0.01599,-0.0072802,0.031531,-0.0066886,0.0068583,0.026036,-0.0078823,-0.0097374,0.0068532,0.018323,0.033448,-0.013989,nan,-0.076153,0.016455,-0.0096056,-7.5184e-05,-0.14701,0.62544,1,-0.057869,-0.021929,0.0020375,0.004949,-0.023081,-0.00029561,-0.0099831,0.10294,0.0054563,-0.0085235,-0.008631
omega_a1,-0.0062975,0.17386,0.17767,-0.62693,0.00032782,0.0053612,0.00059281,-0.015505,0.0025986,-0.0042204,0.01158,-0.03805,0.035059,-0.016165,0.066488,0.035618,-0.022611,nan,-0.12214,0.017137,0.0077245,-0.00018705,0.038181,-0.020791,-0.057869,1,0.00444,-0.0023389,-0.0052242,-0.0016657,-0.00015467,-0.013334,0.013379,-0.0042103,0.00056812,0.0038279
omega_b02,-0.003602,0.018384,0.017572,0.0079727,-0.039522,-0.0035472,-0.001892,0.00035678,0.00058414,-0.0014863,0.00902,-0.014085,0.0015798,-0.011402,0.0065762,0.03461,-0.0028379,nan,0.00031702,-0.035406,0.0007856,0.0039123,0.0032045,-0.023178,-0.021929,0.00444,1,-0.080858,0.00032144,-0.0011131,0.00083094,0.00076783,-0.004523,-0.11721,-0.0007179,-0.00015075
omega_b12,-0.001244,-0.003733,-0.0015607,0.005629,0.0010758,-0.019477,0.0011946,-0.0057669,0.00043141,-0.0041864,-0.017018,0.046231,0.010052,0.004413,-0.0015862,0.0096327,0.013361,nan,-0.011012,0.042562,-0.00018561,-0.0021803,-0.0028886,0.0029116,0.0020375,-0.0023389,-0.080858,1,0.001307,0.0027701,-0.0026977,-0.011494,-0.00083739,-0.031436,0.00068712,0.0042644
omega_b03,0.0012488,-0.0075533,-0.0072987,0.0016742,-9.6445e-05,-0.0007531,-0.012411,0.010355,0.0014258,-0.0010724,0.016263,-0.0062622,-0.0011704,-0.006835,-0.0027719,0.0085608,-0.026542,nan,-0.0044793,0.00044612,0.0083269,-0.00071549,-0.0019945,0.0040784,0.004949,-0.0052242,0.00032144,0.001307,1,-0.043626,-0.00075271,-0.0050388,0.0019293,0.0011453,-0.086499,0.002829
omega_b13,-0.0016767,0.017262,0.021392,0.0084578,-0.0031369,0.012707,0.0074952,-0.02336,0.0034614,-0.0014667,0.010044,0.05272,0.0097751,-0.000182,0.0083924,0.0034547,-0.036421,nan,-0.0082767,0.00079236,-0.0085724,-0.0018379,0.0047485,-0.019209,-0.023081,-0.0016657,-0.0011131,0.0027701,-0.043626,1,0.00082412,0.007343,-0.0023634,-0.00032133,-0.047012,-0.0022063
omega_b05,-0.00078417,0.0015086,-4.0228e-05,0.0028282,0.00066849,0.00054976,-0.00038621,-0.0001162,0.047243,-0.022655,-0.00097619,-0.00019079,0.00050455,-6.5302e-05,0.0017338,-0.0016015,0.00017624,nan,-6.2796e-05,-2.3416e-05,3.4599e-05,-0.00013433,-0.002186,-0.0021243,-0.00029561,-0.00015467,0.00083094,-0.0026977,-0.00075271,0.00082412,1,0.016111,0.001116,0.0008788,-0.0002684,-0.12327
omega_b15,0.00084562,0.0010974,0.0030058,0.01554,-0.005451,0.0047898,-9.6472e-05,0.00074154,-0.02919,0.067041,0.0019158,-0.00032831,-0.00073677,-0.00027904,-0.0043319,0.00093447,-0.0019972,nan,0.0025207,-0.00025997,0.001749,0.00088095,0.0043595,-0.005237,-0.0099831,-0.013334,0.00076783,-0.011494,-0.0050388,0.007343,0.016111,1,-0.0029403,0.00059198,0.0003671,-0.14479
b_1,0.021966,-0.13825,-0.044555,-0.12763,-0.0035081,0.0068884,0.00059369,0.0031692,-0.000143,0.00011453,0.015542,0.0018401,-0.01256,-0.0042263,0.030895,0.017191,-0.0083037,nan,-0.0413,0.0058278,-0.0039987,-0.00011473,-0.22498,0.17206,0.10294,0.013379,-0.004523,-0.00083739,0.0019293,-0.0023634,0.001116,-0.0029403,1,-0.00045128,-0.0030063,-0.0030177
a_2,0.0022768,-0.0084832,-0.0058143,-0.0021758,0.011277,0.011034,0.00056072,-0.00049684,-0.00018647,0.00076571,-0.015972,-0.0014516,-0.0016908,0.0097306,-0.0017026,-0.039371,0.0040543,nan,0.0044213,0.030309,0.00053432,-0.003946,-0.0010094,0.0098927,0.0054563,-0.0042103,-0.11721,-0.031436,0.0011453,-0.00032133,0.0008788,0.00059198,-0.00045128,1,-0.00043767,-0.0009189
a_3,-0.001103,0.0062155,0.0047703,0.0051141,0.0011168,-0.0019984,0.0004074,0.0032201,-0.00092907,0.0015516,-0.025951,-0.0060856,0.0039199,0.01189,0.0073461,-0.0091184,0.03791,nan,0.009487,-0.0060077,-0.025346,0.0020523,0.0026449,-0.0067698,-0.0085235,0.00056812,-0.0007179,0.00068712,-0.086499,-0.047012,-0.0002684,0.0003671,-0.0030063,-0.00043767,1,-0.00072326
b_5,-0.004027,0.01195,0.0077357,-0.0016244,0.0021644,-0.0011904,-0.00084475,0.0003316,-0.01124,-0.0051659,-0.00034142,2.0659e-05,-0.00025917,-0.00026168,-0.001432,-0.00046583,0.00061948,nan,0.0016338,-0.0015833,-4.2889e-05,0.00067703,0.0031838,-0.011274,-0.008631,0.0038279,-0.00015075,0.0042644,0.002829,-0.0022063,-0.12327,-0.14479,-0.0030177,-0.0009189,-0.00072326,1
