b01_pop,1,-0.094744,0.06789,-0.10672,0.0046218,-0.0013529,0.00025122,0.0011628,0.0011476,-0.0010589,-0.0019583,0.0052874,-0.00085811,-0.00084167,0.010107,-0.0049199,0.0051242,-0.0038333,-0.012067,0.0090289,-0.0089539,2.8337e-05,-0.00012413,-0.0020403,-0.0053203,-0.00042662,0.0058425,-0.00022591,-0.0040118,0.0077246,0.15602,0.085796,-0.016228,-0.0067776,0.0029172,-0.0027571,6.0623e-05,0.00029913,0.0024349,-0.0017418,-0.00039006,-0.00018645,0.00068203,-0.0026317,0.0048294,-0.0014725,-0.0022316,0.0040134,0.0029057,0.0042444
b11_pop,-0.094744,1,0.79263,0.061033,0.04799,-0.058369,0.0041103,-0.0093592,0.0025962,-0.018069,0.0081706,-0.0062033,0.011691,-0.04745,-0.028338,0.017097,0.0073467,0.0098063,0.070793,-0.023966,0.0069579,-9.294e-06,0.00013662,0.008835,0.049699,0.00085105,-0.0036141,-1.0026e-05,0.0052863,-0.01852,-0.11107,-0.76764,-0.66582,0.3822,-0.0092501,-0.013076,0.0028846,-0.014975,0.011876,0.017533,-0.017896,0.0027741,0.012446,0.0077126,0.30458,-0.0042624,0.0025426,-0.04307,-0.0013568,-0.013851
b21_pop,0.06789,0.79263,1,0.064826,0.056358,-0.068824,0.0060327,-0.0063861,0.003836,-0.021262,0.005763,-0.001276,0.013497,-0.050924,-0.0043226,0.015124,0.017684,-0.014286,0.070753,-0.0010851,-0.013571,6.9427e-05,-0.00015927,0.0025646,0.0074757,-0.00040488,0.0056437,-0.00052577,-0.001999,0.0054111,-0.04188,-0.69277,-0.80444,0.37768,-0.0064368,-0.021283,0.0067604,-0.014059,0.011091,0.019762,-0.0222,-0.00018146,0.011023,0.011182,0.31427,-0.0057222,-0.0041473,-0.041873,0.0026831,-0.01272
a1_pop,-0.10672,0.061033,0.064826,1,-0.0052157,-0.010196,-0.00072826,-0.00208,-0.0070104,0.0088928,0.009265,-0.0013694,0.0063858,-0.011716,-0.001465,-0.0037414,0.0096435,0.0010246,0.054946,0.0024861,-0.0068796,3.9364e-05,-7.5703e-05,0.00069086,0.0024248,-0.0002071,0.0026906,-0.00028221,-0.0034337,0.0024996,-0.031915,-0.28706,-0.24243,-0.31902,-0.010972,-0.0035942,0.0057089,-6.1622e-05,-0.015273,0.028114,-0.0035053,0.005047,-0.0045859,0.0091543,-0.13011,0.003887,-0.010225,-0.0038242,-0.0044624,-0.0071001
b02_pop,0.0046218,0.04799,0.056358,-0.0052157,1,-0.24781,0.00025145,-0.0053024,-3.4722e-05,-0.00175,-0.0031735,0.0037291,0.0018911,-0.003427,-0.0028413,0.022847,2.9957e-05,0.00050898,0.0042297,0.0027009,0.0019912,3.4324e-06,-3.9229e-06,-0.001999,0.0016711,-2.6779e-05,-0.0034007,-8.624e-06,0.0014969,0.00060924,0.00052581,-0.042481,-0.050693,0.034426,-0.029239,-0.011691,-0.0015609,-0.00098024,0.001453,0.007064,-0.0044758,-0.0012498,0.00052756,0.0012516,0.021847,0.013998,0.0018989,-0.0038877,0.0034451,3.6425e-05
b12_pop,-0.0013529,-0.058369,-0.068824,-0.010196,-0.24781,1,-0.00099705,0.0094076,0.00079029,0.0039215,0.0029058,-0.0098541,-0.0013518,-9.2733e-05,0.061278,-0.033581,0.019773,-0.024348,-0.032292,0.052107,-0.035912,0.00013095,-0.00055074,-0.033288,-0.014011,-0.0019766,0.027013,-0.00096513,-0.028302,0.035623,0.001003,0.058612,0.070676,-0.047512,-0.0017041,0.050567,0.0085913,-0.0060082,-0.0042421,-0.0094562,0.0055829,-0.0018718,-0.00014708,-0.0036594,-0.016824,-0.011273,-0.0036193,0.0047779,-0.0041233,0.0023057
b03_pop,0.00025122,0.0041103,0.0060327,-0.00072826,0.00025145,-0.00099705,1,-0.16196,0.00071709,-0.003291,-0.00082201,-0.0010113,0.00022319,0.0016025,0.022255,-0.047267,-0.0082256,0.01222,0.00037972,0.013884,-0.017303,7.2262e-06,-3.4469e-05,-0.0076778,-0.0068714,-0.00053195,-0.0001168,8.1636e-05,-0.0033012,0.011975,-0.0034538,-0.0045048,-0.0072329,0.0058444,-0.0021835,0.0016139,-0.014897,0.0055829,0.00030127,-0.0038434,-0.0018002,0.004165,-0.0024662,0.00051983,0.0092434,0.00028835,0.0041592,0.0020994,-0.00028032,0.0021191
b13_pop,0.0011628,-0.0093592,-0.0063861,-0.00208,-0.0053024,0.0094076,-0.16196,1,-1.3721e-05,0.0022811,-0.00032507,0.0019088,-0.00045247,0.0026157,-0.091953,0.099174,0.067537,-0.033317,0.035672,-0.029677,0.046213,0.00014508,-0.00046123,0.022634,0.0046862,0.00014374,0.048232,-0.0016262,-0.016908,-0.014147,0.0038393,0.00095238,0.008577,-0.00023939,0.00096772,0.0024885,0.012334,-0.043366,0.00014596,0.0048422,-0.0012959,-0.0091739,0.0036353,0.0021019,-0.0092775,-0.00063182,-0.0099965,-0.0028405,0.0016652,-0.0018076
b04_pop,0.0011476,0.0025962,0.003836,-0.0070104,-3.4722e-05,0.00079029,0.00071709,-1.3721e-05,1,-0.10829,-0.0019284,0.00071129,-0.0011464,0.0045195,-0.00021714,-0.00028733,0.00041454,-0.00067535,0.0018738,-0.00032221,-0.00045285,2.1068e-06,-5.1952e-06,0.0013556,-0.00061896,-2.3566e-05,0.00062273,-1.4827e-05,0.00033967,0.00044623,-0.00032265,-0.00066666,-0.00050985,0.0073123,0.001764,0.0022871,0.0023212,0.00038724,-0.0025197,-0.011312,-0.0013006,0.0017569,-0.00013812,0.004736,0.0042088,-0.00032327,-0.0017685,0.0037745,0.00084156,-0.00010112
b14_pop,-0.0010589,-0.018069,-0.021262,0.0088928,-0.00175,0.0039215,-0.003291,0.0022811,-0.10829,1,0.0030345,-0.00041156,0.004783,-0.016233,-0.00067709,0.0038803,0.00024292,0.00092127,-0.0021692,-0.0026849,-0.0020051,-5.5099e-06,2.2366e-05,0.00039745,-0.0018266,7.0346e-05,-0.0027081,3.9664e-05,5.9192e-05,-0.0012861,0.0047556,0.012695,0.014312,-0.018411,-0.0024967,0.00087927,-0.00060126,0.0096454,0.003265,0.08607,0.0015036,-0.00011073,0.00099971,-0.00042247,-0.01007,-0.00010155,0.0012166,-0.026686,-0.0019705,-1.0662e-05
b05_pop,-0.0019583,0.0081706,0.005763,0.009265,-0.0031735,0.0029058,-0.00082201,-0.00032507,-0.0019284,0.0030345,1,-0.1746,0.00079191,-0.005539,0.00087398,-0.00089816,0.0057103,-0.012208,0.003271,0.00029638,-0.00092185,1.7753e-05,-6.1623e-05,-0.00062273,-0.001437,-0.00010753,0.0053656,-0.00016468,-0.0068304,0.00090843,-0.003694,-0.010717,-0.0093436,0.0072905,0.001564,-0.0018075,-0.0021101,-8.9899e-05,0.00036051,0.0018687,0.062744,-0.036446,0.00050538,-0.0065097,0.004235,0.00068906,0.00031294,0.00057392,-0.020311,0.0024948
b15_pop,0.0052874,-0.0062033,-0.001276,-0.0013694,0.0037291,-0.0098541,-0.0010113,0.0019088,0.00071129,-0.00041156,-0.1746,1,0.0013361,-0.0019627,-0.038636,0.0036516,-0.063161,0.034569,0.0033548,-0.034845,0.034027,-0.00024074,0.00088988,0.031215,0.016281,0.0021149,-0.080261,0.0020639,0.10084,-0.027377,0.0036047,0.011316,0.0033988,-0.011001,-0.0057218,0.0061381,-0.0073833,0.011877,0.0003876,-0.0054475,-0.028418,0.082432,0.0029655,-0.0016973,-0.0029344,-0.001147,0.0068941,-6.5924e-05,0.0044939,-0.0033151
b07_pop,-0.00085811,0.011691,0.013497,0.0063858,0.0018911,-0.0013518,0.00022319,-0.00045247,-0.0011464,0.004783,0.00079191,0.0013361,1,-0.15807,0.0028453,0.0061147,0.0037202,-0.013172,0.0043273,0.0034721,-0.0022539,3.9863e-05,-0.00014146,0.0082079,-0.0043076,-0.00065757,0.0014979,-0.00024088,0.0017343,0.01306,-0.0026834,-0.012295,-0.011954,0.00015176,-0.00014534,-0.0001349,0.00050742,0.00076383,-0.0018087,0.0012413,0.0010255,-0.0010682,0.084943,-0.054104,0.0065375,0.00024844,-0.0015441,0.00045525,0.0015956,-0.027086
b17_pop,-0.00084167,-0.04745,-0.050924,-0.011716,-0.003427,-9.2733e-05,0.0016025,0.0026157,0.0045195,-0.016233,-0.005539,-0.0019627,-0.15807,1,0.079426,-0.034037,0.040239,-0.089197,-0.013001,0.091478,-0.06033,0.0004433,-0.0016649,0.0066897,-0.049084,-0.0074886,0.03629,-0.0027181,-0.018972,0.14656,0.0054127,0.042682,0.048985,-0.011504,-0.00035345,-0.0032038,0.00332,-0.008622,0.0022433,-0.016066,-0.0014186,0.0065222,-0.080236,0.25308,-0.013708,0.0030403,-0.00098259,0.001052,-0.0046188,-0.0022782
p1_pop,0.010107,-0.028338,-0.0043226,-0.001465,-0.0028413,0.061278,0.022255,-0.091953,-0.00021714,-0.00067709,0.00087398,-0.038636,0.0028453,0.079426,1,-0.3388,0.24117,-0.3407,-0.3323,0.591,-0.84692,0.0016163,-0.0066398,-0.24559,-0.26669,-0.025311,0.32319,-0.011936,-0.28397,0.46321,-0.0006463,-0.0019819,0.01602,-0.015412,0.0037825,0.0027143,0.070954,-0.12066,0.00051087,-0.013496,0.0027052,-0.0044668,-0.014788,0.027786,0.021363,-0.0013819,-0.041347,0.0016903,-0.0049169,0.026497
g1_pop,-0.0049199,0.017097,0.015124,-0.0037414,0.022847,-0.033581,-0.047267,0.099174,-0.00028733,0.0038803,-0.00089816,0.0036516,0.0061147,-0.034037,-0.3388,1,0.046624,0.0098972,0.16776,0.13088,0.15003,0.00030304,-0.00057639,-0.24114,0.074507,-0.0014953,-0.056965,-0.0016375,-0.005794,0.022689,-0.0003423,0.0093095,-0.017269,0.0046237,-0.0046085,0.0086085,-0.036097,0.093505,0.00028211,0.0014219,-0.0015901,0.00014989,-0.00035126,-0.011988,-0.0083629,0.0013253,0.0014575,-0.0019988,0.00065327,0.0040029
p2_pop,0.0051242,0.0073467,0.017684,0.0096435,2.9957e-05,0.019773,-0.0082256,0.067537,0.00041454,0.00024292,0.0057103,-0.063161,0.0037202,0.040239,0.24117,0.046624,1,-0.59346,0.014102,0.36842,-0.19615,0.0033162,-0.012824,-0.15265,-0.28035,-0.026994,0.48951,-0.030813,-0.20711,0.38847,0.0026897,0.004823,-0.01699,0.012989,0.0047373,0.0068089,0.027926,-0.018837,0.00068226,-0.0076227,0.0014949,-0.0087458,-0.0094859,0.020627,-0.00097638,-0.0012865,-0.021546,-0.0017624,0.0009827,0.021523
g2_pop,-0.0038333,0.0098063,-0.014286,0.0010246,0.00050898,-0.024348,0.01222,-0.033317,-0.00067535,0.00092127,-0.012208,0.034569,-0.013172,-0.089197,-0.3407,0.0098972,-0.59346,1,0.004292,-0.46713,0.28871,-0.0029449,0.01122,0.064208,0.35836,0.036079,-0.4991,0.022995,0.059882,-0.64639,0.0024578,-0.0050225,0.0038487,-0.0026971,-0.0053661,-0.0067638,-0.041899,0.045944,-0.00045416,0.011563,-0.006298,0.0041433,0.0085459,-0.042734,-0.018184,0.0014741,0.028776,0.0015781,-0.00065642,-0.027848
alpha11_pop,-0.012067,0.070793,0.070753,0.054946,0.0042297,-0.032292,0.00037972,0.035672,0.0018738,-0.0021692,0.003271,0.0033548,0.0043273,-0.013001,-0.3323,0.16776,0.014102,0.004292,1,-0.19185,0.10749,0.0001392,0.00087914,0.13641,-0.090863,0.0017684,0.0016567,0.0002857,0.029104,-0.035939,-0.0097274,-0.091604,-0.086175,0.089517,0.00089127,-0.0069276,-0.0090141,0.032413,-0.00093269,0.0046951,-0.00037787,-0.0074391,0.009255,0.0063505,0.027378,0.0022083,0.0011062,-0.0023523,0.0035644,-0.0098098
alpha12_pop,0.0090289,-0.023966,-0.0010851,0.0024861,0.0027009,0.052107,0.013884,-0.029677,-0.00032221,-0.0026849,0.00029638,-0.034845,0.0034721,0.091478,0.591,0.13088,0.36842,-0.46713,-0.19185,1,-0.36445,0.0026402,-0.010249,-0.55412,-0.27141,-0.038577,0.28534,-0.018268,-0.30616,0.71415,0.00013897,0.0061881,0.0098723,-0.015325,0.0061005,0.019051,0.050167,-0.085993,0.0017242,-0.020257,0.0018656,-0.0032048,-0.022408,0.042881,0.014792,-0.0038445,-0.025642,-0.00106,-0.0041428,0.039027
alpha13_pop,-0.0089539,0.0069579,-0.013571,-0.0068796,0.0019912,-0.035912,-0.017303,0.046213,-0.00045285,-0.0020051,-0.00092185,0.034027,-0.0022539,-0.06033,-0.84692,0.15003,-0.19615,0.28871,0.10749,-0.36445,1,-0.0012676,0.0047116,0.049671,0.25778,0.019409,-0.30648,0.0093146,0.22768,-0.35379,-0.0013251,0.019636,0.0065778,-0.0090155,-0.0039377,0.0034861,-0.080781,0.07112,7.7746e-05,0.0072129,-0.0021929,0.0050177,0.010172,-0.017019,-0.019461,-0.00044314,0.055796,-0.0017039,0.0038721,-0.021429
alpha14_pop,2.8346e-05,-9.2981e-06,6.942e-05,3.9365e-05,3.4321e-06,0.00013095,7.2263e-06,0.00014508,2.1069e-06,-5.5097e-06,1.7753e-05,-0.00024074,3.9864e-05,0.0004433,0.0016163,0.00030304,0.0033162,-0.0029449,0.0001392,0.0026402,-0.0012676,1,-0.025639,-0.0010174,-0.0013706,-0.052801,0.0020062,-0.08914,-0.0012876,0.003372,6.0456e-06,-1.017e-05,-4.8003e-05,3.9374e-05,2.5075e-05,4.1488e-05,0.00018123,-0.0002193,3.0926e-06,-5.9647e-05,7.8637e-06,-4.0912e-05,-7.2678e-05,0.00021471,4.8108e-05,-7.0762e-06,-0.00011642,-7.6151e-06,-5.7162e-06,0.00016436
alpha15_pop,-0.00012413,0.00013662,-0.00015927,-7.5703e-05,-3.9229e-06,-0.00055074,-3.4469e-05,-0.00046123,-5.1952e-06,2.2366e-05,-6.1623e-05,0.00088988,-0.00014146,-0.0016649,-0.0066398,-0.00057639,-0.012824,0.01122,0.00087914,-0.010249,0.0047116,-0.025639,1,0.0039123,0.0050533,0.19481,-0.0074664,0.35354,0.0044226,-0.012527,-3.9183e-05,-9.4233e-05,5.7732e-05,-2.0886e-05,-9.186e-05,-0.00016626,-0.00067898,0.00089201,-1.447e-05,0.00023329,-3.4414e-05,0.00012071,0.00028012,-0.00079122,-0.0001365,3.1409e-05,0.00042017,2.5951e-05,1.8081e-05,-0.00061992
alpha17_pop,-0.0020403,0.008835,0.0025646,0.00069086,-0.001999,-0.033288,-0.0076778,0.022634,0.0013556,0.00039745,-0.00062273,0.031215,0.0082079,0.0066897,-0.24559,-0.24114,-0.15265,0.064208,0.13641,-0.55412,0.049671,-0.0010174,0.0039123,1,0.050881,0.011946,-0.13248,0.0068499,0.32766,-0.20014,0.0014533,-0.0069006,-0.0064403,0.0041918,-0.0013374,-0.013489,-0.021921,0.043014,-0.001544,0.011788,-0.00047478,0.0078507,0.019132,0.0043328,-0.0033585,0.0023456,0.0092137,0.00046824,0.0044658,-0.022631
alpha21_pop,-0.0053203,0.049699,0.0074757,0.0024248,0.0016711,-0.014011,-0.0068714,0.0046862,-0.00061896,-0.0018266,-0.001437,0.016281,-0.0043076,-0.049084,-0.26669,0.074507,-0.28035,0.35836,-0.090863,-0.27141,0.25778,-0.0013706,0.0050533,0.050881,1,0.018047,-0.19973,0.010195,0.12174,-0.32598,0.0088186,-0.013679,-0.020709,-0.016965,-0.0051132,-0.0045557,-0.027902,0.036622,0.00033008,0.010864,-0.0028995,0.0047336,0.0054766,-0.023425,-0.026406,0.00053867,0.01658,-0.001939,0.00037796,-0.014417
alpha22_pop,-0.00042661,0.00085105,-0.00040488,-0.0002071,-2.6779e-05,-0.0019766,-0.00053195,0.00014374,-2.3566e-05,7.0346e-05,-0.00010753,0.0021149,-0.00065757,-0.0074886,-0.025311,-0.0014953,-0.026994,0.036079,0.0017684,-0.038577,0.019409,-0.052801,0.19481,0.011946,0.018047,1,-0.01945,0.28,0.01517,-0.052223,-4.0703e-05,5.9625e-05,-8.6684e-05,6.2892e-05,-0.00032213,-0.00055482,-0.0026082,0.0038098,-3.3164e-05,0.00089398,-0.00010938,0.00035977,0.0010735,-0.0035311,-0.00094653,0.00010165,0.0014801,6.5936e-05,0.00013429,-0.0024306
alpha23_pop,0.0058425,-0.0036141,0.0056437,0.0026906,-0.0034007,0.027013,-0.0001168,0.048232,0.00062273,-0.0027081,0.0053656,-0.080261,0.0014979,0.03629,0.32319,-0.056965,0.48951,-0.4991,0.0016567,0.28534,-0.30648,0.0020062,-0.0074664,-0.13248,-0.19973,-0.01945,1,-0.016891,-0.55904,0.28826,-5.0144e-05,0.0019491,-0.002048,0.0062281,0.0035622,0.0051173,0.047538,-0.077821,-0.0004319,-0.0095584,0.00073141,-0.02474,-0.008006,0.013067,0.014363,-5.3274e-05,-0.043059,-0.00052454,-0.0038769,0.017472
alpha24_pop,-0.00022591,-1.0026e-05,-0.00052577,-0.00028221,-8.624e-06,-0.00096513,8.1636e-05,-0.0016262,-1.4827e-05,3.9664e-05,-0.00016468,0.0020639,-0.00024088,-0.0027181,-0.011936,-0.0016375,-0.030813,0.022995,0.0002857,-0.018268,0.0093146,-0.08914,0.35354,0.0068499,0.010195,0.28,-0.016891,1,0.0087567,-0.021689,-8.5597e-05,-0.00010571,0.00040288,-0.00027415,-0.00018912,-0.00030073,-0.0013007,0.0013839,-2.7668e-05,0.00040154,-6.1828e-05,0.00029884,0.00048912,-0.0013177,-0.00017751,5.6014e-05,0.00088499,6.1406e-05,9.2524e-06,-0.001101
alpha25_pop,-0.0040118,0.0052863,-0.001999,-0.0034337,0.0014969,-0.028302,-0.0033012,-0.016908,0.00033967,5.9192e-05,-0.0068304,0.10084,0.0017343,-0.018972,-0.28397,-0.005794,-0.20711,0.059882,0.029104,-0.30616,0.22768,-0.0012876,0.0044226,0.32766,0.12174,0.01517,-0.55904,0.0087567,1,-0.21704,0.0016908,-0.0002168,0.0027643,-0.0058597,-0.0028541,-0.0058152,-0.035932,0.065875,0.00019269,0.0087423,-0.00024005,0.031252,0.010767,-0.0052135,-0.010248,-0.00035866,0.025126,-0.00078181,0.014076,-0.016956
alpha27_pop,0.0077246,-0.01852,0.0054111,0.0024996,0.00060924,0.035623,0.011975,-0.014147,0.00044623,-0.0012861,0.00090843,-0.027377,0.01306,0.14656,0.46321,0.022689,0.38847,-0.64639,-0.035939,0.71415,-0.35379,0.003372,-0.012527,-0.20014,-0.32598,-0.052223,0.28826,-0.021689,-0.21704,1,0.00047133,-0.0018539,0.0046992,-0.0035115,0.0057224,0.0099547,0.04698,-0.070921,0.00056444,-0.016595,0.0019926,-0.0041502,-0.019904,0.069104,0.019029,-0.0019034,-0.025476,-0.0011145,-0.0020174,0.04556
omega_b01,0.15602,-0.11107,-0.04188,-0.031915,0.00052581,0.001003,-0.0034538,0.0038393,-0.00032265,0.0047556,-0.003694,0.0036047,-0.0026834,0.0054127,-0.0006463,-0.0003423,0.0026897,0.0024578,-0.0097274,0.00013897,-0.0013251,6.0466e-06,-3.9183e-05,0.0014533,0.0088186,-4.0703e-05,-5.0144e-05,-8.5597e-05,0.0016908,0.00047133,1,0.09302,0.04505,0.0066567,0.0019625,-0.0039694,-0.0060438,0.009444,0.0007661,0.003709,-0.00083056,0.0016305,-0.002716,-0.0040082,-0.19814,-0.0010637,-0.0011143,0.0059737,0.0042365,0.0061343
omega_b11,0.085796,-0.76764,-0.69277,-0.28706,-0.042481,0.058612,-0.0045048,0.00095238,-0.00066666,0.012695,-0.010717,0.011316,-0.012295,0.042682,-0.0019819,0.0093095,0.004823,-0.0050225,-0.091604,0.0061881,0.019636,-1.0174e-05,-9.4233e-05,-0.0069006,-0.013679,5.9625e-05,0.0019491,-0.00010571,-0.0002168,-0.0018539,0.09302,1,0.65859,-0.32415,0.011133,0.012144,-0.0064339,0.017394,-0.0073699,-0.020771,0.018654,-0.0041526,-0.0092181,-0.012396,-0.27188,0.0037598,0.00047005,0.038692,0.0025035,0.012538
omega_b21,-0.016228,-0.66582,-0.80444,-0.24243,-0.050693,0.070676,-0.0072329,0.008577,-0.00050985,0.014312,-0.0093436,0.0033988,-0.011954,0.048985,0.01602,-0.017269,-0.01699,0.0038487,-0.086175,0.0098723,0.0065778,-4.8007e-05,5.7732e-05,-0.0064403,-0.020709,-8.6684e-05,-0.002048,0.00040288,0.0027643,0.0046992,0.04505,0.65859,1,-0.37347,0.0064984,0.023151,-0.00021695,0.0078465,-0.0052628,-0.024521,0.024996,0.0028419,-0.0057947,-0.0069477,-0.19668,0.0043567,0.0063539,0.036852,-0.00512,0.012571
omega_a1,-0.0067776,0.3822,0.37768,-0.31902,0.034426,-0.047512,0.0058444,-0.00023939,0.0073123,-0.018411,0.0072905,-0.011001,0.00015176,-0.011504,-0.015412,0.0046237,0.012989,-0.0026971,0.089517,-0.015325,-0.0090155,3.9376e-05,-2.0886e-05,0.0041918,-0.016965,6.2891e-05,0.0062281,-0.00027415,-0.0058597,-0.0035115,0.0066567,-0.32415,-0.37347,1,-0.0029467,-0.015699,-0.011534,0.0010385,0.014468,0.0033785,-0.0067905,-0.015688,0.007972,0.0086471,0.038245,-0.0020765,0.009262,-0.022042,0.0026956,0.0016542
omega_b02,0.0029172,-0.0092501,-0.0064368,-0.010972,-0.029239,-0.0017041,-0.0021835,0.00096772,0.001764,-0.0024967,0.001564,-0.0057218,-0.00014534,-0.00035345,0.0037825,-0.0046085,0.0047373,-0.0053661,0.00089127,0.0061005,-0.0039377,2.5075e-05,-9.186e-05,-0.0013374,-0.0051132,-0.00032213,0.0035622,-0.00018912,-0.0028541,0.0057224,0.0019625,0.011133,0.0064984,-0.0029467,1,-0.023266,-0.00033701,-0.0022341,0.0022965,0.0048224,-0.0027046,-0.0026417,0.0027558,0.0010915,-0.0023181,-0.10051,0.00048741,-0.0035315,0.0011137,-0.002954
omega_b12,-0.0027571,-0.013076,-0.021283,-0.0035942,-0.011691,0.050567,0.0016139,0.0024885,0.0022871,0.00087927,-0.0018075,0.0061381,-0.0001349,-0.0032038,0.0027143,0.0086085,0.0068089,-0.0067638,-0.0069276,0.019051,0.0034861,4.1488e-05,-0.00016626,-0.013489,-0.0045557,-0.00055482,0.0051173,-0.00030073,-0.0058152,0.0099547,-0.0039694,0.012144,0.023151,-0.015699,-0.023266,1,-0.001745,0.002142,-0.0013886,0.00058676,-0.0013063,0.0044389,-0.004154,-0.00086201,0.0031098,-0.054874,-0.00066235,-0.00078229,0.0014919,0.001126
omega_b03,6.0623e-05,0.0028846,0.0067604,0.0057089,-0.0015609,0.0085913,-0.014897,0.012334,0.0023212,-0.00060126,-0.0021101,-0.0073833,0.00050742,0.00332,0.070954,-0.036097,0.027926,-0.041899,-0.0090141,0.050167,-0.080781,0.00018123,-0.00067898,-0.021921,-0.027902,-0.0026082,0.047538,-0.0013007,-0.035932,0.04698,-0.0060438,-0.0064339,-0.00021695,-0.011534,-0.00033701,-0.001745,1,-0.040721,0.0027484,-0.0034035,-0.00017145,-0.004542,-0.0028805,0.0014404,0.018972,-0.00099903,-0.10162,-0.0005987,0.00072123,0.0042108
omega_b13,0.00029913,-0.014975,-0.014059,-6.1622e-05,-0.00098024,-0.0060082,0.0055829,-0.043366,0.00038724,0.0096454,-8.9899e-05,0.011877,0.00076383,-0.008622,-0.12066,0.093505,-0.018837,0.045944,0.032413,-0.085993,0.07112,-0.0002193,0.00089201,0.043014,0.036622,0.0038098,-0.077821,0.0013839,0.065875,-0.070921,0.009444,0.017394,0.0078465,0.0010385,-0.0022341,0.002142,-0.040721,1,-0.00067474,0.0021341,0.00056747,-0.0021998,0.0022135,-0.016032,-0.02217,0.00030945,-0.037383,0.001456,0.0031762,-0.0030908
omega_b04,0.0024349,0.011876,0.011091,-0.015273,0.001453,-0.0042421,0.00030127,0.00014596,-0.0025197,0.003265,0.00036051,0.0003876,-0.0018087,0.0022433,0.00051087,0.00028211,0.00068226,-0.00045416,-0.00093269,0.0017242,7.7746e-05,3.0926e-06,-1.447e-05,-0.001544,0.00033008,-3.3164e-05,-0.0004319,-2.7668e-05,0.00019269,0.00056444,0.0007661,-0.0073699,-0.0052628,0.014468,0.0022965,-0.0013886,0.0027484,-0.00067474,1,-0.021184,-0.0015352,-0.0011607,-0.00061916,-0.0044349,0.0085853,-0.0003225,4.7188e-05,-0.039064,-9.402e-05,0.0011872
omega_b14,-0.0017418,0.017533,0.019762,0.028114,0.007064,-0.0094562,-0.0038434,0.0048422,-0.011312,0.08607,0.0018687,-0.0054475,0.0012413,-0.016066,-0.013496,0.0014219,-0.0076227,0.011563,0.0046951,-0.020257,0.0072129,-5.9647e-05,0.00023329,0.011788,0.010864,0.00089398,-0.0095584,0.00040154,0.0087423,-0.016595,0.003709,-0.020771,-0.024521,0.0033785,0.0048224,0.00058676,-0.0034035,0.0021341,-0.021184,1,0.0012226,0.0055523,0.0026236,-0.0019596,-0.010282,-0.003008,0.0017095,-0.084755,-0.0023546,-0.0070214
omega_b05,-0.00039006,-0.017896,-0.0222,-0.0035053,-0.0044758,0.0055829,-0.0018002,-0.0012959,-0.0013006,0.0015036,0.062744,-0.028418,0.0010255,-0.0014186,0.0027052,-0.0015901,0.0014949,-0.006298,-0.00037787,0.0018656,-0.0021929,7.8636e-06,-3.4414e-05,-0.00047478,-0.0028995,-0.00010938,0.00073141,-6.1828e-05,-0.00024005,0.0019926,-0.00083056,0.018654,0.024996,-0.0067905,-0.0027046,-0.0013063,-0.00017145,0.00056747,-0.0015352,0.0012226,1,-0.035222,0.0025285,-0.0049464,-0.010705,0.0035458,-0.00099983,0.0020388,-0.10109,0.0017601
omega_b15,-0.00018645,0.0027741,-0.00018146,0.005047,-0.0012498,-0.0018718,0.004165,-0.0091739,0.0017569,-0.00011073,-0.036446,0.082432,-0.0010682,0.0065222,-0.0044668,0.00014989,-0.0087458,0.0041433,-0.0074391,-0.0032048,0.0050177,-4.0912e-05,0.00012071,0.0078507,0.0047336,0.00035977,-0.02474,0.00029884,0.031252,-0.0041502,0.0016305,-0.0041526,0.0028419,-0.015688,-0.0026417,0.0044389,-0.004542,-0.0021998,-0.0011607,0.0055523,-0.035222,1,-0.00095897,0.0089749,0.0078235,0.00044352,0.002181,-5.4657e-05,-0.10137,-0.0022443
omega_b07,0.00068203,0.012446,0.011023,-0.0045859,0.00052756,-0.00014708,-0.0024662,0.0036353,-0.00013812,0.00099971,0.00050538,0.0029655,0.084943,-0.080236,-0.014788,-0.00035126,-0.0094859,0.0085459,0.009255,-0.022408,0.010172,-7.2678e-05,0.00028012,0.019132,0.0054766,0.0010735,-0.008006,0.00048912,0.010767,-0.019904,-0.002716,-0.0092181,-0.0057947,0.007972,0.0027558,-0.004154,-0.0028805,0.0022135,-0.00061916,0.0026236,0.0025285,-0.00095897,1,-0.033477,0.0084754,-0.00035332,0.0013364,0.00052563,0.0011054,-0.077022
omega_b17,-0.0026317,0.0077126,0.011182,0.0091543,0.0012516,-0.0036594,0.00051983,0.0021019,0.004736,-0.00042247,-0.0065097,-0.0016973,-0.054104,0.25308,0.027786,-0.011988,0.020627,-0.042734,0.0063505,0.042881,-0.017019,0.00021471,-0.00079122,0.0043328,-0.023425,-0.0035311,0.013067,-0.0013177,-0.0052135,0.069104,-0.0040082,-0.012396,-0.0069477,0.0086471,0.0010915,-0.00086201,0.0014404,-0.016032,-0.0044349,-0.0019596,-0.0049464,0.0089749,-0.033477,1,0.0060886,0.0019289,0.002762,-0.0026903,-0.00030354,-0.092235
b_1,0.0048294,0.30458,0.31427,-0.13011,0.021847,-0.016824,0.0092434,-0.0092775,0.0042088,-0.01007,0.004235,-0.0029344,0.0065375,-0.013708,0.021363,-0.0083629,-0.00097638,-0.018184,0.027378,0.014792,-0.019461,4.811e-05,-0.0001365,-0.0033585,-0.026406,-0.00094653,0.014363,-0.00017751,-0.010248,0.019029,-0.19814,-0.27188,-0.19668,0.038245,-0.0023181,0.0031098,0.018972,-0.02217,0.0085853,-0.010282,-0.010705,0.0078235,0.0084754,0.0060886,1,-0.0018955,-0.0030347,-0.016417,-0.0039535,-0.0073103
a_2,-0.0014725,-0.0042624,-0.0057222,0.003887,0.013998,-0.011273,0.00028835,-0.00063182,-0.00032327,-0.00010155,0.00068906,-0.001147,0.00024844,0.0030403,-0.0013819,0.0013253,-0.0012865,0.0014741,0.0022083,-0.0038445,-0.00044314,-7.0763e-06,3.1409e-05,0.0023456,0.00053867,0.00010165,-5.3274e-05,5.6014e-05,-0.00035866,-0.0019034,-0.0010637,0.0037598,0.0043567,-0.0020765,-0.10051,-0.054874,-0.00099903,0.00030945,-0.0003225,-0.003008,0.0035458,0.00044352,-0.00035332,0.0019289,-0.0018955,1,-0.00043892,0.0013507,-0.003138,0.00015452
a_3,-0.0022316,0.0025426,-0.0041473,-0.010225,0.0018989,-0.0036193,0.0041592,-0.0099965,-0.0017685,0.0012166,0.00031294,0.0068941,-0.0015441,-0.00098259,-0.041347,0.0014575,-0.021546,0.028776,0.0011062,-0.025642,0.055796,-0.00011642,0.00042017,0.0092137,0.01658,0.0014801,-0.043059,0.00088499,0.025126,-0.025476,-0.0011143,0.00047005,0.0063539,0.009262,0.00048741,-0.00066235,-0.10162,-0.037383,4.7188e-05,0.0017095,-0.00099983,0.002181,0.0013364,0.002762,-0.0030347,-0.00043892,1,-0.0016067,0.00067209,-0.0030935
a_4,0.0040134,-0.04307,-0.041873,-0.0038242,-0.0038877,0.0047779,0.0020994,-0.0028405,0.0037745,-0.026686,0.00057392,-6.5924e-05,0.00045525,0.001052,0.0016903,-0.0019988,-0.0017624,0.0015781,-0.0023523,-0.00106,-0.0017039,-7.6153e-06,2.5951e-05,0.00046824,-0.001939,6.5936e-05,-0.00052454,6.1406e-05,-0.00078181,-0.0011145,0.0059737,0.038692,0.036852,-0.022042,-0.0035315,-0.00078229,-0.0005987,0.001456,-0.039064,-0.084755,0.0020388,-5.4657e-05,0.00052563,-0.0026903,-0.016417,0.0013507,-0.0016067,1,-5.39e-05,0.0025413
b_5,0.0029057,-0.0013568,0.0026831,-0.0044624,0.0034451,-0.0041233,-0.00028032,0.0016652,0.00084156,-0.0019705,-0.020311,0.0044939,0.0015956,-0.0046188,-0.0049169,0.00065327,0.0009827,-0.00065642,0.0035644,-0.0041428,0.0038721,-5.7162e-06,1.8081e-05,0.0044658,0.00037796,0.00013429,-0.0038769,9.2524e-06,0.014076,-0.0020174,0.0042365,0.0025035,-0.00512,0.0026956,0.0011137,0.0014919,0.00072123,0.0031762,-9.402e-05,-0.0023546,-0.10109,-0.10137,0.0011054,-0.00030354,-0.0039535,-0.003138,0.00067209,-5.39e-05,1,-0.0019563
b_7,0.0042444,-0.013851,-0.01272,-0.0071001,3.6425e-05,0.0023057,0.0021191,-0.0018076,-0.00010112,-1.0662e-05,0.0024948,-0.0033151,-0.027086,-0.0022782,0.026497,0.0040029,0.021523,-0.027848,-0.0098098,0.039027,-0.021429,0.00016436,-0.00061992,-0.022631,-0.014417,-0.0024306,0.017472,-0.001101,-0.016956,0.04556,0.0061343,0.012538,0.012571,0.0016542,-0.002954,0.001126,0.0042108,-0.0030908,0.0011872,-0.0070214,0.0017601,-0.0022443,-0.077022,-0.092235,-0.0073103,0.00015452,-0.0030935,0.0025413,-0.0019563,1
