b01_pop,1,-0.16942,0.058369,-0.044082,-0.0012686,0.00061456,-0.00013238,0.0027621,0.00095415,0.0003385,0.0027183,-0.0028319,0.00059001,2.4816e-05,-0.0012377,0.0058713,0.0079328,-0.010684,-0.00093167,-0.0007742,-0.0081553,0.0067961,-0.0071742,0.0054557,0.0041993,-0.0042884,0.0072773,0.00020942,nan,0.00015122,-0.0049222,0.0012706,0.00065761,0.0084268,0.17033,0.11383,-0.00036737,-0.0027696,-0.00019408,-0.0035908,-0.0020657,-0.0021263,0.00040048,-0.005338,0.0016938,-0.0010518,0.00045125,0.0009659,0.0012057,-0.0013364,-0.01753,-0.0014529,0.00061775,0.0018576,-0.0020749,0.0012616,-0.0011577
b11_pop,-0.16942,1,0.5969,-0.058288,0.00034115,-0.0035098,0.0040312,-0.010213,0.00065159,-0.0056968,0.01203,-0.0090541,-0.0096795,0.010367,0.0059644,-0.029762,-0.097277,0.079443,0.045077,0.0088038,0.10622,-0.061117,0.064701,-0.063412,-0.047787,0.01938,-0.092945,0.07186,nan,0.011666,0.058329,-0.017473,-0.016039,-0.057817,-0.057066,-0.52051,-0.39608,0.24021,-0.0082809,0.0035479,0.00064372,0.0072164,0.0043434,-0.00031347,0.00021136,-0.0033242,-0.012808,0.00062865,-0.012186,-0.0016394,-0.016457,0.0088273,0.01147,-0.007167,0.0039334,0.010412,0.0041478
b21_pop,0.058369,0.5969,1,-0.030703,-0.0033001,-0.0029459,0.0062793,-0.00018889,0.0046417,-0.012535,0.017143,-0.013941,-0.0087478,0.013385,0.0069142,-0.016449,-0.046846,0.047562,0.017644,-0.0050708,0.053936,-0.028146,0.032997,-0.033155,-0.025322,0.014427,-0.045299,0.025044,nan,0.0036389,0.030282,-0.007424,-0.0072027,-0.03032,-0.0077954,-0.40432,-0.60193,0.19603,-0.011622,-0.0064873,0.0015989,0.00047434,0.0059692,-0.0094139,-1.375e-05,-0.0091098,-0.01387,-0.0027292,-0.013174,-0.005675,0.024608,0.0078747,0.016146,-0.0060089,0.0016301,0.01268,0.0049983
a1_pop,-0.044082,-0.058288,-0.030703,1,0.004248,-0.0067749,0.0060788,0.0054217,-0.00034631,-0.0054795,-0.001688,0.0075799,0.0097449,-0.0044092,0.00017677,-0.0016674,-0.01094,0.013495,0.0060144,0.013871,0.033982,-0.0041827,0.0029461,-0.011937,-0.0086969,0.0025906,-0.020204,0.010697,nan,-0.002804,0.011242,-0.0025318,-0.0029019,-0.015535,-0.016575,-0.31891,-0.23402,-0.58169,-0.0049561,-0.011032,0.0071183,-0.00405,0.00034136,0.01025,0.0015013,-0.0033452,-0.0011798,-0.023191,0.0026384,9.1255e-06,-0.073133,-4.2779e-06,0.00048874,-0.015797,-0.0058845,0.0058854,-0.0057942
b02_pop,-0.0012686,0.00034115,-0.0033001,0.004248,1,-0.23467,8.8503e-06,0.0011505,0.00077602,-0.0044555,-0.0017682,0.0027786,-0.0015293,0.00023837,0.00050157,0.00023294,0.0064166,0.037681,-0.006664,-0.015956,-0.0018612,0.015166,0.00029447,-0.010636,-0.008814,0.015729,-0.0089327,0.0072252,nan,-0.0013245,0.0090129,0.0047058,-0.0024438,-0.0086615,-0.0010654,-0.0032514,-0.0023636,-0.0020624,0.0013092,-0.028921,0.0018728,-0.0051437,0.0015938,-0.0051967,-0.0013261,-0.0023497,-0.00095038,0.0021094,0.00013351,0.0058949,0.00057574,0.00030536,-0.00083068,-0.0022432,0.0023501,0.0015088,-0.0014562
b12_pop,0.00061456,-0.0035098,-0.0029459,-0.0067749,-0.23467,1,-0.0029657,0.018134,-0.0013608,0.0049606,0.0027159,-0.0056765,-0.0006601,0.00013148,-6.3297e-05,0.013551,0.094701,-0.10227,-0.044173,0.0080175,-0.067888,0.067546,-0.054561,0.058411,0.044961,-0.033539,0.07841,-0.049682,nan,-0.01365,-0.052624,0.014609,0.012735,0.052109,0.0042566,0.011047,0.014633,-0.0031844,-0.013766,0.053565,0.00045832,0.013226,-0.00068852,0.0045084,0.00014045,0.0018616,0.0025528,-0.0067559,-0.0009522,-0.002712,-0.0029867,-0.0077778,-0.00056739,0.00048855,-0.0026693,-0.0022476,0.0025661
b03_pop,-0.00013238,0.0040312,0.0062793,0.0060788,8.8503e-06,-0.0029657,1,-0.13648,-0.00031728,0.0028687,0.00080399,-0.0012908,-0.00061588,0.00082546,-0.00059685,0.00154,0.0029392,-0.026183,0.00055248,0.015061,-0.0078444,0.0045357,0.0045879,0.011384,0.0092234,-0.011657,0.011466,-0.0082146,nan,-0.0081494,-0.0098255,-0.0018489,0.0026124,0.0075001,0.0013331,-0.0047825,-0.0048145,-0.00218,-0.00028592,0.0016754,0.0038394,0.027075,-6.3095e-05,0.0058109,-0.00048579,-0.0014372,-0.00075131,0.0045542,0.00037495,0.0018579,-0.0031239,-0.00051145,-0.0047079,-0.0017528,0.00010272,-0.00073739,0.0010818
b13_pop,0.0027621,-0.010213,-0.00018889,0.0054217,0.0011505,0.018134,-0.13648,1,-0.00014057,-0.0060706,-0.0025416,0.0046216,0.001041,-0.0023672,-0.00061802,-0.013499,-0.079375,0.08685,0.053619,-0.024287,0.059966,-0.039631,0.04544,-0.052999,-0.041105,0.028939,-0.068674,0.049146,nan,0.034788,0.047437,-0.0092164,-0.012546,-0.040625,-0.0016307,-0.0033588,-0.0049955,-0.01617,-0.0031033,-0.0065172,0.012686,-0.062998,0.0018855,-0.0037268,-0.0014473,-0.00021592,0.00018411,-0.0049512,-0.00073114,-0.002244,0.0057024,0.001712,0.0088403,-0.00026131,-0.00047823,0.0013946,-0.0038862
b04_pop,0.00095415,0.00065159,0.0046417,-0.00034631,0.00077602,-0.0013608,-0.00031728,-0.00014057,1,-0.097263,-0.00024075,0.00099792,0.00083003,-0.0010031,-0.00031201,0.00062049,-0.001279,0.0011638,0.00032563,0.00035662,0.0017477,-0.0007778,0.001038,-0.00082385,-0.00061044,0.00025015,-0.0014196,0.0010501,nan,-7.8005e-05,0.00073749,-0.00028374,-0.00021658,-0.0012314,0.00036993,0.00035335,-0.0032257,0.00082221,-0.0005665,-0.0010751,0.00041973,-0.00048577,0.0058818,-0.0083869,0.00073571,-0.00029075,0.0003387,-0.00014108,0.00085235,-0.0013675,0.000565,-7.8884e-05,-0.00030062,0.002562,0.00011674,-0.0026263,-0.00038619
b14_pop,0.0003385,-0.0056968,-0.012535,-0.0054795,-0.0044555,0.0049606,0.0028687,-0.0060706,-0.097263,1,-0.0011342,-0.00019649,-0.00099278,0.0045249,0.0012812,-0.001393,0.00433,-0.0054693,-0.0030506,-0.00023556,-0.0053354,0.0011773,-0.0020546,0.0035494,0.0028085,-0.0035888,0.0045083,-0.0016428,nan,-0.00064036,-0.0030261,0.00051512,0.00070768,0.0049521,0.0028448,0.0018871,0.0072233,-0.0013778,-0.0013182,0.0025224,-0.0010507,0.0042664,0.0013912,0.030765,-0.00348,0.0024233,0.0044854,0.0079809,-0.000361,0.0090152,-0.00056136,0.0015738,0.00096478,-0.017412,-0.0015553,0.0019109,-0.0013408
b05_pop,0.0027183,0.01203,0.017143,-0.001688,-0.0017682,0.0027159,0.00080399,-0.0025416,-0.00024075,-0.0011342,1,-0.14318,0.00033054,0.0010121,-9.794e-05,0.0030855,0.00086702,-0.0014734,-0.00059022,-0.00011804,-0.0019167,-0.0002787,-0.00034016,0.0008978,0.00068127,-0.00030255,0.0014769,-0.00092522,nan,-0.00069033,-0.00079396,-0.0012304,0.00023417,0.0013576,0.0028569,-0.0074214,-0.0098481,0.0039272,-0.000412,-0.0010675,-0.00077066,0.0018412,-0.00042084,-0.0023419,0.048407,-0.0081524,0.0018198,0.0024682,0.00092438,0.0014765,-0.0003934,0.001018,0.00025678,0.0015134,-0.018318,-0.0010978,0.00011003
b15_pop,-0.0028319,-0.0090541,-0.013941,0.0075799,0.0027786,-0.0056765,-0.0012908,0.0046216,0.00099792,-0.00019649,-0.14318,1,0.0018652,-0.0053882,0.0011716,-0.010936,-0.00050954,0.001899,0.00041001,1.1923e-05,0.0015737,0.00067309,-0.0010435,-0.00093223,-0.00073055,0.00098152,-0.0015174,0.0011987,nan,0.0019886,0.00080729,0.0047365,-0.00029402,-0.0022308,-0.0025823,0.0022319,0.0020978,-0.0034894,-0.0016341,0.002788,-0.00057463,-0.0038885,0.00070798,0.0044692,-0.028798,0.012806,0.0011924,0.00013448,0.0015143,-0.0022505,0.00077081,-0.0011539,0.00032422,-0.00054519,0.016739,0.00033745,-0.0021358
b06_pop,0.00059001,-0.0096795,-0.0087478,0.0097449,-0.0015293,-0.0006601,-0.00061588,0.001041,0.00083003,-0.00099278,0.00033054,0.0018652,1,-0.16882,0.000392,0.0030532,0.00046714,-0.0089955,-0.0014062,-0.00086816,-0.0023472,0.0014347,-0.0037277,0.00051669,8.0965e-05,0.007872,0.0038655,-0.0021825,nan,-7.7722e-06,-0.0007073,-0.0018835,0.00012048,0.0019047,-0.00081939,0.0038024,0.0074152,-0.017799,0.001372,0.0025563,0.0006473,0.0011843,-0.00027943,0.0018186,0.0012581,-0.0046516,0.046066,-0.037126,0.0006522,-0.0023531,0.001503,-0.00047651,-0.00099268,0.00086732,-0.001561,-0.01975,0.000667
b16_pop,2.4816e-05,0.010367,0.013385,-0.0044092,0.00023837,0.00013148,0.00082546,-0.0023672,-0.0010031,0.0045249,0.0010121,-0.0053882,-0.16882,1,-0.00077331,-0.0069084,-0.031884,0.031324,0.0046764,0.0095561,0.021017,-0.016095,0.01534,-0.020959,-0.016689,0.034266,-0.02281,0.012228,nan,-0.007117,0.018379,-0.0090538,-0.0038154,-0.020816,0.0022097,-0.0047401,-0.013763,0.015239,-0.00092502,-0.00036996,-0.0012058,0.0034137,-0.00081006,-0.0058825,-0.00089849,0.0063503,-0.024968,0.11781,-0.0022957,0.0055031,-0.00078977,0.0013808,0.00050904,-0.00064898,0.00066441,-0.016378,-0.0013802
b07_pop,-0.0012377,0.0059644,0.0069142,0.00017677,0.00050157,-6.3297e-05,-0.00059685,-0.00061802,-0.00031201,0.0012812,-9.794e-05,0.0011716,0.000392,-0.00077331,1,-0.16805,0.013921,-0.012913,0.00047633,-0.0038662,-0.01304,0.009882,-0.0096332,0.01138,0.0085378,-0.0046821,0.016807,-0.0090477,nan,0.0038832,-0.010503,0.0041057,0.0025159,0.022199,0.00037238,-0.01084,-0.01068,0.0046361,0.0034555,-0.00039931,0.00032651,-0.0013269,5.6112e-05,-0.00036266,0.00020841,1.9992e-05,0.0021238,-0.00052058,0.10612,-0.030981,-0.00080605,-0.001189,-0.00013415,0.00032173,-0.00037278,-0.002258,-0.046212
b17_pop,0.0058713,-0.029762,-0.016449,-0.0016674,0.00023294,0.013551,0.00154,-0.013499,0.00062049,-0.001393,0.0030855,-0.010936,0.0030532,-0.0069084,-0.16805,1,0.082925,-0.080906,-0.033891,-0.089798,-0.069815,0.059897,-0.05317,0.057479,0.041866,-0.032656,0.09406,-0.052037,nan,0.040403,-0.054481,0.025744,0.012545,0.16193,0.00066163,0.020787,0.027394,-0.016738,0.00057161,-0.0048734,0.0015782,-0.0088851,-0.00073594,0.00010019,-0.0041118,-0.0020266,-0.0044356,0.0056964,-0.080037,0.077629,-0.00086419,-0.0014694,-0.00020346,-0.0010433,0.00051394,0.0038698,0.028875
p1_pop,0.0079328,-0.097277,-0.046846,-0.01094,0.0064166,0.094701,0.0029392,-0.079375,-0.001279,0.00433,0.00086702,-0.00050954,0.00046714,-0.031884,0.013921,0.082925,1,-0.66952,-0.10408,-0.1749,-0.78988,0.71134,-0.77422,0.49112,0.37039,-0.20514,0.72276,-0.41447,nan,0.044146,-0.44933,0.22294,0.10218,0.4451,0.02726,0.005136,0.068653,-0.050026,-0.0005231,-0.041503,0.013256,-0.038948,-0.00074954,0.0025581,0.0020692,0.00069672,0.0080877,-0.007775,0.0034488,0.013959,-0.02977,-0.016944,-0.018024,-0.00048269,-0.0005564,-0.0051657,0.0072757
g1_pop,-0.010684,0.079443,0.047562,0.013495,0.037681,-0.10227,-0.026183,0.08685,0.0011638,-0.0054693,-0.0014734,0.001899,-0.0089955,0.031324,-0.012913,-0.080906,-0.66952,1,0.14306,0.18939,0.5888,-0.38211,0.39309,-0.44986,-0.33647,0.13752,-0.69279,0.43264,nan,-0.046904,0.41411,-0.083272,-0.10223,-0.45299,-0.026218,0.0019362,-0.065325,-0.0018286,-0.021681,0.048218,-0.018216,0.049478,0.00096581,-0.0046999,-0.0026205,-0.0029357,-0.010532,0.0056914,-0.0024676,-0.014643,0.025445,0.012763,0.010414,0.00057152,0.00098485,0.0059509,-0.0081545
p2_pop,-0.00093167,0.045077,0.017644,0.0060144,-0.006664,-0.044173,0.00055248,0.053619,0.00032563,-0.0030506,-0.00059022,0.00041001,-0.0014062,0.0046764,0.00047633,-0.033891,-0.10408,0.14306,1,0.1679,0.099772,-0.06317,0.053288,-0.06764,-0.046774,0.0075063,-0.13371,0.054907,nan,0.080758,0.06646,-0.0080529,-0.013548,-0.26224,-0.0031347,0.0059499,-0.022689,0.024627,-0.002204,0.011317,-0.0020246,0.01674,0.00057489,-0.00057484,-0.00013886,-0.00065349,-0.001554,0.001901,0.0013458,-0.006387,-0.0081179,0.0038435,0.0030258,8.6234e-05,-0.00030657,0.001078,-0.0072149
g2_pop,-0.0007742,0.0088038,-0.0050708,0.013871,-0.015956,0.0080175,0.015061,-0.024287,0.00035662,-0.00023556,-0.00011804,1.1923e-05,-0.00086816,0.0095561,-0.0038662,-0.089798,-0.1749,0.18939,0.1679,1,0.12677,-0.13343,0.10909,-0.041055,-0.011755,0.079964,-0.20914,0.19361,nan,-0.59413,0.057704,-0.12697,-0.016207,-0.48012,-0.0027311,-0.019713,-0.0078888,-0.013648,-0.0089229,0.0075021,-0.013026,0.0253,0.00030166,0.00012355,4.1517e-05,0.00055787,-0.0031704,0.0012859,0.00088583,-0.018751,0.0024842,0.005049,0.0082759,0.00020923,-0.00049346,0.0024502,-0.0079563
alpha11_pop,-0.0081553,0.10622,0.053936,0.033982,-0.0018612,-0.067888,-0.0078444,0.059966,0.0017477,-0.0053354,-0.0019167,0.0015737,-0.0023472,0.021017,-0.01304,-0.069815,-0.78988,0.5888,0.099772,0.12677,1,-0.58052,0.53193,-0.48243,-0.36104,0.096792,-0.74068,0.45668,nan,0.011945,0.44348,-0.16587,-0.11087,-0.37874,-0.03274,-0.030451,-0.081013,0.051732,-0.0020964,0.036299,-0.011258,0.02913,0.00060387,-0.0031637,-0.0038954,-0.0014409,-0.0064633,0.00324,-0.00284,-0.011477,0.052118,0.014969,0.01324,0.00020399,0.0016469,0.0030221,-0.0061076
alpha12_pop,0.0067961,-0.061117,-0.028146,-0.0041827,0.015166,0.067546,0.0045357,-0.039631,-0.0007778,0.0011773,-0.0002787,0.00067309,0.0014347,-0.016095,0.009882,0.059897,0.71134,-0.38211,-0.06317,-0.13343,-0.58052,1,-0.40729,0.32652,0.24389,-0.081692,0.50296,-0.27347,nan,0.030623,-0.30089,0.17452,0.06106,0.32173,0.021416,-0.00076093,0.041157,-0.036799,0.0054536,-0.004092,0.0070798,-0.032844,-0.00022492,-0.00043386,0.0012621,-0.001132,0.0035901,-0.0021984,0.0024065,0.010774,-0.02284,-0.02839,-0.0064072,0.0001953,0.00020592,-0.0040663,0.0052814
alpha13_pop,-0.0071742,0.064701,0.032997,0.0029461,0.00029447,-0.054561,0.0045879,0.04544,0.001038,-0.0020546,-0.00034016,-0.0010435,-0.0037277,0.01534,-0.0096332,-0.05317,-0.77422,0.39309,0.053288,0.10909,0.53193,-0.40729,1,-0.29613,-0.21582,-0.078079,-0.50265,0.2616,nan,-0.028933,0.27747,-0.16181,-0.057499,-0.27879,-0.020134,-0.0013225,-0.046489,0.038522,0.00057367,0.03426,-0.018772,0.0059351,0.00063169,-0.0021476,-0.00066475,-4.1076e-05,0.00026651,0.0054188,-0.0024744,-0.0072545,0.022507,0.0081884,0.028,0.00041641,0.00023875,-0.00069533,-0.0047775
alpha14_pop,0.0054557,-0.063412,-0.033155,-0.011937,-0.010636,0.058411,0.011384,-0.052999,-0.00082385,0.0035494,0.0008978,-0.00093223,0.00051669,-0.020959,0.01138,0.057479,0.49112,-0.44986,-0.06764,-0.041055,-0.48243,0.32652,-0.29613,1,0.85131,-0.26422,0.63324,-0.38357,nan,-0.017487,-0.82356,0.15951,0.19093,0.32547,0.018618,0.0070578,0.049892,-0.012458,0.0045373,-0.027139,0.008175,-0.026467,-0.00047002,0.0028461,0.0018511,0.0010696,0.010668,-0.0038004,0.0026597,0.010294,-0.024157,-0.0088235,-0.007211,-0.00029656,-0.0006408,-0.0069899,0.0057761
alpha15_pop,0.0041993,-0.047787,-0.025322,-0.0086969,-0.008814,0.044961,0.0092234,-0.041105,-0.00061044,0.0028085,0.00068127,-0.00073055,8.0965e-05,-0.016689,0.0085378,0.041866,0.37039,-0.33647,-0.046774,-0.011755,-0.36104,0.24389,-0.21582,0.85131,1,-0.23195,0.47109,-0.28413,nan,-0.022329,-0.58824,0.12156,0.13889,0.23769,0.014092,0.0046782,0.037594,-0.0090568,0.003449,-0.020631,0.0060468,-0.020139,-0.00036062,0.0021978,0.0014323,0.00082456,0.0091078,-0.0030771,0.0020529,0.007535,-0.018273,-0.0065624,-0.0051722,-0.00021061,-0.00048209,-0.0060087,0.0041918
alpha16_pop,-0.0042884,0.01938,0.014427,0.0025906,0.015729,-0.033539,-0.011657,0.028939,0.00025015,-0.0035888,-0.00030255,0.00098152,0.007872,0.034266,-0.0046821,-0.032656,-0.20514,0.13752,0.0075063,0.079964,0.096792,-0.081692,-0.078079,-0.26422,-0.23195,1,-0.086292,0.062894,nan,-0.095283,0.2131,-0.15422,-0.04815,-0.19343,-0.0073862,0.0035901,-0.01563,-0.015589,-0.0073404,0.015331,-0.0061351,0.026022,0.00025738,-0.0023955,-0.0013205,-0.00032753,-0.03317,0.0073841,-0.0018619,-0.0084397,0.0080159,0.0024685,-0.00084065,1.1194e-05,-0.00011265,0.023161,-0.0018978
alpha17_pop,0.0072773,-0.092945,-0.045299,-0.020204,-0.0089327,0.07841,0.011466,-0.068674,-0.0014196,0.0045083,0.0014769,-0.0015174,0.0038655,-0.02281,0.016807,0.09406,0.72276,-0.69279,-0.13371,-0.20914,-0.74068,0.50296,-0.50265,0.63324,0.47109,-0.086292,1,-0.60349,nan,0.041272,-0.58449,0.15589,0.15188,0.52435,0.027012,0.014987,0.073275,-0.021878,0.0065289,-0.038389,0.012979,-0.036922,-0.00073342,0.0033328,0.002537,0.0015652,0.006087,-0.0034278,0.0033007,0.016584,-0.035363,-0.013778,-0.012737,-0.00045478,-0.0010371,-0.0036265,0.0098391
alpha21_pop,0.00020942,0.07186,0.025044,0.010697,0.0072252,-0.049682,-0.0082146,0.049146,0.0010501,-0.0016428,-0.00092522,0.0011987,-0.0021825,0.012228,-0.0090477,-0.052037,-0.41447,0.43264,0.054907,0.19361,0.45668,-0.27347,0.2616,-0.38357,-0.28413,0.062894,-0.60349,1,nan,-0.041697,0.3578,-0.083454,-0.15388,-0.30046,-0.015338,-0.015381,-0.063979,-0.013719,-0.0037834,0.026504,-0.0083241,0.027159,0.00056001,-0.0022301,-0.0016085,-0.0012946,-0.0037139,0.0014954,-0.0013131,-0.010151,0.025836,0.0079041,0.007278,0.00014332,0.0007598,0.0025294,-0.0055436
alpha22_pop,nan,nan,nan,nan,nan,nan,nan,nan,nan,nan,nan,nan,nan,nan,nan,nan,nan,nan,nan,nan,nan,nan,nan,nan,nan,nan,nan,nan,nan,nan,nan,nan,nan,nan,nan,nan,nan,nan,nan,nan,nan,nan,nan,nan,nan,nan,nan,nan,nan,nan,nan,nan,nan,nan,nan,nan,nan
alpha23_pop,0.00015122,0.011666,0.0036389,-0.002804,-0.0013245,-0.01365,-0.0081494,0.034788,-7.8005e-05,-0.00064036,-0.00069033,0.0019886,-7.7722e-06,-0.007117,0.0038832,0.040403,0.044146,-0.046904,0.080758,-0.59413,0.011945,0.030623,-0.028933,-0.017487,-0.022329,-0.095283,0.041272,-0.041697,nan,1,0.0059756,0.08354,-0.0056322,0.20416,-0.0020416,0.0089343,-0.0018622,0.017169,0.0054355,0.00029833,0.013507,-0.032462,-0.00075992,0.00034304,-0.0006099,-0.0013463,0.0031618,-0.0031509,-0.00049831,0.0075416,0.0022363,-0.0014504,-0.011039,0.00048863,0.00080762,-0.0023039,0.0043286
alpha24_pop,-0.0049222,0.058329,0.030282,0.011242,0.0090129,-0.052624,-0.0098255,0.047437,0.00073749,-0.0030261,-0.00079396,0.00080729,-0.0007073,0.018379,-0.010503,-0.054481,-0.44933,0.41411,0.06646,0.057704,0.44348,-0.30089,0.27747,-0.82356,-0.58824,0.2131,-0.58449,0.3578,nan,0.0059756,1,-0.1463,-0.20997,-0.30833,-0.017008,-0.0072926,-0.045882,0.011607,-0.0041349,0.024723,-0.0076014,0.024164,0.00040289,-0.002657,-0.0016643,-0.00093616,-0.0087928,0.0033413,-0.0024206,-0.0096969,0.022046,0.0081809,0.0068724,0.0003043,0.00060225,0.0057136,-0.0054467
alpha25_pop,0.0012706,-0.017473,-0.007424,-0.0025318,0.0047058,0.014609,-0.0018489,-0.0092164,-0.00028374,0.00051512,-0.0012304,0.0047365,-0.0018835,-0.0090538,0.0041057,0.025744,0.22294,-0.083272,-0.0080529,-0.12697,-0.16587,0.17452,-0.16181,0.15951,0.12156,-0.15422,0.15589,-0.083454,nan,0.08354,-0.1463,1,0.030194,0.14124,0.0051069,0.0029359,0.012063,-0.010119,-0.0011664,-0.0068297,0.003392,-0.008337,-9.9889e-05,0.0003881,-0.0015544,-0.00042012,0.0046639,-0.0022484,0.0010959,0.0044574,-0.0065643,-0.0039033,-0.0045937,-7.4625e-05,0.0019743,-0.0035075,0.0022238
alpha26_pop,0.00065761,-0.016039,-0.0072027,-0.0029019,-0.0024438,0.012735,0.0026124,-0.012546,-0.00021658,0.00070768,0.00023417,-0.00029402,0.00012048,-0.0038154,0.0025159,0.012545,0.10218,-0.10223,-0.013548,-0.016207,-0.11087,0.06106,-0.057499,0.19093,0.13889,-0.04815,0.15188,-0.15388,nan,-0.0056322,-0.20997,0.030194,1,0.072192,0.0040137,0.0027713,0.013434,-0.00025107,0.00076312,-0.0065252,0.0016306,-0.0061196,-0.0001162,0.00067206,0.00043715,0.00031097,0.0020267,-0.00060687,0.00052587,0.0023283,-0.0060017,-0.0016638,-0.0014249,-6.3897e-05,-0.0001817,-0.0012975,0.0013089
alpha27_pop,0.0084268,-0.057817,-0.03032,-0.015535,-0.0086615,0.052109,0.0075001,-0.040625,-0.0012314,0.0049521,0.0013576,-0.0022308,0.0019047,-0.020816,0.022199,0.16193,0.4451,-0.45299,-0.26224,-0.48012,-0.37874,0.32173,-0.27879,0.32547,0.23769,-0.19343,0.52435,-0.30046,nan,0.20416,-0.30833,0.14124,0.072192,1,0.019165,0.011109,0.044669,-0.0035249,0.0090606,-0.026157,0.011208,-0.035514,-0.00050981,0.0020823,0.0010891,0.0012147,0.0084825,-0.001852,0.0070982,0.0322,-0.0161,-0.010335,-0.0083676,-0.00086375,-0.00013143,-0.0069441,0.012726
omega_b01,0.17033,-0.057066,-0.0077954,-0.016575,-0.0010654,0.0042566,0.0013331,-0.0016307,0.00036993,0.0028448,0.0028569,-0.0025823,-0.00081939,0.0022097,0.00037238,0.00066163,0.02726,-0.026218,-0.0031347,-0.0027311,-0.03274,0.021416,-0.020134,0.018618,0.014092,-0.0073862,0.027012,-0.015338,nan,-0.0020416,-0.017008,0.0051069,0.0040137,0.019165,1,0.025782,0.038966,-0.037965,-0.0022923,-0.00039875,-0.0022875,-0.00016734,0.0015336,0.00121,0.0034326,-0.0012139,0.001826,0.0034736,0.0013273,0.0027853,-0.16104,-0.00069579,0.00026584,-0.0020408,-0.0027773,0.0004982,-0.0012852
omega_b11,0.11383,-0.52051,-0.40432,-0.31891,-0.0032514,0.011047,-0.0047825,-0.0033588,0.00035335,0.0018871,-0.0074214,0.0022319,0.0038024,-0.0047401,-0.01084,0.020787,0.005136,0.0019362,0.0059499,-0.019713,-0.030451,-0.00076093,-0.0013225,0.0070578,0.0046782,0.0035901,0.014987,-0.015381,nan,0.0089343,-0.0072926,0.0029359,0.0027713,0.011109,0.025782,1,0.44008,-0.029288,0.0069377,-0.00034505,-0.0052678,-0.0036998,-0.0045838,-0.0066635,0.00064049,-0.0021379,0.010202,0.0098102,0.0087567,0.0014762,0.012095,-0.0065144,-0.0090264,0.015333,-0.0022211,-0.011329,-0.0012512
omega_b21,-0.00036737,-0.39608,-0.60193,-0.23402,-0.0023636,0.014633,-0.0048145,-0.0049955,-0.0032257,0.0072233,-0.0098481,0.0020978,0.0074152,-0.013763,-0.01068,0.027394,0.068653,-0.065325,-0.022689,-0.0078888,-0.081013,0.041157,-0.046489,0.049892,0.037594,-0.01563,0.073275,-0.063979,nan,-0.0018622,-0.045882,0.012063,0.013434,0.044669,0.038966,0.44008,1,-0.087458,0.0090429,0.0031502,-0.0076765,0.0037318,-0.0061103,0.0011866,-0.0012567,0.0043261,0.012185,0.0075513,0.0087493,0.012766,-0.033585,-0.010829,-0.014983,0.012344,-0.0017283,-0.014113,-0.0041588
omega_a1,-0.0027696,0.24021,0.19603,-0.58169,-0.0020624,-0.0031844,-0.00218,-0.01617,0.00082221,-0.0013778,0.0039272,-0.0034894,-0.017799,0.015239,0.0046361,-0.016738,-0.050026,-0.0018286,0.024627,-0.013648,0.051732,-0.036799,0.038522,-0.012458,-0.0090568,-0.015589,-0.021878,-0.013719,nan,0.017169,0.011607,-0.010119,-0.00025107,-0.0035249,-0.037965,-0.029288,-0.087458,1,0.0044386,0.014407,-0.0026232,-0.00082726,0.0025116,-0.00085142,-0.0030453,0.012955,-0.0078843,0.023512,-0.0093833,-0.0010107,0.042367,0.0031597,0.0042824,0.006344,0.0050487,-0.0020634,0.010182
omega_b02,-0.00019408,-0.0082809,-0.011622,-0.0049561,0.0013092,-0.013766,-0.00028592,-0.0031033,-0.0005665,-0.0013182,-0.000412,-0.0016341,0.001372,-0.00092502,0.0034555,0.00057161,-0.0005231,-0.021681,-0.002204,-0.0089229,-0.0020964,0.0054536,0.00057367,0.0045373,0.003449,-0.0073404,0.0065289,-0.0037834,nan,0.0054355,-0.0041349,-0.0011664,0.00076312,0.0090606,-0.0022923,0.0069377,0.0090429,0.0044386,1,-0.10919,-0.0021618,0.0035862,-0.0012153,-0.0051829,-0.002054,-0.0026924,-0.00058135,-0.0037052,0.0013353,-0.0070405,0.0017575,-0.08495,0.0018334,0.0035306,0.00092496,0.00028827,0.00053712
omega_b12,-0.0035908,0.0035479,-0.0064873,-0.011032,-0.028921,0.053565,0.0016754,-0.0065172,-0.0010751,0.0025224,-0.0010675,0.002788,0.0025563,-0.00036996,-0.00039931,-0.0048734,-0.041503,0.048218,0.011317,0.0075021,0.036299,-0.004092,0.03426,-0.027139,-0.020631,0.015331,-0.038389,0.026504,nan,0.00029833,0.024723,-0.0068297,-0.0065252,-0.026157,-0.00039875,-0.00034505,0.0031502,0.014407,-0.10919,1,-0.0012079,0.0054162,-0.00087354,-0.0024037,-0.00040147,-0.0089212,0.0044231,0.0055965,-0.00068192,0.0073071,-0.00020518,-0.012738,0.0013789,0.00037278,0.0023244,-0.0044912,0.00012774
omega_b03,-0.0020657,0.00064372,0.0015989,0.0071183,0.0018728,0.00045832,0.0038394,0.012686,0.00041973,-0.0010507,-0.00077066,-0.00057463,0.0006473,-0.0012058,0.00032651,0.0015782,0.013256,-0.018216,-0.0020246,-0.013026,-0.011258,0.0070798,-0.018772,0.008175,0.0060468,-0.0061351,0.012979,-0.0083241,nan,0.013507,-0.0076014,0.003392,0.0016306,0.011208,-0.0022875,-0.0052678,-0.0076765,-0.0026232,-0.0021618,-0.0012079,1,-0.017642,-0.00071967,0.0016627,0.00070143,0.0016004,0.0039335,-0.0011316,-0.00026496,-0.0020523,0.0016691,0.00046478,-0.075786,-0.0010294,-0.0012794,-0.0040487,0.00011308
omega_b13,-0.0021263,0.0072164,0.00047434,-0.00405,-0.0051437,0.013226,0.027075,-0.062998,-0.00048577,0.0042664,0.0018412,-0.0038885,0.0011843,0.0034137,-0.0013269,-0.0088851,-0.038948,0.049478,0.01674,0.0253,0.02913,-0.032844,0.0059351,-0.026467,-0.020139,0.026022,-0.036922,0.027159,nan,-0.032462,0.024164,-0.008337,-0.0061196,-0.035514,-0.00016734,-0.0036998,0.0037318,-0.00082726,0.0035862,0.0054162,-0.017642,1,-0.00064523,0.0037462,0.00062252,0.00054744,0.00035235,0.0050736,0.00057097,-0.004299,0.00028561,-0.001359,-0.043331,0.0028557,-0.0003616,0.0012829,0.00065911
omega_b04,0.00040048,0.0043434,0.0059692,0.00034136,0.0015938,-0.00068852,-6.3095e-05,0.0018855,0.0058818,0.0013912,-0.00042084,0.00070798,-0.00027943,-0.00081006,5.6112e-05,-0.00073594,-0.00074954,0.00096581,0.00057489,0.00030166,0.00060387,-0.00022492,0.00063169,-0.00047002,-0.00036062,0.00025738,-0.00073342,0.00056001,nan,-0.00075992,0.00040289,-9.9889e-05,-0.0001162,-0.00050981,0.0015336,-0.0045838,-0.0061103,0.0025116,-0.0012153,-0.00087354,-0.00071967,-0.00064523,1,-0.0044997,8.9892e-05,-0.00072726,-0.00175,0.00057163,-4.7128e-05,-0.0036481,5.1106e-05,0.0011301,0.0010769,-0.039763,-0.0010423,0.0012184,0.00092904
omega_b14,-0.005338,-0.00031347,-0.0094139,0.01025,-0.0051967,0.0045084,0.0058109,-0.0037268,-0.0083869,0.030765,-0.0023419,0.0044692,0.0018186,-0.0058825,-0.00036266,0.00010019,0.0025581,-0.0046999,-0.00057484,0.00012355,-0.0031637,-0.00043386,-0.0021476,0.0028461,0.0021978,-0.0023955,0.0033328,-0.0022301,nan,0.00034304,-0.002657,0.0003881,0.00067206,0.0020823,0.00121,-0.0066635,0.0011866,-0.00085142,-0.0051829,-0.0024037,0.0016627,0.0037462,-0.0044997,1,-0.0072998,-0.0021726,0.0054811,-0.0052884,-0.0014595,0.0079147,-0.0048929,0.00095406,-0.0023006,-0.08206,0.00038877,0.0039214,-0.0005765
omega_b05,0.0016938,0.00021136,-1.375e-05,0.0015013,-0.0013261,0.00014045,-0.00048579,-0.0014473,0.00073571,-0.00348,0.048407,-0.028798,0.0012581,-0.00089849,0.00020841,-0.0041118,0.0020692,-0.0026205,-0.00013886,4.1517e-05,-0.0038954,0.0012621,-0.00066475,0.0018511,0.0014323,-0.0013205,0.002537,-0.0016085,nan,-0.0006099,-0.0016643,-0.0015544,0.00043715,0.0010891,0.0034326,0.00064049,-0.0012567,-0.0030453,-0.002054,-0.00040147,0.00070143,0.00062252,8.9892e-05,-0.0072998,1,-0.034716,0.00097542,0.0016249,0.0017952,0.0039296,-0.00062075,0.0015504,-0.00054099,0.0010181,-0.084536,-0.0012416,-0.003456
omega_b15,-0.0010518,-0.0033242,-0.0091098,-0.0033452,-0.0023497,0.0018616,-0.0014372,-0.00021592,-0.00029075,0.0024233,-0.0081524,0.012806,-0.0046516,0.0063503,1.9992e-05,-0.0020266,0.00069672,-0.0029357,-0.00065349,0.00055787,-0.0014409,-0.001132,-4.1076e-05,0.0010696,0.00082456,-0.00032753,0.0015652,-0.0012946,nan,-0.0013463,-0.00093616,-0.00042012,0.00031097,0.0012147,-0.0012139,-0.0021379,0.0043261,0.012955,-0.0026924,-0.0089212,0.0016004,0.00054744,-0.00072726,-0.0021726,-0.034716,1,-0.0018164,0.0083903,-0.0020766,-0.00087186,-0.00045033,0.00039154,-0.0019235,-0.00027153,-0.060344,-0.0012486,0.0012931
omega_b06,0.00045125,-0.012808,-0.01387,-0.0011798,-0.00095038,0.0025528,-0.00075131,0.00018411,0.0003387,0.0044854,0.0018198,0.0011924,0.046066,-0.024968,0.0021238,-0.0044356,0.0080877,-0.010532,-0.001554,-0.0031704,-0.0064633,0.0035901,0.00026651,0.010668,0.0091078,-0.03317,0.006087,-0.0037139,nan,0.0031618,-0.0087928,0.0046639,0.0020267,0.0084825,0.001826,0.010202,0.012185,-0.0078843,-0.00058135,0.0044231,0.0039335,0.00035235,-0.00175,0.0054811,0.00097542,-0.0018164,1,0.020962,0.0028212,-0.0047761,-0.00088081,-0.0020563,-0.002285,0.0017219,0.00087763,-0.1391,-0.0012807
omega_b16,0.0009659,0.00062865,-0.0027292,-0.023191,0.0021094,-0.0067559,0.0045542,-0.0049512,-0.00014108,0.0079809,0.0024682,0.00013448,-0.037126,0.11781,-0.00052058,0.0056964,-0.007775,0.0056914,0.001901,0.0012859,0.00324,-0.0021984,0.0054188,-0.0038004,-0.0030771,0.0073841,-0.0034278,0.0014954,nan,-0.0031509,0.0033413,-0.0022484,-0.00060687,-0.001852,0.0034736,0.0098102,0.0075513,0.023512,-0.0037052,0.0055965,-0.0011316,0.0050736,0.00057163,-0.0052884,0.0016249,0.0083903,0.020962,1,-0.0011888,-0.0066539,-0.0021858,0.001507,0.00048157,0.0033095,-0.00060026,-0.12907,0.00081227
omega_b07,0.0012057,-0.012186,-0.013174,0.0026384,0.00013351,-0.0009522,0.00037495,-0.00073114,0.00085235,-0.000361,0.00092438,0.0015143,0.0006522,-0.0022957,0.10612,-0.080037,0.0034488,-0.0024676,0.0013458,0.00088583,-0.00284,0.0024065,-0.0024744,0.0026597,0.0020529,-0.0018619,0.0033007,-0.0013131,nan,-0.00049831,-0.0024206,0.0010959,0.00052587,0.0070982,0.0013273,0.0087567,0.0087493,-0.0093833,0.0013353,-0.00068192,-0.00026496,0.00057097,-4.7128e-05,-0.0014595,0.0017952,-0.0020766,0.0028212,-0.0011888,1,-0.022286,0.00074807,-0.00069536,-0.00044354,0.00079771,-0.0009369,-0.0027318,-0.09156
omega_b17,-0.0013364,-0.0016394,-0.005675,9.1255e-06,0.0058949,-0.002712,0.0018579,-0.002244,-0.0013675,0.0090152,0.0014765,-0.0022505,-0.0023531,0.0055031,-0.030981,0.077629,0.013959,-0.014643,-0.006387,-0.018751,-0.011477,0.010774,-0.0072545,0.010294,0.007535,-0.0084397,0.016584,-0.010151,nan,0.0075416,-0.0096969,0.0044574,0.0023283,0.0322,0.0027853,0.0014762,0.012766,-0.0010107,-0.0070405,0.0073071,-0.0020523,-0.004299,-0.0036481,0.0079147,0.0039296,-0.00087186,-0.0047761,-0.0066539,-0.022286,1,-0.00087003,0.0011128,0.0007658,-0.0043344,0.00045684,0.0085571,-0.12039
b_1,-0.01753,-0.016457,0.024608,-0.073133,0.00057574,-0.0029867,-0.0031239,0.0057024,0.000565,-0.00056136,-0.0003934,0.00077081,0.001503,-0.00078977,-0.00080605,-0.00086419,-0.02977,0.025445,-0.0081179,0.0024842,0.052118,-0.02284,0.022507,-0.024157,-0.018273,0.0080159,-0.035363,0.025836,nan,0.0022363,0.022046,-0.0065643,-0.0060017,-0.0161,-0.16104,0.012095,-0.033585,0.042367,0.0017575,-0.00020518,0.0016691,0.00028561,5.1106e-05,-0.0048929,-0.00062075,-0.00045033,-0.00088081,-0.0021858,0.00074807,-0.00087003,1,0.0010494,0.0013089,-0.0020433,0.00074572,-0.0019188,0.00061023
a_2,-0.0014529,0.0088273,0.0078747,-4.2779e-06,0.00030536,-0.0077778,-0.00051145,0.001712,-7.8884e-05,0.0015738,0.001018,-0.0011539,-0.00047651,0.0013808,-0.001189,-0.0014694,-0.016944,0.012763,0.0038435,0.005049,0.014969,-0.02839,0.0081884,-0.0088235,-0.0065624,0.0024685,-0.013778,0.0079041,nan,-0.0014504,0.0081809,-0.0039033,-0.0016638,-0.010335,-0.00069579,-0.0065144,-0.010829,0.0031597,-0.08495,-0.012738,0.00046478,-0.001359,0.0011301,0.00095406,0.0015504,0.00039154,-0.0020563,0.001507,-0.00069536,0.0011128,0.0010494,1,6.9445e-05,0.00024268,-0.00061617,-0.00077701,-0.00046591
a_3,0.00061775,0.01147,0.016146,0.00048874,-0.00083068,-0.00056739,-0.0047079,0.0088403,-0.00030062,0.00096478,0.00025678,0.00032422,-0.00099268,0.00050904,-0.00013415,-0.00020346,-0.018024,0.010414,0.0030258,0.0082759,0.01324,-0.0064072,0.028,-0.007211,-0.0051722,-0.00084065,-0.012737,0.007278,nan,-0.011039,0.0068724,-0.0045937,-0.0014249,-0.0083676,0.00026584,-0.0090264,-0.014983,0.0042824,0.0018334,0.0013789,-0.075786,-0.043331,0.0010769,-0.0023006,-0.00054099,-0.0019235,-0.002285,0.00048157,-0.00044354,0.0007658,0.0013089,6.9445e-05,1,-0.0016386,4.3001e-05,0.001692,0.00037023
a_4,0.0018576,-0.007167,-0.0060089,-0.015797,-0.0022432,0.00048855,-0.0017528,-0.00026131,0.002562,-0.017412,0.0015134,-0.00054519,0.00086732,-0.00064898,0.00032173,-0.0010433,-0.00048269,0.00057152,8.6234e-05,0.00020923,0.00020399,0.0001953,0.00041641,-0.00029656,-0.00021061,1.1194e-05,-0.00045478,0.00014332,nan,0.00048863,0.0003043,-7.4625e-05,-6.3897e-05,-0.00086375,-0.0020408,0.015333,0.012344,0.006344,0.0035306,0.00037278,-0.0010294,0.0028557,-0.039763,-0.08206,0.0010181,-0.00027153,0.0017219,0.0033095,0.00079771,-0.0043344,-0.0020433,0.00024268,-0.0016386,1,0.0022201,-0.0029305,0.0021207
b_5,-0.0020749,0.0039334,0.0016301,-0.0058845,0.0023501,-0.0026693,0.00010272,-0.00047823,0.00011674,-0.0015553,-0.018318,0.016739,-0.001561,0.00066441,-0.00037278,0.00051394,-0.0005564,0.00098485,-0.00030657,-0.00049346,0.0016469,0.00020592,0.00023875,-0.0006408,-0.00048209,-0.00011265,-0.0010371,0.0007598,nan,0.00080762,0.00060225,0.0019743,-0.0001817,-0.00013143,-0.0027773,-0.0022211,-0.0017283,0.0050487,0.00092496,0.0023244,-0.0012794,-0.0003616,-0.0010423,0.00038877,-0.084536,-0.060344,0.00087763,-0.00060026,-0.0009369,0.00045684,0.00074572,-0.00061617,4.3001e-05,0.0022201,1,0.00044437,0.00061471
b_6,0.0012616,0.010412,0.01268,0.0058854,0.0015088,-0.0022476,-0.00073739,0.0013946,-0.0026263,0.0019109,-0.0010978,0.00033745,-0.01975,-0.016378,-0.002258,0.0038698,-0.0051657,0.0059509,0.001078,0.0024502,0.0030221,-0.0040663,-0.00069533,-0.0069899,-0.0060087,0.023161,-0.0036265,0.0025294,nan,-0.0023039,0.0057136,-0.0035075,-0.0012975,-0.0069441,0.0004982,-0.011329,-0.014113,-0.0020634,0.00028827,-0.0044912,-0.0040487,0.0012829,0.0012184,0.0039214,-0.0012416,-0.0012486,-0.1391,-0.12907,-0.0027318,0.0085571,-0.0019188,-0.00077701,0.001692,-0.0029305,0.00044437,1,-0.0024552
b_7,-0.0011577,0.0041478,0.0049983,-0.0057942,-0.0014562,0.0025661,0.0010818,-0.0038862,-0.00038619,-0.0013408,0.00011003,-0.0021358,0.000667,-0.0013802,-0.046212,0.028875,0.0072757,-0.0081545,-0.0072149,-0.0079563,-0.0061076,0.0052814,-0.0047775,0.0057761,0.0041918,-0.0018978,0.0098391,-0.0055436,nan,0.0043286,-0.0054467,0.0022238,0.0013089,0.012726,-0.0012852,-0.0012512,-0.0041588,0.010182,0.00053712,0.00012774,0.00011308,0.00065911,0.00092904,-0.0005765,-0.003456,0.0012931,-0.0012807,0.00081227,-0.09156,-0.12039,0.00061023,-0.00046591,0.00037023,0.0021207,0.00061471,-0.0024552,1
