b01_pop,1,-0.098981,0.12961,-0.043724,-0.0094256,0.012903,-0.0037056,0.0014507,-0.00055065,0.010601,0.0032961,-0.0013902,0.0014347,-0.00041142,-0.00083416,0.0069609,0.00056541,0.0051657,-0.00061258,3.4453e-06,0.0012046,0.017068,-1.2451e-05,-0.0065093,5.9325e-05,-1.2939e-05,0.15827,0.050112,-0.096784,0.022279,-0.00098573,0.0065614,-0.0056351,0.0036433,-0.0014905,0.0040004,0.0038831,7.0418e-05,-0.013114,0.00045387,0.001319,0.00082476,-0.0014726
b11_pop,-0.098981,1,0.60274,-0.25065,-0.0070906,0.023571,-0.0031,-0.0017105,-0.0015321,0.015794,-0.0014937,0.017345,-0.019657,0.015143,0.02019,-0.016692,0.0097459,0.0046693,0.006446,2.0224e-06,0.0034115,0.0058636,-3.7968e-05,0.0044804,-0.016044,-4.0238e-05,-0.033018,-0.39858,-0.45258,0.30605,-0.0077363,0.019927,0.0038438,-0.0048297,0.013221,0.032321,0.017298,-0.026279,0.076391,-0.0072198,0.010375,0.0094218,-0.023334
b21_pop,0.12961,0.60274,1,-0.25799,-0.025936,0.056024,-0.010667,0.0031932,-0.0031112,0.042327,0.0038331,0.014009,-0.010981,0.01096,0.0065104,-0.02131,0.034788,0.0017408,0.007303,2.9977e-05,-0.0056852,-0.024278,-8.6952e-06,0.004786,-0.0078015,1.2076e-05,0.045868,-0.2703,-0.72831,0.32395,-0.02286,0.024808,-0.010022,8.5467e-05,0.011571,0.051551,0.023535,-0.011205,0.13368,-0.0021623,0.016272,0.011584,-0.028525
a1_pop,-0.043724,-0.25065,-0.25799,1,0.048544,-0.033818,0.031744,-0.016499,0.00012366,-0.027213,-0.013059,0.00050731,0.0088802,0.0099062,0.0056899,0.00037888,0.0079217,0.0072038,-0.025614,-3.3919e-05,0.016763,-0.0078135,2.2763e-05,0.0070269,0.0052253,-2.7719e-05,-0.031821,-0.22498,0.00043042,-0.80985,0.0021652,0.014245,-0.010924,0.033545,-0.011238,-0.03401,-0.020233,0.0028842,-0.16432,-0.0053382,-0.0056897,0.029029,0.043014
b02_pop,-0.0094256,-0.0070906,-0.025936,0.048544,1,-0.24069,-0.0029882,0.0075003,-0.0025081,-0.0055357,0.0036134,-0.0032342,0.024589,0.067868,-0.014853,-0.0032708,-0.04605,0.064354,-0.040357,-0.00012867,0.056101,0.029451,1.7193e-05,-0.01472,-0.027516,-0.0001644,-0.0016156,-0.027069,0.01155,-0.04707,-0.017856,-0.0077603,-0.0029836,0.0057469,-0.00046473,0.011289,0.0021452,-0.0057396,-0.007982,0.0067833,-0.0038639,0.0036248,0.00060911
b12_pop,0.012903,0.023571,0.056024,-0.033818,-0.24069,1,-0.00020285,0.0076116,0.00062917,0.0086652,0.0019411,0.01331,0.05398,-0.036994,0.0026101,0.0030828,-0.00025187,0.0022009,-0.0059556,2.3609e-05,-0.013956,0.0044292,2.1848e-06,-0.0048237,0.011584,3.4936e-05,-0.0016231,0.011455,-0.052063,0.037841,-0.012673,0.062323,0.0014161,0.0021142,-0.00019377,-0.022427,0.0077397,0.0023006,0.0087268,-0.011631,0.0032106,0.00067739,-0.0056789
b03_pop,-0.0037056,-0.0031,-0.010667,0.031744,-0.0029882,-0.00020285,1,-0.14104,-0.0008147,-0.00047843,-0.00060731,0.0013628,-0.004161,-0.0364,0.0018653,0.014842,0.014334,-0.027391,0.019695,5.8527e-05,-0.027804,-0.012711,9.1027e-08,0.0068202,0.014313,8.2482e-05,-0.0034022,-0.0090201,0.0019386,-0.031558,0.0052503,-0.0022574,-0.013389,0.0051341,-0.0014127,0.0070914,0.0016995,0.003584,-0.0062723,-0.0013445,0.0073991,-0.0038826,-0.00015123
b13_pop,0.0014507,-0.0017105,0.0031932,-0.016499,0.0075003,0.0076116,-0.14104,1,0.0022697,-0.0061876,-0.0014397,-0.0034631,-0.02666,0.10758,0.038872,-0.046332,-0.030633,0.077638,-0.075364,-0.00020561,0.10018,0.035865,-2.3901e-05,0.0036394,-0.051526,-0.00031198,0.00081674,-0.0060188,0.0053849,0.017231,-0.01627,0.0091295,0.025053,-0.0058215,0.0033664,-0.0027596,-0.0021412,-0.0047876,0.0026151,0.0021248,-0.010707,0.0009828,0.0013563
b04_pop,-0.00055065,-0.0015321,-0.0031112,0.00012366,-0.0025081,0.00062917,-0.0008147,0.0022697,1,-0.10929,-0.00038014,-0.0021075,-0.0016066,-0.0040501,-0.0011749,-0.00088234,0.0014267,-0.0042874,0.0041517,8.0696e-06,-0.0047839,-0.00056921,1.9848e-05,-0.00037867,0.011137,2.8839e-05,-0.0022316,0.00039939,0.0031595,0.00073667,0.0036193,-0.0038822,0.0034359,-0.00050094,0.0003537,0.0081712,-0.0019752,-0.00039648,0.0020954,-0.00088125,-0.0012502,-0.0084188,-0.00068425
b14_pop,0.010601,0.015794,0.042327,-0.027213,-0.0055357,0.0086652,-0.00047843,-0.0061876,-0.10929,1,-0.00087584,0.00022061,0.0044139,-0.0089278,-0.021905,0.022559,0.018492,-0.0046776,0.0052371,3.0802e-05,-0.013916,-0.0074698,0.00011562,-0.014481,0.05723,0.00013029,0.011666,-0.018049,-0.041254,0.033477,-0.013675,0.0099014,-0.0072969,0.0068075,0.0060761,-0.056088,0.0068034,0.0041856,0.0034699,0.0045755,0.0040438,0.033176,0.0040212
b05_pop,0.0032961,-0.0014937,0.0038331,-0.013059,0.0036134,0.0019411,-0.00060731,-0.0014397,-0.00038014,-0.00087584,1,-0.14189,0.0019427,-0.0088162,-0.0007665,0.0028101,1.9144e-05,-0.0021033,0.002361,1.0424e-05,-0.0046962,0.002614,-2.5654e-06,-0.0024851,0.0023842,1.1256e-05,0.0096413,0.0047616,-0.0073682,0.011014,0.0027332,0.010501,0.0036253,-0.0022074,0.00044152,0.0059749,0.049504,-0.011722,0.0058711,-0.0014467,0.0022528,6.1303e-05,-0.017136
b15_pop,-0.0013902,0.017345,0.014009,0.00050731,-0.0032342,0.01331,0.0013628,-0.0034631,-0.0021075,0.00022061,-0.14189,1,-0.024516,0.025537,-0.0031983,-0.0022983,0.0039242,0.011102,-0.0032007,-1.9673e-05,0.013872,-0.00030931,7.7944e-07,-0.0019899,-0.0095757,-3.737e-05,-0.0040168,-0.017057,-0.0062642,0.010934,-0.011487,-0.01026,-0.0049815,-0.0079534,-0.0017603,-0.0014815,-0.0084049,0.012855,-0.0043351,0.0019933,0.00077216,-0.00044584,0.0048822
p1_pop,0.0014347,-0.019657,-0.010981,0.0088802,0.024589,0.05398,-0.004161,-0.02666,-0.0016066,0.0044139,0.0019427,-0.024516,1,0.0027856,-0.024483,-0.01343,-0.37932,0.37729,-0.55454,-0.00079983,0.21812,0.18777,-3.7923e-05,-0.074119,-0.065421,-0.00087965,0.0057234,-0.015831,0.0055249,-0.019232,-0.041562,0.019763,0.0024691,0.00016345,0.0013138,-0.0045091,0.0010582,-0.010719,-0.011756,0.0034154,-0.0061449,-0.00088551,-0.00074574
g1_pop,-0.00041142,0.015143,0.01096,0.0099062,0.067868,-0.036994,-0.0364,0.10758,-0.0040501,-0.0089278,-0.0088162,0.025537,0.0027856,1,-0.13901,-0.1135,-0.3131,0.75697,-0.55222,-0.0015717,0.74357,0.25874,0.00020054,-0.11475,-0.34331,-0.0021232,0.0059381,0.027979,-0.018977,-0.036496,-0.093595,0.097383,-0.0068078,0.069956,0.0040268,0.0007556,-0.0075355,0.004232,-0.019744,0.007834,-0.0079298,-0.0048408,-0.0012603
p2_pop,-0.00083416,0.02019,0.0065104,0.0056899,-0.014853,0.0026101,0.0018653,0.038872,-0.0011749,-0.021905,-0.0007665,-0.0031983,-0.024483,-0.13901,1,-0.26549,0.12098,-0.21436,-0.036803,-7.6709e-05,-0.050633,-0.11336,-0.00046768,0.37444,-0.031032,-0.00030038,-0.00011108,0.023705,-0.0052791,0.0043565,0.023567,-0.023185,0.00011364,0.0057527,5.0339e-05,-0.0026193,0.0012957,0.002027,-0.006135,-0.0024175,-0.0036603,0.00082025,-0.00045344
g2_pop,0.0069609,-0.016692,-0.02131,0.00037888,-0.0032708,0.0030828,0.014842,-0.046332,-0.00088234,0.022559,0.0028101,-0.0022983,-0.01343,-0.1135,-0.26549,1,-0.0066934,-0.02599,0.21695,0.00064112,-0.19947,0.20269,-1.1454e-05,-0.61484,0.1968,0.00072742,0.0049357,-0.025239,0.015275,-0.0037729,0.0045504,-0.0051636,-0.0014076,-0.0084468,-0.0018015,0.0014895,0.0004165,-0.0053427,-5.8503e-05,1.6654e-05,0.009202,0.0019794,0.0017019
alpha11_pop,0.00056541,0.0097459,0.034788,0.0079217,-0.04605,-0.00025187,0.014334,-0.030633,0.0014267,0.018492,1.9144e-05,0.0039242,-0.37932,-0.3131,0.12098,-0.0066934,1,-0.52701,0.30562,0.0014216,-0.47282,-0.42184,-0.00015239,0.15887,0.26648,0.0014828,-0.021904,-0.042032,-0.031091,0.043719,0.062592,-0.049145,-0.00051892,-0.017069,-0.00021978,-0.0041202,0.0057278,0.020374,0.045218,-0.010244,0.0033926,0.0062563,-0.0049173
alpha12_pop,0.0051657,0.0046693,0.0017408,0.0072038,0.064354,0.0022009,-0.027391,0.077638,-0.0042874,-0.0046776,-0.0021033,0.011102,0.37729,0.75697,-0.21436,-0.02599,-0.52701,1,-0.58994,-0.0016054,0.75355,0.40489,0.0003616,-0.27464,-0.3303,-0.0021478,0.012733,0.011942,-0.01311,-0.038487,-0.11353,0.11203,-0.0014994,0.049335,0.0041113,0.0011606,-0.0043779,-0.0062539,-0.025192,0.0091147,-0.0042965,-0.0062994,-0.0020423
alpha13_pop,-0.00061258,0.006446,0.007303,-0.025614,-0.040357,-0.0059556,0.019695,-0.075364,0.0041517,0.0052371,0.002361,-0.0032007,-0.55454,-0.55222,-0.036803,0.21695,0.30562,-0.58994,1,0.0018498,-0.79933,-0.1808,9.2472e-05,-0.082888,0.31312,0.0024223,-0.0073994,-0.0097837,0.0036916,0.039156,0.070548,-0.060649,-0.0016028,-0.062813,-0.0038509,0.0089313,0.00041087,-0.00049888,0.024027,-0.0044931,0.018742,0.002679,0.0045477
alpha14_pop,3.4452e-06,2.0224e-06,2.9977e-05,-3.3919e-05,-0.00012867,2.3609e-05,5.8527e-05,-0.00020561,8.0696e-06,3.0802e-05,1.0424e-05,-1.9673e-05,-0.00079983,-0.0015717,-7.6709e-05,0.00064112,0.0014216,-0.0016054,0.0018498,1,-0.0020688,-0.00055355,-0.11708,-0.00036334,0.00079691,-0.076306,-2.9801e-05,-8.0707e-05,-1.104e-05,0.00010531,0.00019523,-0.00017686,3.0564e-06,-0.00013226,-8.2597e-06,8.3543e-06,1.216e-05,1.0428e-05,8.2872e-05,-1.9378e-05,3.3839e-05,1.2244e-05,2.5056e-06
alpha15_pop,0.0012046,0.0034115,-0.0056852,0.016763,0.056101,-0.013956,-0.027804,0.10018,-0.0047839,-0.013916,-0.0046962,0.013872,0.21812,0.74357,-0.050633,-0.19947,-0.47282,0.75355,-0.79933,-0.0020688,1,0.28721,9.7975e-05,-0.005368,-0.43673,-0.0027539,0.011315,0.028006,-0.0050119,-0.044638,-0.091461,0.088079,-0.0032612,0.064518,0.0039053,-0.0045404,-0.0057627,-0.0021699,-0.028887,0.0078789,-0.011277,-0.0056676,-0.0025175
alpha21_pop,0.017068,0.0058636,-0.024278,-0.0078135,0.029451,0.0044292,-0.012711,0.035865,-0.00056921,-0.0074698,0.002614,-0.00030931,0.18777,0.25874,-0.11336,0.20269,-0.42184,0.40489,-0.1808,-0.00055355,0.28721,1,-0.00059533,-0.36065,-0.12031,-0.0013356,0.02351,0.014266,0.0050276,-0.041697,-0.048906,0.042515,-0.00028368,0.023777,0.00063007,0.0021534,-0.0035759,-0.012667,-0.02076,0.0057291,0.0013144,-0.0027668,0.0037497
alpha22_pop,-1.245e-05,-3.7968e-05,-8.6952e-06,2.2763e-05,1.7193e-05,2.1848e-06,9.1023e-08,-2.3901e-05,1.9848e-05,0.00011562,-2.5653e-06,7.7947e-07,-3.7923e-05,0.00020054,-0.00046768,-1.1454e-05,-0.00015239,0.0003616,9.2472e-05,-0.11708,9.7975e-05,-0.00059533,1,7.9636e-05,0.0017332,0.45167,-7.4173e-06,-2.2237e-05,7.8812e-06,-7.2248e-07,-3.5965e-05,4.0799e-05,-4.3057e-06,-6.9441e-06,5.5236e-06,-9.9785e-07,-2.4342e-06,5.5661e-06,-7.8306e-06,3.1924e-06,1.2768e-06,1.4719e-05,1.2965e-06
alpha23_pop,-0.0065093,0.0044804,0.004786,0.0070269,-0.01472,-0.0048237,0.0068202,0.0036394,-0.00037867,-0.014481,-0.0024851,-0.0019899,-0.074119,-0.11475,0.37444,-0.61484,0.15887,-0.27464,-0.082888,-0.00036334,-0.005368,-0.36065,7.9636e-05,1,-0.076891,-0.00019433,-0.0073297,0.014139,0.0011698,0.009889,0.030993,-0.029851,0.0038022,-0.013793,0.00025938,-0.0026045,0.0010757,0.0095744,0.0034341,-0.0030533,-0.012963,-0.00029634,-0.00096055
alpha24_pop,5.9325e-05,-0.016044,-0.0078015,0.0052253,-0.027516,0.011584,0.014313,-0.051526,0.011137,0.05723,0.0023842,-0.0095757,-0.065421,-0.34331,-0.031032,0.1968,0.26648,-0.3303,0.31312,0.00079691,-0.43673,-0.12031,0.0017332,-0.076891,1,0.0025554,-0.0044857,-0.025769,0.0055283,0.013372,0.039865,-0.039996,-0.00045312,-0.023008,0.00034578,-0.0018649,0.0025607,0.0032605,0.011103,-0.0037623,0.0046342,0.011201,0.0018677
alpha25_pop,-1.294e-05,-4.0238e-05,1.2076e-05,-2.7718e-05,-0.0001644,3.4936e-05,8.2482e-05,-0.00031198,2.8839e-05,0.00013029,1.1256e-05,-3.737e-05,-0.00087965,-0.0021232,-0.00030038,0.00072742,0.0014828,-0.0021478,0.0024223,-0.076306,-0.0027539,-0.0013356,0.45167,-0.00019433,0.0025554,1,-4.265e-05,-0.00010576,1.843e-05,0.00013408,0.0002608,-0.00024629,2.031e-06,-0.00018726,-7.9916e-06,8.4589e-06,1.4255e-05,1.2893e-05,8.8531e-05,-2.2676e-05,3.8898e-05,2.9501e-05,7.4223e-06
omega_b01,0.15827,-0.033018,0.045868,-0.031821,-0.0016156,-0.0016231,-0.0034022,0.00081674,-0.0022316,0.011666,0.0096413,-0.0040168,0.0057234,0.0059381,-0.00011108,0.0049357,-0.021904,0.012733,-0.0073994,-2.9801e-05,0.011315,0.02351,-7.4173e-06,-0.0073297,-0.0044857,-4.265e-05,1,0.025179,-0.032806,0.0081803,0.0017967,0.0093321,0.0031854,0.0027327,0.0014519,-0.003715,0.004385,-0.0021151,-0.093822,-0.0021397,-0.004603,0.0014684,-0.0001605
omega_b11,0.050112,-0.39858,-0.2703,-0.22498,-0.027069,0.011455,-0.0090201,-0.0060188,0.00039939,-0.018049,0.0047616,-0.017057,-0.015831,0.027979,0.023705,-0.025239,-0.042032,0.011942,-0.0097837,-8.0707e-05,0.028006,0.014266,-2.2237e-05,0.014139,-0.025769,-0.00010576,0.025179,1,0.33321,0.024606,0.0040068,-0.013929,0.0084772,-0.012778,-0.0051612,-0.026955,-0.010078,0.016658,-0.032143,0.011384,-0.0022282,-0.015724,0.0089482
omega_b21,-0.096784,-0.45258,-0.72831,0.00043042,0.01155,-0.052063,0.0019386,0.0053849,0.0031595,-0.041254,-0.0073682,-0.0062642,0.0055249,-0.018977,-0.0052791,0.015275,-0.031091,-0.01311,0.0036916,-1.104e-05,-0.0050119,0.0050276,7.8811e-06,0.0011698,0.0055283,1.843e-05,-0.032806,0.33321,1,-0.12749,0.030721,-0.03196,0.017766,-0.01279,-0.011353,-0.042431,-0.016242,0.00044148,-0.10493,0.0058386,-0.01303,-0.013525,0.025111
omega_a1,0.022279,0.30605,0.32395,-0.80985,-0.04707,0.037841,-0.031558,0.017231,0.00073667,0.033477,0.011014,0.010934,-0.019232,-0.036496,0.0043565,-0.0037729,0.043719,-0.038487,0.039156,0.00010531,-0.044638,-0.041697,-7.2254e-07,0.009889,0.013372,0.00013409,0.0081803,0.024606,-0.12749,1,-0.0055367,-0.013265,0.0077703,-0.032249,0.0080324,0.042614,0.027748,0.00033381,0.15283,0.0032557,0.0039394,-0.027112,-0.053228
omega_b02,-0.00098573,-0.0077363,-0.02286,0.0021652,-0.017856,-0.012673,0.0052503,-0.01627,0.0036193,-0.013675,0.0027332,-0.011487,-0.041562,-0.093595,0.023567,0.0045504,0.062592,-0.11353,0.070548,0.00019523,-0.091461,-0.048906,-3.5965e-05,0.030993,0.039865,0.0002608,0.0017967,0.0040068,0.030721,-0.0055367,1,-0.090516,-0.0024321,-0.0059948,-0.0092293,0.023371,-0.0016991,-0.0072089,0.0026839,-0.096552,0.0010681,0.006967,0.0041165
omega_b12,0.0065614,0.019927,0.024808,0.014245,-0.0077603,0.062323,-0.0022574,0.0091295,-0.0038822,0.0099014,0.010501,-0.01026,0.019763,0.097383,-0.023185,-0.0051636,-0.049145,0.11203,-0.060649,-0.00017686,0.088079,0.042515,4.0799e-05,-0.029851,-0.039996,-0.00024629,0.0093321,-0.013929,-0.03196,-0.013265,-0.090516,1,0.01067,0.018734,0.0064618,0.00637,0.00025742,0.0076641,-0.0032909,-0.055451,-0.0071104,0.0057386,-0.0021773
omega_b03,-0.0056351,0.0038438,-0.010022,-0.010924,-0.0029836,0.0014161,-0.013389,0.025053,0.0034359,-0.0072969,0.0036253,-0.0049815,0.0024691,-0.0068078,0.00011364,-0.0014076,-0.00051892,-0.0014994,-0.0016028,3.0564e-06,-0.0032612,-0.00028368,-4.3057e-06,0.0038022,-0.00045312,2.031e-06,0.0031854,0.0084772,0.017766,0.0077703,-0.0024321,0.01067,1,-0.046117,-0.0022831,-0.014714,-0.0047062,-0.011859,-0.00039069,-0.0039836,-0.076651,-0.0024032,0.0028212
omega_b13,0.0036433,-0.0048297,8.5467e-05,0.033545,0.0057469,0.0021142,0.0051341,-0.0058215,-0.00050094,0.0068075,-0.0022074,-0.0079534,0.00016345,0.069956,0.0057527,-0.0084468,-0.017069,0.049335,-0.062813,-0.00013226,0.064518,0.023777,-6.9441e-06,-0.013793,-0.023008,-0.00018726,0.0027327,-0.012778,-0.01279,-0.032249,-0.0059948,0.018734,-0.046117,1,-0.0030682,0.0036749,0.00020046,0.0044735,-0.0081694,-0.0005621,-0.037685,0.0076063,-0.00087789
omega_b04,-0.0014905,0.013221,0.011571,-0.011238,-0.00046473,-0.00019377,-0.0014127,0.0033664,0.0003537,0.0060761,0.00044152,-0.0017603,0.0013138,0.0040268,5.0339e-05,-0.0018015,-0.00021978,0.0041113,-0.0038509,-8.2597e-06,0.0039053,0.00063007,5.5236e-06,0.00025938,0.00034578,-7.9916e-06,0.0014519,-0.0051612,-0.011353,0.0080324,-0.0092293,0.0064618,-0.0022831,-0.0030682,1,-0.023658,0.0010671,-0.0010273,0.0011455,0.0025617,-0.00078635,-0.039628,-0.0011723
omega_b14,0.0040004,0.032321,0.051551,-0.03401,0.011289,-0.022427,0.0070914,-0.0027596,0.0081712,-0.056088,0.0059749,-0.0014815,-0.0045091,0.0007556,-0.0026193,0.0014895,-0.0041202,0.0011606,0.0089313,8.3543e-06,-0.0045404,0.0021534,-9.9785e-07,-0.0026045,-0.0018649,8.4589e-06,-0.003715,-0.026955,-0.042431,0.042614,0.023371,0.00637,-0.014714,0.0036749,-0.023658,1,0.014165,0.010725,0.0093477,-0.0043559,0.0050978,-0.097545,-0.0011554
omega_b05,0.0038831,0.017298,0.023535,-0.020233,0.0021452,0.0077397,0.0016995,-0.0021412,-0.0019752,0.0068034,0.049504,-0.0084049,0.0010582,-0.0075355,0.0012957,0.0004165,0.0057278,-0.0043779,0.00041087,1.216e-05,-0.0057627,-0.0035759,-2.4342e-06,0.0010757,0.0025607,1.4255e-05,0.004385,-0.010078,-0.016242,0.027748,-0.0016991,0.00025742,-0.0047062,0.00020046,0.0010671,0.014165,1,-0.028802,0.0049299,0.0014268,0.0037062,-0.0014252,-0.1299
omega_b15,7.0418e-05,-0.026279,-0.011205,0.0028842,-0.0057396,0.0023006,0.003584,-0.0047876,-0.00039648,0.0041856,-0.011722,0.012855,-0.010719,0.004232,0.002027,-0.0053427,0.020374,-0.0062539,-0.00049888,1.0428e-05,-0.0021699,-0.012667,5.5661e-06,0.0095744,0.0032605,1.2893e-05,-0.0021151,0.016658,0.00044148,0.00033381,-0.0072089,0.0076641,-0.011859,0.0044735,-0.0010273,0.010725,-0.028802,1,-0.00020349,0.0021452,0.00070231,-0.0034913,-0.054994
b_1,-0.013114,0.076391,0.13368,-0.16432,-0.007982,0.0087268,-0.0062723,0.0026151,0.0020954,0.0034699,0.0058711,-0.0043351,-0.011756,-0.019744,-0.006135,-5.8503e-05,0.045218,-0.025192,0.024027,8.2872e-05,-0.028887,-0.02076,-7.8306e-06,0.0034341,0.011103,8.8531e-05,-0.093822,-0.032143,-0.10493,0.15283,0.0026839,-0.0032909,-0.00039069,-0.0081694,0.0011455,0.0093477,0.0049299,-0.00020349,1,-0.0037949,0.0015848,-0.0040621,-0.018171
a_2,0.00045387,-0.0072198,-0.0021623,-0.0053382,0.0067833,-0.011631,-0.0013445,0.0021248,-0.00088125,0.0045755,-0.0014467,0.0019933,0.0034154,0.007834,-0.0024175,1.6654e-05,-0.010244,0.0091147,-0.0044931,-1.9378e-05,0.0078789,0.0057291,3.1924e-06,-0.0030533,-0.0037623,-2.2676e-05,-0.0021397,0.011384,0.0058386,0.0032557,-0.096552,-0.055451,-0.0039836,-0.0005621,0.0025617,-0.0043559,0.0014268,0.0021452,-0.0037949,1,-0.00031169,-0.0020574,-0.0019212
a_3,0.001319,0.010375,0.016272,-0.0056897,-0.0038639,0.0032106,0.0073991,-0.010707,-0.0012502,0.0040438,0.0022528,0.00077216,-0.0061449,-0.0079298,-0.0036603,0.009202,0.0033926,-0.0042965,0.018742,3.3839e-05,-0.011277,0.0013144,1.2768e-06,-0.012963,0.0046342,3.8898e-05,-0.004603,-0.0022282,-0.01303,0.0039394,0.0010681,-0.0071104,-0.076651,-0.037685,-0.00078635,0.0050978,0.0037062,0.00070231,0.0015848,-0.00031169,1,0.0024414,-0.0026406
a_4,0.00082476,0.0094218,0.011584,0.029029,0.0036248,0.00067739,-0.0038826,0.0009828,-0.0084188,0.033176,6.1303e-05,-0.00044584,-0.00088551,-0.0048408,0.00082025,0.0019794,0.0062563,-0.0062994,0.002679,1.2244e-05,-0.0056676,-0.0027668,1.4719e-05,-0.00029634,0.011201,2.9501e-05,0.0014684,-0.015724,-0.013525,-0.027112,0.006967,0.0057386,-0.0024032,0.0076063,-0.039628,-0.097545,-0.0014252,-0.0034913,-0.0040621,-0.0020574,0.0024414,1,0.00031695
b_5,-0.0014726,-0.023334,-0.028525,0.043014,0.00060911,-0.0056789,-0.00015123,0.0013563,-0.00068425,0.0040212,-0.017136,0.0048822,-0.00074574,-0.0012603,-0.00045344,0.0017019,-0.0049173,-0.0020423,0.0045477,2.5056e-06,-0.0025175,0.0037497,1.2965e-06,-0.00096055,0.0018677,7.4222e-06,-0.0001605,0.0089482,0.025111,-0.053228,0.0041165,-0.0021773,0.0028212,-0.00087789,-0.0011723,-0.0011554,-0.1299,-0.054994,-0.018171,-0.0019212,-0.0026406,0.00031695,1
