b01_pop,1,-0.12314,0.099467,-0.049889,0.002281,-0.0039152,0.00066076,-0.00045839,-0.00034016,0.0030528,-0.0002037,-0.00027987,-0.0011625,-0.00099373,0.0016144,-0.01184,-0.0017444,0.0030133,0.00043834,0.0024317,-0.0034957,0.0011178,-0.00088521,0.00038959,0.0019345,-0.00017599,-0.00022954,-0.0016514,4.224e-05,0.0024867,0.20689,0.061659,-0.035098,-0.025008,-0.0028802,0.002139,-0.0011438,0.00073576,-0.0011156,-0.00065844,-0.0017398,-0.0028963,0.00035985,0.0018023,nan,0.00021676,0.0018135,-0.00029712,-0.00030157,-0.0034344
b11_pop,-0.12314,1,0.59244,0.11749,0.0024384,0.0057189,-0.0013044,-0.0057416,-0.0055556,0.0067569,0.0013288,-0.0089416,-6.3281e-05,-0.0025398,-0.027697,0.026498,0.016192,-0.0079841,0.0030646,-0.022995,0.011368,0.019459,-0.0040797,0.0068875,0.036629,-0.0031005,0.0060262,0.0088923,0.00078349,0.0083608,-0.059517,-0.50167,-0.40525,0.15114,-0.00055356,0.013739,0.0048951,0.0055282,-0.0047316,0.0092678,-0.0094303,-0.022134,-0.0027425,-0.0020218,nan,0.0034923,-0.0055719,1.5057e-05,0.0088896,0.026484
b21_pop,0.099467,0.59244,1,0.098515,0.0002305,0.0068753,-0.00014987,-0.0074245,-0.007519,0.01205,-0.00081149,-0.007338,-0.00031981,-0.0048406,0.0010068,0.017251,7.5211e-05,-0.012053,-0.029639,-0.018376,0.0024272,0.017009,-0.010492,0.0060123,0.031891,-0.0027117,-0.00086992,0.011512,0.00068334,0.014568,0.063284,-0.3748,-0.61485,0.094262,-0.0049461,0.016622,0.0040637,0.011266,-0.008512,0.0089353,-0.016397,-0.023617,-0.0025905,0.0054039,nan,0.0049313,-0.0041581,0.00024637,0.00946,0.014819
a1_pop,-0.049889,0.11749,0.098515,1,0.0018043,0.0053619,-0.005005,0.0004432,-0.0027747,0.0056795,0.0033059,-0.015272,0.0033987,-0.0084831,-0.010303,-0.0046207,-0.021387,0.0092007,0.0029293,-0.025596,0.018204,0.050102,-0.02565,0.017701,0.092693,-0.0079714,-0.0099131,0.015125,0.0020022,0.015512,-0.063849,-0.44923,-0.41324,-0.45415,-0.0074656,0.024746,0.00062041,-0.002719,-0.0035493,0.019287,-0.00088495,-0.014215,0.010755,-0.01358,nan,0.0020837,-0.0065848,-0.0088265,0.0061926,0.01768
b02_pop,0.002281,0.0024384,0.0002305,0.0018043,1,-0.2521,-0.0011811,0.0029563,-0.00054024,0.0008258,0.00037988,-0.00058526,0.00025717,0.0033997,0.011427,0.031794,-0.00023949,-0.00057624,0.00064167,0.010609,0.0052109,5.4397e-05,0.00045574,3.6119e-05,-0.00033405,-7.2861e-06,-0.0024071,0.00072435,-1.6185e-07,0.0039214,0.0032121,-0.004815,-0.0071864,0.0054696,0.026831,-0.019437,0.0014878,0.0012581,-0.00017025,-0.0019594,-0.0017581,-0.00073364,0.0025015,-0.0023339,nan,-0.0017199,0.00073272,0.00020079,0.0033309,0.00319
b12_pop,-0.0039152,0.0057189,0.0068753,0.0053619,-0.2521,1,0.0004737,-0.0013852,0.00017278,-0.0018208,-0.00054583,0.008769,-0.0012932,-0.0062559,0.053293,-0.063167,0.002949,-0.0048835,-0.0097139,0.043764,-0.023668,-0.005864,0.0072902,-0.0020991,-0.012811,0.00093616,0.0061363,-0.0024962,-0.00023426,-8.5852e-05,-0.0028775,-0.0033653,-0.0047434,-0.00090743,-0.035955,0.056483,-0.0015557,-0.0023542,0.0013097,0.0037779,0.0035766,0.0025545,-0.0040592,-0.00086174,nan,-0.0096719,-0.0018436,0.00074929,-0.0035283,-0.0020097
b03_pop,0.00066076,-0.0013044,-0.00014987,-0.005005,-0.0011811,0.0004737,1,-0.16225,-0.00033546,-0.00023139,0.0002824,-0.00056962,0.0015778,-0.0024233,-0.0022419,-0.017686,-0.007311,0.022852,0.0019669,0.0018326,0.0020577,-0.00069242,-0.0019174,-0.0002543,-0.0013846,0.00011551,-0.014434,-0.00091931,-3.3689e-05,0.0034503,0.0016855,0.0051105,0.0018999,-0.0025083,-0.0035954,-0.00032281,-0.012575,0.020142,-0.00068287,0.00035126,0.0014733,-0.00035255,0.00048793,0.00011569,nan,-1.917e-05,-9.7025e-05,0.0021101,-0.0013152,-0.0026166
b13_pop,-0.00045839,-0.0057416,-0.0074245,0.0004432,0.0029563,-0.0013852,-0.16225,1,-0.00050089,0.0063183,-0.00063051,-0.0052129,-0.00085036,0.005511,-0.031225,0.036757,0.059155,-0.041428,-0.0038822,-0.0095531,0.017317,0.007544,-0.0024678,0.0026978,0.014358,-0.0012148,0.044824,-0.0021065,0.00031791,-0.0085165,0.0010083,-0.011934,0.007813,0.0047454,0.0029226,-0.00086271,-0.0037191,-0.043323,0.00072305,0.0010754,-0.00016789,-0.0015361,0.00036844,-0.0012541,nan,-0.00072656,0.0096573,-0.00098611,-0.00010901,0.00284
b04_pop,-0.00034016,-0.0055556,-0.007519,-0.0027747,-0.00054024,0.00017278,-0.00033546,-0.00050089,1,-0.11517,-0.00025971,-8.5566e-05,0.00086714,0.00022616,0.00090608,-0.00064531,-0.001832,-0.0072303,-0.0016343,0.00017769,-0.0010805,-0.00036084,0.00059907,-0.0001251,-0.00076703,5.8223e-05,0.0011123,-0.0052683,-1.6289e-05,-0.00092439,-0.00076383,0.0033523,0.0070865,0.0023607,0.0022348,-0.0013921,-0.00084532,-0.00064377,0.0037677,-0.018969,-0.0012464,0.00068236,0.00044351,-0.0014382,nan,-0.00030727,-0.00033897,0.0010865,-9.1336e-05,0.00075754
b14_pop,0.0030528,0.0067569,0.01205,0.0056795,0.0008258,-0.0018208,-0.00023139,0.0063183,-0.11517,1,-0.0010433,0.0018373,1.222e-05,-0.0045401,-0.0058235,0.0036015,-0.031151,0.015644,0.012441,-0.003642,0.007852,-0.0010312,-0.0056976,-0.00037737,-0.0019598,0.00016356,-0.017783,0.075976,-2.5077e-05,0.0036257,0.0010249,0.0021485,-0.018206,-0.012496,-0.0044521,-0.001634,0.00070767,0.0098734,-0.00617,0.10724,-0.0037314,0.00044867,0.0015535,0.0069714,nan,-0.00011613,0.00035802,-0.013622,0.0027664,-0.0028582
b05_pop,-0.0002037,0.0013288,-0.00081149,0.0033059,0.00037988,-0.00054583,0.0002824,-0.00063051,-0.00025971,-0.0010433,1,-0.16487,0.00021605,-0.0033204,-0.0035747,-0.015672,0.00039236,0.00036697,-0.00053117,0.0045179,-0.0091488,-0.00087248,0.010408,-0.00031045,-0.0018155,0.00013847,0.0028024,0.000991,-3.1674e-05,-0.0036435,0.00067854,-0.0045911,-0.00048124,0.0012232,0.0010308,-0.00033332,0.0024352,0.0010846,-0.00036726,-0.0018729,0.059988,-0.020277,-0.00016358,-0.0028907,nan,-0.0013761,0.00034597,0.000266,-0.022301,0.001759
b15_pop,-0.00027987,-0.0089416,-0.007338,-0.015272,-0.00058526,0.008769,-0.00056962,-0.0052129,-8.5566e-05,0.0018373,-0.16487,1,-0.00087183,0.002417,-0.039999,0.048753,6.441e-05,0.001211,0.011876,-0.0038379,-0.0027956,-0.0034932,0.032042,-0.0012132,-0.0060528,0.00055794,-0.0034061,-0.0017845,-0.00013778,0.0013973,-0.0022707,0.01324,0.014985,0.0049608,0.0017427,-0.0088903,-0.0056741,-0.0021561,2.1287e-05,0.008384,-0.021986,0.061103,-0.00039997,0.0016862,nan,0.0013354,4.5337e-05,0.00192,-0.0062564,-0.0017283
b06_pop,-0.0011625,-6.3281e-05,-0.00031981,0.0033987,0.00025717,-0.0012932,0.0015778,-0.00085036,0.00086714,1.222e-05,0.00021605,-0.00087183,1,-0.16064,-0.00016601,0.0011983,-4.4286e-05,-0.0036379,-0.0011726,-0.00063268,-0.0028508,0.0014283,0.0021086,0.00052539,0.0026213,-0.00023034,0.0037403,0.00068701,6.105e-05,-0.010707,0.00058314,-0.00013822,-0.0050311,0.0024393,0.0029754,-0.00078078,0.00016335,-0.0027791,-6.9966e-05,-0.0055024,-0.00012158,0.00073451,0.068836,-0.015958,nan,-0.0013745,0.00086209,-0.00024681,-0.0018448,-0.041666
b16_pop,-0.00099373,-0.0025398,-0.0048406,-0.0084831,0.0033997,-0.0062559,-0.0024233,0.005511,0.00022616,-0.0045401,-0.0033204,0.002417,-0.16064,1,-0.0010262,-0.00052273,-0.021283,-0.0010302,0.0051917,0.0036658,0.0096216,-0.0039649,-0.0058997,-0.0013556,-0.0074091,0.00066657,-0.024088,-0.0013873,-0.00020265,0.049412,-0.0013556,0.005526,0.011194,0.003048,-0.0057028,-0.00043538,3.8349e-05,0.0065035,-3.1965e-05,0.0053462,-0.0013757,0.00062152,-0.022925,0.030893,nan,0.0014103,0.00068869,-0.00047782,0.0025893,0.023536
p1_pop,0.0016144,-0.027697,0.0010068,-0.010303,0.011427,0.053293,-0.0022419,-0.031225,0.00090608,-0.0058235,-0.0035747,-0.039999,-0.00016601,-0.0010262,1,-0.33916,-0.0025797,-0.031123,-0.40815,0.4105,-0.43493,-0.046605,-0.28883,-0.017125,-0.10484,0.0072632,0.02704,-0.0049571,-0.0017923,0.0030878,0.0034992,-0.016507,0.016391,-0.015327,-0.0034999,-0.012842,0.01092,-0.015179,0.0006058,0.00057922,-0.00096487,-0.011094,-0.00024522,0.00028751,nan,-0.0025959,-0.0073997,-1.9632e-05,0.00024174,-0.00012777
g1_pop,-0.01184,0.026498,0.017251,-0.0046207,0.031794,-0.063167,-0.017686,0.036757,-0.00064531,0.0036015,-0.015672,0.048753,0.0011983,-0.00052273,-0.33916,1,-0.0070993,0.03489,0.18746,-0.081784,-0.029213,0.00063006,0.23693,-0.00062506,0.0061407,-0.00030266,-0.043646,0.0070862,0.00027945,-0.025581,-0.012975,0.024901,-0.014758,0.0037779,-0.01038,0.021689,-0.010505,0.025287,-0.00078639,0.00071005,-0.011153,0.028973,0.00058519,0.00077273,nan,0.0040014,0.00018639,0.00017052,-0.001809,-0.001069
p2_pop,-0.0017444,0.016192,7.5211e-05,-0.021387,-0.00023949,0.002949,-0.007311,0.059155,-0.001832,-0.031151,0.00039236,6.441e-05,-4.4286e-05,-0.021283,-0.0025797,-0.0070993,1,-0.28524,0.031604,0.042387,-0.0046046,-0.060907,0.018406,-0.021618,-0.11249,0.0095487,0.299,0.040055,-0.0022383,-0.0044129,-0.00041694,0.02912,0.02218,0.0098726,0.0015709,-0.00022141,-0.0046324,0.010926,-0.0015099,-0.00073895,0.0017231,-0.00094722,-0.0015121,-0.0050517,nan,-0.0007826,2.8728e-05,0.0018268,-0.0011288,0.0045505
g2_pop,0.0030133,-0.0079841,-0.012053,0.0092007,-0.00057624,-0.0048835,0.022852,-0.041428,-0.0072303,0.015644,0.00036697,0.001211,-0.0036379,-0.0010302,-0.031123,0.03489,-0.28524,1,-0.049398,-0.090104,-0.024745,0.074231,0.020525,0.026394,0.13879,-0.011904,-0.44946,-0.091892,0.0030315,-0.3181,0.0034083,-0.016881,-0.00089539,-0.0030604,-0.0016163,-0.00022096,-0.00083317,0.0033225,-0.00071281,-0.0018912,-0.00054036,0.0017057,-0.0017121,0.0070646,nan,0.0012195,0.0020352,0.00034907,-0.00061755,-0.010509
alpha11_pop,0.00043834,0.0030646,-0.029639,0.0029293,0.00064167,-0.0097139,0.0019669,-0.0038822,-0.0016343,0.012441,-0.00053117,0.011876,-0.0011726,0.0051917,-0.40815,0.18746,0.031604,-0.049398,1,-0.044612,0.15334,-0.0054171,0.097796,-0.0018136,-0.0073821,0.0010721,-0.027249,0.043609,-0.00036226,0.097253,-0.011452,0.013349,0.012944,0.022914,0.00018963,0.0018423,-0.0075678,0.010275,0.00091231,-0.0027175,0.0020272,0.00031888,0.00098576,-0.0018509,nan,0.0011325,0.0031425,0.00052256,-0.00085652,0.0029018
alpha12_pop,0.0024317,-0.022995,-0.018376,-0.025596,0.010609,0.043764,0.0018326,-0.0095531,0.00017769,-0.003642,0.0045179,-0.0038379,-0.00063268,0.0036658,0.4105,-0.081784,0.042387,-0.090104,-0.044612,1,-0.11917,-0.11027,0.19024,-0.038665,-0.24443,0.017736,0.046389,-0.024321,-0.0045706,0.091119,0.00034889,0.0063734,0.044825,0.00085807,0.015588,0.01122,0.00056777,-0.0095494,0.0021331,0.00093389,0.0069389,-0.0085471,-0.00040399,-0.0029583,nan,-0.010785,0.0015654,-0.00073808,-0.0011093,0.0037896
alpha13_pop,-0.0034957,0.011368,0.0024272,0.018204,0.0052109,-0.023668,0.0020577,0.017317,-0.0010805,0.007852,-0.0091488,-0.0027956,-0.0028508,0.0096216,-0.43493,-0.029213,-0.0046046,-0.024745,0.15334,-0.11917,1,0.094845,-0.46514,0.033739,0.17618,-0.014879,-0.036572,0.016008,0.0035621,0.11958,-0.0048703,0.0023128,-0.027826,5.2483e-05,-0.0034991,0.010756,-0.017381,0.0037472,-0.00030565,-0.00049928,-0.015712,-0.0024651,-0.00067976,-0.004792,nan,0.00080871,0.01653,3.4407e-05,0.011677,0.0035797
alpha14_pop,0.0011178,0.019459,0.017009,0.050102,5.4397e-05,-0.005864,-0.00069242,0.007544,-0.00036084,-0.0010312,-0.00087248,-0.0034932,0.0014283,-0.0039649,-0.046605,0.00063006,-0.060907,0.074231,-0.0054171,-0.11027,0.094845,1,-0.10595,0.35389,0.54211,-0.15875,-0.022101,0.0049542,0.039962,-0.01537,0.0019921,-0.023407,-0.078129,-0.0014393,-0.0024509,0.0025499,-0.00083798,-0.0019219,-0.0013121,0.00039569,-0.003516,-0.00067103,-0.00070032,0.0020251,nan,0.0015764,0.0017812,-0.00042237,0.0024631,-0.0038931
alpha15_pop,-0.00088521,-0.0040797,-0.010492,-0.02565,0.00045574,0.0072902,-0.0019174,-0.0024678,0.00059907,-0.0056976,0.010408,0.032042,0.0021086,-0.0058997,-0.28883,0.23693,0.018406,0.020525,0.097796,0.19024,-0.46514,-0.10595,1,-0.037248,-0.20238,0.016852,0.02786,-0.038957,-0.0040474,-0.073042,-0.0021118,0.016638,0.034658,0.0091939,0.002972,0.0024004,-0.0033087,-0.0035377,0.00093384,0.0010188,0.011043,-0.0054579,0.00021231,0.0029381,nan,-0.00091151,-0.00018253,-0.00059996,-0.0029307,-0.0010722
alpha16_pop,0.00038959,0.0068875,0.0060123,0.017701,3.6119e-05,-0.0020991,-0.0002543,0.0026978,-0.0001251,-0.00037737,-0.00031045,-0.0012132,0.00052539,-0.0013556,-0.017125,-0.00062506,-0.021618,0.026394,-0.0018136,-0.038665,0.033739,0.35389,-0.037248,1,0.19186,0.054947,-0.0078279,0.0016874,-0.12887,-0.0056055,0.00069992,-0.0082542,-0.027632,-0.00049293,-0.00084356,0.00091693,-0.00030265,-0.00065953,-0.00046353,0.0001321,-0.0012389,-0.00021869,-0.00021197,0.00075098,nan,0.00054779,0.00062986,-0.00014686,0.00086248,-0.0014276
alpha21_pop,0.0019345,0.036629,0.031891,0.092693,-0.00033405,-0.012811,-0.0013846,0.014358,-0.00076703,-0.0019598,-0.0018155,-0.0060528,0.0026213,-0.0074091,-0.10484,0.0061407,-0.11249,0.13879,-0.0073821,-0.24443,0.17618,0.54211,-0.20238,0.19186,1,-0.086315,-0.041889,0.011749,0.021717,-0.031931,0.0036265,-0.043118,-0.14469,-0.0026069,-0.0058036,0.0041816,-0.0015119,-0.0030481,-0.0025401,0.0010788,-0.0067559,-0.00077895,-0.0012701,0.0038068,nan,0.0035957,0.003125,-0.0006735,0.0045459,-0.0072474
alpha22_pop,-0.00017599,-0.0031005,-0.0027117,-0.0079714,-7.2861e-06,0.00093616,0.00011551,-0.0012148,5.8223e-05,0.00016356,0.00013847,0.00055794,-0.00023034,0.00066657,0.0072632,-0.00030266,0.0095487,-0.011904,0.0010721,0.017736,-0.014879,-0.15875,0.016852,0.054947,-0.086315,1,0.0032324,-0.00089857,-0.45601,0.0029411,-0.00031949,0.0037249,0.012436,0.00023227,0.00039797,-0.00040061,0.00012965,0.00031376,0.00021073,-6.518e-05,0.00056085,0.00010323,0.00011604,-0.00032674,nan,-0.00025443,-0.00027802,6.6361e-05,-0.00038939,0.00063093
alpha23_pop,-0.00022954,0.0060262,-0.00086992,-0.0099131,-0.0024071,0.0061363,-0.014434,0.044824,0.0011123,-0.017783,0.0028024,-0.0034061,0.0037403,-0.024088,0.02704,-0.043646,0.299,-0.44946,-0.027249,0.046389,-0.036572,-0.022101,0.02786,-0.0078279,-0.041889,0.0032324,1,0.012499,-0.00053713,-0.25324,0.002246,0.0056854,0.0092692,0.0066819,0.000159,-0.0027012,0.0026122,-0.027401,0.00036784,-0.0026211,0.0016021,-0.00015815,-0.0013706,0.0044569,nan,-0.00068411,-0.0065203,-0.00018375,-0.0031598,-0.0096177
alpha24_pop,-0.0016514,0.0088923,0.011512,0.015125,0.00072435,-0.0024962,-0.00091931,-0.0021065,-0.0052683,0.075976,0.000991,-0.0017845,0.00068701,-0.0013873,-0.0049571,0.0070862,0.040055,-0.091892,0.043609,-0.024321,0.016008,0.0049542,-0.038957,0.0016874,0.011749,-0.00089857,0.012499,1,0.00053514,0.0054597,-0.0010395,-0.0044117,-0.024455,0.0026602,-0.0041792,0.00025665,-0.00036346,0.0014149,-0.016274,0.021692,-0.0010032,-0.00040818,0.0011443,0.0013223,nan,0.00094119,0.0010191,0.0084315,0.0014607,-0.00084653
alpha25_pop,4.224e-05,0.00078349,0.00068334,0.0020022,-1.6185e-07,-0.00023426,-3.3689e-05,0.00031791,-1.6289e-05,-2.5077e-05,-3.1674e-05,-0.00013778,6.105e-05,-0.00020265,-0.0017923,0.00027945,-0.0022383,0.0030315,-0.00036226,-0.0045706,0.0035621,0.039962,-0.0040474,-0.12887,0.021717,-0.45601,-0.00053713,0.00053514,1,-0.0012029,8.1199e-05,-0.00093346,-0.0031274,-5.7648e-05,-0.00010697,9.6935e-05,-3.2187e-05,-8.7718e-05,-5.7774e-05,2.3091e-05,-0.00014074,-2.6969e-05,-3.3611e-05,8.6164e-05,nan,6.6858e-05,6.7483e-05,-1.4361e-05,9.6743e-05,-0.00016876
alpha26_pop,0.0024867,0.0083608,0.014568,0.015512,0.0039214,-8.5852e-05,0.0034503,-0.0085165,-0.00092439,0.0036257,-0.0036435,0.0013973,-0.010707,0.049412,0.0030878,-0.025581,-0.0044129,-0.3181,0.097253,0.091119,0.11958,-0.01537,-0.073042,-0.0056055,-0.031931,0.0029411,-0.25324,0.0054597,-0.0012029,1,-0.0012229,-0.0088508,-0.020934,-0.00083125,0.0014886,0.0044263,-0.002073,0.0082801,-0.0015078,0.0023504,-0.0012503,-0.0040701,-0.00092367,-0.016033,nan,-0.0013059,0.0042645,-7.3948e-05,0.0056923,0.034634
omega_b01,0.20689,-0.059517,0.063284,-0.063849,0.0032121,-0.0028775,0.0016855,0.0010083,-0.00076383,0.0010249,0.00067854,-0.0022707,0.00058314,-0.0013556,0.0034992,-0.012975,-0.00041694,0.0034083,-0.011452,0.00034889,-0.0048703,0.0019921,-0.0021118,0.00069992,0.0036265,-0.00031949,0.002246,-0.0010395,8.1199e-05,-0.0012229,1,0.022952,-0.024863,0.015006,-7.2096e-05,0.0021801,-0.0015406,-0.00090878,-0.00020869,0.0013157,0.00073067,-0.0047877,-0.0015777,0.0040945,nan,-0.00053225,0.001667,-0.0011627,-0.001139,-0.0082911
omega_b11,0.061659,-0.50167,-0.3748,-0.44923,-0.004815,-0.0033653,0.0051105,-0.011934,0.0033523,0.0021485,-0.0045911,0.01324,-0.00013822,0.005526,-0.016507,0.024901,0.02912,-0.016881,0.013349,0.0063734,0.0023128,-0.023407,0.016638,-0.0082542,-0.043118,0.0037249,0.0056854,-0.0044117,-0.00093346,-0.0088508,0.022952,1,0.41276,-0.011487,0.00064026,-0.023821,-0.00487,-0.0017004,0.0031917,-0.017799,0.0023959,0.027043,-0.0019497,0.0076683,nan,-0.0013378,0.0052601,0.0031265,-0.010348,-0.03688
omega_b21,-0.035098,-0.40525,-0.61485,-0.41324,-0.0071864,-0.0047434,0.0018999,0.007813,0.0070865,-0.018206,-0.00048124,0.014985,-0.0050311,0.011194,0.016391,-0.014758,0.02218,-0.00089539,0.012944,0.044825,-0.027826,-0.078129,0.034658,-0.027632,-0.14469,0.012436,0.0092692,-0.024455,-0.0031274,-0.020934,-0.024863,0.41276,1,-0.030318,0.0041774,-0.026354,-0.0025869,-0.0012235,0.0090488,-0.013685,0.017433,0.026228,0.0012177,-0.0033333,nan,-0.0060482,0.0058143,0.0043483,-0.014279,-0.013235
omega_a1,-0.025008,0.15114,0.094262,-0.45415,0.0054696,-0.00090743,-0.0025083,0.0047454,0.0023607,-0.012496,0.0012232,0.0049608,0.0024393,0.003048,-0.015327,0.0037779,0.0098726,-0.0030604,0.022914,0.00085807,5.2483e-05,-0.0014393,0.0091939,-0.00049293,-0.0026069,0.00023227,0.0066819,0.0026602,-5.7648e-05,-0.00083125,0.015006,-0.011487,-0.030318,1,0.012256,-0.0028509,-0.0023531,0.0037678,-0.0016246,-0.011948,-0.0054239,-0.014815,-0.0094614,0.011847,nan,0.0013799,-0.0029005,0.0052007,0.0040477,0.015742
omega_b02,-0.0028802,-0.00055356,-0.0049461,-0.0074656,0.026831,-0.035955,-0.0035954,0.0029226,0.0022348,-0.0044521,0.0010308,0.0017427,0.0029754,-0.0057028,-0.0034999,-0.01038,0.0015709,-0.0016163,0.00018963,0.015588,-0.0034991,-0.0024509,0.002972,-0.00084356,-0.0058036,0.00039797,0.000159,-0.0041792,-0.00010697,0.0014886,-7.2096e-05,0.00064026,0.0041774,0.012256,1,-0.026257,0.0011883,0.006543,-0.00019572,-0.0011948,-0.00018262,0.001555,0.0014825,0.00021028,nan,-0.12034,0.00052397,0.0028676,0.0014502,-0.0040154
omega_b12,0.002139,0.013739,0.016622,0.024746,-0.019437,0.056483,-0.00032281,-0.00086271,-0.0013921,-0.001634,-0.00033332,-0.0088903,-0.00078078,-0.00043538,-0.012842,0.021689,-0.00022141,-0.00022096,0.0018423,0.01122,0.010756,0.0025499,0.0024004,0.00091693,0.0041816,-0.00040061,-0.0027012,0.00025665,9.6935e-05,0.0044263,0.0021801,-0.023821,-0.026354,-0.0028509,-0.026257,1,-0.0012711,-0.0070358,-0.0033058,-0.0052191,-0.0026553,0.00021704,-0.0051541,0.0018642,nan,-0.044241,0.0022428,0.00065824,0.0031438,-0.00029065
omega_b03,-0.0011438,0.0048951,0.0040637,0.00062041,0.0014878,-0.0015557,-0.012575,-0.0037191,-0.00084532,0.00070767,0.0024352,-0.0056741,0.00016335,3.8349e-05,0.01092,-0.010505,-0.0046324,-0.00083317,-0.0075678,0.00056777,-0.017381,-0.00083798,-0.0033087,-0.00030265,-0.0015119,0.00012965,0.0026122,-0.00036346,-3.2187e-05,-0.002073,-0.0015406,-0.00487,-0.0025869,-0.0023531,0.0011883,-0.0012711,1,-0.026993,0.0009952,-0.0034889,-0.0041515,-0.0015056,0.00016057,-0.00099564,nan,-0.00035401,-0.10374,-0.0017971,0.005701,0.0017248
omega_b13,0.00073576,0.0055282,0.011266,-0.002719,0.0012581,-0.0023542,0.020142,-0.043323,-0.00064377,0.0098734,0.0010846,-0.0021561,-0.0027791,0.0065035,-0.015179,0.025287,0.010926,0.0033225,0.010275,-0.0095494,0.0037472,-0.0019219,-0.0035377,-0.00065953,-0.0030481,0.00031376,-0.027401,0.0014149,-8.7718e-05,0.0082801,-0.00090878,-0.0017004,-0.0012235,0.0037678,0.006543,-0.0070358,-0.026993,1,0.00059215,-0.0018577,0.0030007,-0.0048189,-0.00097792,0.0013707,nan,-0.002052,-0.041762,-0.0010834,-0.0032195,-0.003358
omega_b04,-0.0011156,-0.0047316,-0.008512,-0.0035493,-0.00017025,0.0013097,-0.00068287,0.00072305,0.0037677,-0.00617,-0.00036726,2.1287e-05,-6.9966e-05,-3.1965e-05,0.0006058,-0.00078639,-0.0015099,-0.00071281,0.00091231,0.0021331,-0.00030565,-0.0013121,0.00093384,-0.00046353,-0.0025401,0.00021073,0.00036784,-0.016274,-5.7774e-05,-0.0015078,-0.00020869,0.0031917,0.0090488,-0.0016246,-0.00019572,-0.0033058,0.0009952,0.00059215,1,-0.0018804,-9.307e-05,-0.0011646,8.1151e-05,-0.00021774,nan,0.000605,-0.00060052,-0.047651,4.082e-05,0.00013629
omega_b14,-0.00065844,0.0092678,0.0089353,0.019287,-0.0019594,0.0037779,0.00035126,0.0010754,-0.018969,0.10724,-0.0018729,0.008384,-0.0055024,0.0053462,0.00057922,0.00071005,-0.00073895,-0.0018912,-0.0027175,0.00093389,-0.00049928,0.00039569,0.0010188,0.0001321,0.0010788,-6.518e-05,-0.0026211,0.021692,2.3091e-05,0.0023504,0.0013157,-0.017799,-0.013685,-0.011948,-0.0011948,-0.0052191,-0.0034889,-0.0018577,-0.0018804,1,-0.0048135,0.0041747,-0.003488,-0.00040235,nan,-0.00078508,0.0015752,-0.065605,0.00013943,-0.0016174
omega_b05,-0.0017398,-0.0094303,-0.016397,-0.00088495,-0.0017581,0.0035766,0.0014733,-0.00016789,-0.0012464,-0.0037314,0.059988,-0.021986,-0.00012158,-0.0013757,-0.00096487,-0.011153,0.0017231,-0.00054036,0.0020272,0.0069389,-0.015712,-0.003516,0.011043,-0.0012389,-0.0067559,0.00056085,0.0016021,-0.0010032,-0.00014074,-0.0012503,0.00073067,0.0023959,0.017433,-0.0054239,-0.00018262,-0.0026553,-0.0041515,0.0030007,-9.307e-05,-0.0048135,1,-0.04019,-0.0004909,-0.006102,nan,-0.00037231,0.0010899,0.00041829,-0.10891,0.0019545
omega_b15,-0.0028963,-0.022134,-0.023617,-0.014215,-0.00073364,0.0025545,-0.00035255,-0.0015361,0.00068236,0.00044867,-0.020277,0.061103,0.00073451,0.00062152,-0.011094,0.028973,-0.00094722,0.0017057,0.00031888,-0.0085471,-0.0024651,-0.00067103,-0.0054579,-0.00021869,-0.00077895,0.00010323,-0.00015815,-0.00040818,-2.6969e-05,-0.0040701,-0.0047877,0.027043,0.026228,-0.014815,0.001555,0.00021704,-0.0015056,-0.0048189,-0.0011646,0.0041747,-0.04019,1,-8.5135e-05,-0.0055057,nan,-0.00081801,0.00069941,-0.00051082,-0.074503,0.00010504
omega_b06,0.00035985,-0.0027425,-0.0025905,0.010755,0.0025015,-0.0040592,0.00048793,0.00036844,0.00044351,0.0015535,-0.00016358,-0.00039997,0.068836,-0.022925,-0.00024522,0.00058519,-0.0015121,-0.0017121,0.00098576,-0.00040399,-0.00067976,-0.00070032,0.00021231,-0.00021197,-0.0012701,0.00011604,-0.0013706,0.0011443,-3.3611e-05,-0.00092367,-0.0015777,-0.0019497,0.0012177,-0.0094614,0.0014825,-0.0051541,0.00016057,-0.00097792,8.1151e-05,-0.003488,-0.0004909,-8.5135e-05,1,0.0015457,nan,0.00088033,-0.00061692,0.00014721,0.0021317,-0.10998
omega_b16,0.0018023,-0.0020218,0.0054039,-0.01358,-0.0023339,-0.00086174,0.00011569,-0.0012541,-0.0014382,0.0069714,-0.0028907,0.0016862,-0.015958,0.030893,0.00028751,0.00077273,-0.0050517,0.0070646,-0.0018509,-0.0029583,-0.004792,0.0020251,0.0029381,0.00075098,0.0038068,-0.00032674,0.0044569,0.0013223,8.6164e-05,-0.016033,0.0040945,0.0076683,-0.0033333,0.011847,0.00021028,0.0018642,-0.00099564,0.0013707,-0.00021774,-0.00040235,-0.006102,-0.0055057,0.0015457,1,nan,0.00012909,0.0003563,-0.0018013,0.0028176,-0.12155
b_1,nan,nan,nan,nan,nan,nan,nan,nan,nan,nan,nan,nan,nan,nan,nan,nan,nan,nan,nan,nan,nan,nan,nan,nan,nan,nan,nan,nan,nan,nan,nan,nan,nan,nan,nan,nan,nan,nan,nan,nan,nan,nan,nan,nan,nan,nan,nan,nan,nan,nan
a_2,0.00021676,0.0034923,0.0049313,0.0020837,-0.0017199,-0.0096719,-1.917e-05,-0.00072656,-0.00030727,-0.00011613,-0.0013761,0.0013354,-0.0013745,0.0014103,-0.0025959,0.0040014,-0.0007826,0.0012195,0.0011325,-0.010785,0.00080871,0.0015764,-0.00091151,0.00054779,0.0035957,-0.00025443,-0.00068411,0.00094119,6.6858e-05,-0.0013059,-0.00053225,-0.0013378,-0.0060482,0.0013799,-0.12034,-0.044241,-0.00035401,-0.002052,0.000605,-0.00078508,-0.00037231,-0.00081801,0.00088033,0.00012909,nan,1,0.00020889,-0.0010178,2.8027e-05,-0.00095389
a_3,0.0018135,-0.0055719,-0.0041581,-0.0065848,0.00073272,-0.0018436,-9.7025e-05,0.0096573,-0.00033897,0.00035802,0.00034597,4.5337e-05,0.00086209,0.00068869,-0.0073997,0.00018639,2.8728e-05,0.0020352,0.0031425,0.0015654,0.01653,0.0017812,-0.00018253,0.00062986,0.003125,-0.00027802,-0.0065203,0.0010191,6.7483e-05,0.0042645,0.001667,0.0052601,0.0058143,-0.0029005,0.00052397,0.0022428,-0.10374,-0.041762,-0.00060052,0.0015752,0.0010899,0.00069941,-0.00061692,0.0003563,nan,0.00020889,1,-0.00017123,-0.00074927,-0.0025489
a_4,-0.00029712,1.5057e-05,0.00024637,-0.0088265,0.00020079,0.00074929,0.0021101,-0.00098611,0.0010865,-0.013622,0.000266,0.00192,-0.00024681,-0.00047782,-1.9632e-05,0.00017052,0.0018268,0.00034907,0.00052256,-0.00073808,3.4407e-05,-0.00042237,-0.00059996,-0.00014686,-0.0006735,6.6361e-05,-0.00018375,0.0084315,-1.4361e-05,-7.3948e-05,-0.0011627,0.0031265,0.0043483,0.0052007,0.0028676,0.00065824,-0.0017971,-0.0010834,-0.047651,-0.065605,0.00041829,-0.00051082,0.00014721,-0.0018013,nan,-0.0010178,-0.00017123,1,0.00041478,0.0040739
b_5,-0.00030157,0.0088896,0.00946,0.0061926,0.0033309,-0.0035283,-0.0013152,-0.00010901,-9.1336e-05,0.0027664,-0.022301,-0.0062564,-0.0018448,0.0025893,0.00024174,-0.001809,-0.0011288,-0.00061755,-0.00085652,-0.0011093,0.011677,0.0024631,-0.0029307,0.00086248,0.0045459,-0.00038939,-0.0031598,0.0014607,9.6743e-05,0.0056923,-0.001139,-0.010348,-0.014279,0.0040477,0.0014502,0.0031438,0.005701,-0.0032195,4.082e-05,0.00013943,-0.10891,-0.074503,0.0021317,0.0028176,nan,2.8027e-05,-0.00074927,0.00041478,1,0.0026672
b_6,-0.0034344,0.026484,0.014819,0.01768,0.00319,-0.0020097,-0.0026166,0.00284,0.00075754,-0.0028582,0.001759,-0.0017283,-0.041666,0.023536,-0.00012777,-0.001069,0.0045505,-0.010509,0.0029018,0.0037896,0.0035797,-0.0038931,-0.0010722,-0.0014276,-0.0072474,0.00063093,-0.0096177,-0.00084653,-0.00016876,0.034634,-0.0082911,-0.03688,-0.013235,0.015742,-0.0040154,-0.00029065,0.0017248,-0.003358,0.00013629,-0.0016174,0.0019545,0.00010504,-0.10998,-0.12155,nan,-0.00095389,-0.0025489,0.0040739,0.0026672,1
