b01_pop,0.020615,-0.00022293,0.00025154,-0.014986,-4.9548e-07,1.1027e-09,8.9986e-06,-2.5128e-07,-2.0853e-06,-7.4652e-07,2.0593e-06,1.5129e-06,1.614e-05,-3.7216e-06,-0.00031519,0.00025107,1.976e-06,-3.9157e-05,6.6969e-06,3.5798e-06,1.4951e-05,-0.00075477,-8.9044e-05,3.6909e-05,-1.0167e-11,2.9821e-05,6.6595e-07,-2.53e-05,nan,-4.538e-06,-1.6628e-11,nan,-1.1001e-12,-2.3663e-08,0.0034813,0.00012745,-7.0877e-05,0.0013197,1.4931e-06,-2.6335e-07,6.4522e-06,4.2926e-06,2.2157e-06,-3.2554e-06,7.796e-06,1.0895e-06,1.5746e-05,4.2512e-06,-0.00025313,0.00052294,4.5829e-05,-1.7637e-07,-4.1464e-06,1.9982e-06,-1.5378e-07,-8.2983e-07,-1.6585e-06
b11_pop,-0.00022293,0.00028038,0.00018819,-0.00065868,-2.1742e-07,1.492e-08,6.6222e-06,-5.1302e-06,4.1301e-06,2.8148e-07,-2.0883e-06,2.0063e-06,-8.6956e-06,1.6026e-06,-4.3613e-05,2.875e-05,-2.7443e-05,6.5779e-06,2.0703e-05,-1.6907e-06,4.4774e-05,-0.00046977,0.000108,-5.3741e-06,-6.3211e-12,1.7803e-05,6.4284e-07,2.4806e-06,nan,-5.6916e-06,-1.025e-11,nan,-6.7724e-13,4.2545e-09,-0.00011988,-0.00011895,-8.6525e-05,0.00074481,1.2643e-07,-3.882e-09,-1.2978e-05,-1.2593e-06,-4.615e-06,2.7921e-06,-8.3137e-06,4.5445e-08,-3.3175e-06,7.4731e-07,-9.4213e-05,-4.6296e-05,9.2641e-06,4.6296e-08,1.7191e-06,5.7576e-07,-7.7745e-08,1.7509e-08,9.8337e-08
b21_pop,0.00025154,0.00018819,0.00029113,-0.0013417,-3.2136e-07,2.7363e-08,8.4536e-06,-5.3029e-06,3.9734e-06,1.5334e-07,-3.4444e-07,1.2717e-06,-6.5765e-06,9.7998e-07,-0.0002987,9.3984e-05,-8.0814e-06,-2.6428e-06,1.2451e-05,-3.1058e-06,2.0607e-05,-0.00047728,3.4667e-05,1.6836e-05,-6.3955e-12,1.7239e-05,3.4467e-07,-1.1699e-05,nan,-4.7524e-06,-9.9353e-12,nan,-6.7787e-13,-1.1671e-08,4.9268e-06,-9.5069e-05,-0.0001332,0.00087268,1.1814e-07,-3.1569e-09,-1.1156e-05,-1.0012e-06,-2.3994e-06,2.5689e-06,-6.614e-06,1.7125e-07,-3.0358e-07,7.4931e-07,-0.00025474,3.3599e-05,2.7706e-05,2.5602e-08,6.5926e-07,6.2243e-07,-1.3335e-07,-2.8213e-08,-3.0355e-07
a1_pop,-0.014986,-0.00065868,-0.0013417,1.0032,1.1951e-05,8.0627e-06,-1.5567e-05,9.7522e-05,-0.00037823,5.2492e-05,0.00090725,-0.00016687,5.2681e-05,1.1254e-05,-0.0048446,0.0013434,-8.6351e-06,0.00023013,-0.00021068,1.279e-05,0.00033302,0.01441,0.00034101,-0.00015875,1.9024e-10,-0.00039424,-7.2697e-06,0.00046862,nan,0.00044513,2.4997e-10,nan,1.9059e-11,5.8501e-07,0.0014777,-0.0037124,-0.0022666,-0.12974,-4.8212e-05,7.152e-06,0.00030752,-0.00010895,0.00049073,7.0648e-05,0.00034079,5.8999e-05,0.00023487,-9.8276e-05,0.015274,0.0039489,-0.0032198,5.0509e-06,-5.8656e-06,-0.00014126,-1.6094e-05,3.4373e-06,-7.0492e-06
b02_pop,-4.9548e-07,-2.1742e-07,-3.2136e-07,1.1951e-05,8.6263e-06,-3.9687e-07,1.5795e-08,4.3358e-10,3.3614e-08,-6.6553e-08,-9.8168e-09,2.3994e-08,3.1289e-07,-6.9403e-08,2.866e-05,-8.2725e-06,1.7472e-08,6.4613e-07,-4.2558e-08,1.1583e-08,3.0467e-08,8.4782e-05,4.9731e-07,-1.7513e-06,1.1389e-12,-3.1562e-06,1.3071e-09,3.4171e-07,nan,5.7088e-10,1.8174e-12,nan,1.2151e-13,1.169e-10,3.0486e-07,2.1753e-07,2.1023e-07,-6.4573e-06,6.5919e-08,-1.2338e-08,-3.3436e-07,-1.6405e-08,4.9052e-07,-7.7312e-08,3.2266e-07,-3.2521e-08,4.0602e-07,8.5819e-08,6.0244e-05,4.5938e-06,-3.747e-07,1.2375e-08,2.2378e-08,4.6017e-08,1.6322e-10,-3.4739e-09,-5.1362e-08
b12_pop,1.1027e-09,1.492e-08,2.7363e-08,8.0627e-06,-3.9687e-07,2.8859e-07,-2.2609e-08,3.1719e-08,-4.9578e-08,2.7377e-08,3.527e-08,-6.2912e-09,-5.1269e-08,8.9796e-09,-1.7403e-06,1.6883e-06,6.3055e-08,7.6829e-08,2.3369e-08,-7.0966e-09,-4.5489e-08,1.0945e-05,-3.0074e-07,-1.8339e-07,1.4666e-13,-3.8893e-07,-3.3788e-09,-2.9678e-08,nan,3.541e-08,2.285e-13,nan,1.5486e-14,-7.4692e-11,-3.4035e-08,-6.881e-08,-4.2268e-08,-9.5398e-07,-1.3193e-08,4.9869e-09,8.2096e-08,-1.4231e-08,-5.3535e-08,2.6188e-09,-5.4515e-09,1.2636e-08,-9.4918e-08,-1.1527e-08,-7.2145e-06,-6.1834e-07,1.404e-08,-2.5273e-09,2.507e-10,-8.4356e-09,-1.767e-09,1.475e-09,1.4237e-09
b03_pop,8.9986e-06,6.6222e-06,8.4536e-06,-1.5567e-05,1.5795e-08,-2.2609e-08,0.0032842,-0.0001177,-9.4719e-07,-5.5352e-07,-2.6016e-06,1.0771e-06,-7.9325e-06,3.548e-07,8.2739e-05,9.7431e-05,8.6978e-07,-7.3221e-05,-1.0694e-05,1.3856e-05,-1.2257e-05,-0.00061459,-1.6416e-05,2.3815e-05,-8.4148e-12,3.0313e-05,2.3273e-07,-1.1647e-05,nan,5.8792e-06,-1.593e-11,nan,-9.6266e-13,-6.3559e-09,4.4219e-06,-2.2719e-06,-4.0542e-06,4.8458e-06,-7.2652e-08,-2.4248e-09,1.9965e-05,5.4303e-06,2.4624e-06,-5.9879e-07,-2.1772e-06,-2.4043e-07,3.5624e-06,-3.0665e-07,0.0005267,0.00010106,1.1873e-06,-2.3152e-08,-5.362e-08,1.3285e-06,2.4942e-07,-7.6006e-08,-4.0012e-07
b13_pop,-2.5128e-07,-5.1302e-06,-5.3029e-06,9.7522e-05,4.3358e-10,3.1719e-08,-0.0001177,0.00014522,6.2042e-08,4.454e-07,7.2563e-07,1.5468e-07,3.1977e-06,-3.4221e-07,-5.9229e-06,1.5949e-05,-3.1528e-05,3.8886e-05,2.506e-05,-2.9435e-06,2.5995e-05,0.00019384,0.00011137,-3.1364e-05,2.6788e-12,-1.1e-05,3.1224e-07,1.4414e-05,nan,-1.9163e-05,5.4476e-12,nan,3.1886e-13,1.3664e-08,3.6496e-06,5.2041e-07,3.6534e-06,-4.9677e-05,-3.4098e-08,4.1402e-08,-7.0027e-06,1.1694e-06,-1.2477e-06,-1.1622e-07,1.1453e-06,-2.2016e-07,1.5863e-07,-1.6248e-07,-0.00019065,-2.846e-05,-1.6136e-06,5.3373e-09,1.968e-06,-1.7912e-07,-4.3908e-08,6.0397e-08,1.8529e-07
b04_pop,-2.0853e-06,4.1301e-06,3.9734e-06,-0.00037823,3.3614e-08,-4.9578e-08,-9.4719e-07,6.2042e-08,0.0095231,-0.00010157,2.8413e-06,-2.3106e-07,6.7579e-08,1.5768e-07,-3.1763e-06,5.7428e-06,5.7128e-06,2.8523e-05,-1.3525e-08,1.1083e-06,2.1874e-06,-0.00027781,1.1494e-05,3.7971e-05,-3.6832e-12,8.0248e-06,-8.4723e-09,2.5464e-06,nan,-4.6583e-06,-5.1155e-12,nan,-3.7273e-13,3.3578e-09,-1.7255e-05,-1.7258e-06,-5.0236e-07,8.5069e-05,9.7563e-08,-1.3035e-07,-1.8321e-06,-7.9389e-08,2.7325e-05,-1.3421e-05,3.2682e-06,-1.1527e-06,1.3432e-06,-4.8181e-08,0.0003309,4.6362e-05,3.6266e-06,-1.0719e-08,1.4459e-06,9.7137e-06,2.7586e-08,-1.4591e-08,-2.7347e-07
b14_pop,-7.4652e-07,2.8148e-07,1.5334e-07,5.2492e-05,-6.6553e-08,2.7377e-08,-5.5352e-07,4.454e-07,-0.00010157,7.4048e-05,-1.4056e-06,2.1092e-07,6.1678e-07,-1.2114e-07,2.5723e-05,-6.6285e-06,9.3592e-06,-1.218e-05,-1.2289e-06,-5.5684e-07,-7.1105e-06,-0.00020811,-3.1008e-05,2.4279e-05,-2.816e-12,8.704e-06,-8.5425e-08,-2.2082e-06,nan,3.7387e-06,-4.8192e-12,nan,-3.088e-13,-3.2785e-10,2.6253e-06,-3.1851e-07,-3.7982e-07,-9.6575e-06,-3.2801e-08,1.6683e-08,1.4901e-06,7.1848e-07,-3.5223e-06,6.5209e-06,-1.348e-06,-1.5521e-07,-2.1912e-07,1.4108e-07,-0.00014878,1.6236e-05,-6.184e-07,7.991e-09,-6.0843e-07,-6.5456e-06,-1.3353e-08,2.0591e-08,6.125e-08
b05_pop,2.0593e-06,-2.0883e-06,-3.4444e-07,0.00090725,-9.8168e-09,3.527e-08,-2.6016e-06,7.2563e-07,2.8413e-06,-1.4056e-06,0.0030592,-7.483e-05,-1.219e-06,8.7801e-07,0.00019564,5.8607e-05,-5.277e-07,1.5142e-06,-1.0596e-06,1.0526e-07,1.6252e-06,2.6371e-06,1.571e-06,-3.3928e-06,3.3338e-14,-2.4742e-08,2.3683e-08,8.9987e-07,nan,-1.0991e-07,1.9603e-14,nan,2.9211e-15,9.3927e-10,8.5911e-06,-3.3053e-06,-1.1516e-06,-0.00017665,-2.8258e-08,-4.6107e-08,-1.8775e-06,6.5758e-07,1.7557e-07,-7.8766e-07,0.00012236,-4.4288e-06,-6.83e-06,-1.3062e-07,0.00021196,-9.1793e-05,-3.4945e-06,9.9353e-09,-2.3152e-07,8.5229e-07,-2.2494e-06,2.7741e-07,1.8581e-07
b15_pop,1.5129e-06,2.0063e-06,1.2717e-06,-0.00016687,2.3994e-08,-6.2912e-09,1.0771e-06,1.5468e-07,-2.3106e-07,2.1092e-07,-7.483e-05,7.1199e-05,6.069e-07,-5.8346e-07,0.00010765,-4.2929e-05,-1.2726e-06,-4.7977e-07,6.4624e-07,1.6887e-07,1.8e-06,-3.9612e-05,6.1065e-06,-5.6706e-07,-5.3449e-13,1.5762e-06,2.8449e-08,4.5157e-08,nan,-1.2863e-06,-8.9019e-13,nan,-5.7911e-14,1.705e-10,-1.2954e-06,-8.4405e-07,-3.2338e-07,4.3316e-05,-3.9738e-08,2.5984e-08,3.335e-07,-2.841e-07,-4.3761e-08,1.3118e-07,-9.7291e-06,2.6122e-06,1.8085e-06,1.542e-07,1.5258e-06,1.8135e-05,1.0398e-06,-4.6995e-09,2.3034e-07,1.9969e-08,2.7857e-08,-6.7156e-08,2.3312e-09
b06_pop,1.614e-05,-8.6956e-06,-6.5765e-06,5.2681e-05,3.1289e-07,-5.1269e-08,-7.9325e-06,3.1977e-06,6.7579e-08,6.1678e-07,-1.219e-06,6.069e-07,0.0018548,-6.3251e-05,0.00027241,-4.7889e-05,-3.3296e-06,-1.7667e-06,5.1112e-07,2.2634e-08,3.7547e-06,-0.00037155,1.3239e-05,3.6329e-06,-5.0861e-12,1.8122e-05,6.0467e-08,1.7348e-06,nan,-1.4639e-06,-9.6243e-12,nan,-5.8009e-13,3.1735e-09,1.0309e-05,5.1296e-06,3.9962e-06,-2.6233e-05,2.9427e-07,4.9302e-09,8.7133e-07,2.0361e-07,-2.8002e-06,-4.4139e-07,4.4417e-06,-6.0218e-07,0.00010122,-5.6768e-06,-8.664e-05,2.3711e-05,-2.4677e-06,-8.781e-09,-2.1056e-08,2.0007e-06,5.5658e-08,-3.751e-06,-3.2864e-07
b16_pop,-3.7216e-06,1.6026e-06,9.7998e-07,1.1254e-05,-6.9403e-08,8.9796e-09,3.548e-07,-3.4221e-07,1.5768e-07,-1.2114e-07,8.7801e-07,-5.8346e-07,-6.3251e-05,5.7286e-05,1.1949e-05,-5.9326e-07,-3.3348e-07,-1.1733e-06,-2.1269e-07,1.2391e-07,4.9332e-07,-0.00013374,9.4423e-07,2.8812e-06,-1.8355e-12,6.7602e-06,2.6092e-08,-2.8264e-07,nan,-4.9868e-07,-3.5452e-12,nan,-2.1139e-13,2.0325e-10,-2.1696e-06,-1.2327e-06,-5.1023e-07,8.8794e-06,-5.8792e-08,-5.8966e-09,-2.0373e-07,-4.0727e-07,3.3108e-07,-1.2846e-07,-3.6023e-07,1.1544e-07,-1.1115e-05,2.5554e-06,8.3514e-06,-1.1285e-05,3.9498e-07,-8.2674e-10,2.221e-07,-1.9886e-07,1.3039e-08,1.2821e-07,5.6062e-09
b07_pop,-0.00031519,-4.3613e-05,-0.0002987,-0.0048446,2.866e-05,-1.7403e-06,8.2739e-05,-5.9229e-06,-3.1763e-06,2.5723e-05,0.00019564,0.00010765,0.00027241,1.1949e-05,48.157,-0.67562,-0.0017427,0.00070346,-0.00025506,0.00016244,0.0027043,-0.014155,0.0098415,-0.00094453,-1.9613e-10,0.00074104,0.00021052,0.00052228,nan,-0.001189,-4.0378e-10,nan,-2.2817e-11,1.6502e-06,-0.00023315,0.00016288,0.00032886,0.0023487,-6.3275e-05,4.4519e-06,-0.0004252,-9.7022e-05,0.00035032,6.6529e-05,-3.4257e-05,0.000132,7.5519e-06,-3.2587e-05,3.9047,-0.11602,2.8673e-05,3.9063e-06,7.7162e-05,-0.00018121,8.716e-06,2.2544e-05,-0.0018215
b17_pop,0.00025107,2.875e-05,9.3984e-05,0.0013434,-8.2725e-06,1.6883e-06,9.7431e-05,1.5949e-05,5.7428e-06,-6.6285e-06,5.8607e-05,-4.2929e-05,-4.7889e-05,-5.9326e-07,-0.67562,0.31083,4.4037e-05,-0.00054318,-8.6983e-05,-2.8664e-06,-5.7372e-05,-0.0090481,-5.4568e-05,0.00066116,-1.2278e-10,0.00038553,2.7021e-05,-4.1936e-05,nan,-2.5496e-05,-2.1506e-10,nan,-1.3528e-11,2.3259e-07,0.00013169,-3.3183e-05,-0.00012654,-5.5529e-05,1.7353e-05,-1.725e-06,1.1145e-05,2.2401e-05,-0.00010682,-1.5748e-05,-3.1032e-05,-4.2599e-05,-1.2749e-05,8.2525e-06,-0.18507,0.039226,3.1345e-05,-5.0261e-07,1.6397e-05,3.0029e-05,-4.9758e-07,-4.2083e-06,4.068e-05
p1_pop,1.976e-06,-2.7443e-05,-8.0814e-06,-8.6351e-06,1.7472e-08,6.3055e-08,8.6978e-07,-3.1528e-05,5.7128e-06,9.3592e-06,-5.277e-07,-1.2726e-06,-3.3296e-06,-3.3348e-07,-0.0017427,4.4037e-05,0.00056556,-0.00010741,-5.1052e-05,-3.3114e-05,-0.00050214,0.0081106,-0.002423,0.00043215,1.1007e-10,-0.00034884,-1.4148e-05,-0.0001028,nan,0.00025468,1.9334e-10,nan,1.2154e-11,-1.4295e-07,2.2248e-05,5.905e-06,1.134e-05,-0.0003182,-5.1835e-07,-3.8235e-08,3.4334e-05,-1.1022e-05,5.3396e-06,-9.9614e-07,-3.5527e-07,-3.8151e-07,-5.0805e-07,-4.4968e-07,-0.0013003,-2.4637e-05,-9.3439e-06,7.0326e-08,-1.1454e-05,-1.6064e-06,1.2793e-07,-9.9686e-08,5.3186e-07
g1_pop,-3.9157e-05,6.5779e-06,-2.6428e-06,0.00023013,6.4613e-07,7.6829e-08,-7.3221e-05,3.8886e-05,2.8523e-05,-1.218e-05,1.5142e-06,-4.7977e-07,-1.7667e-06,-1.1733e-06,0.00070346,-0.00054318,-0.00010741,0.00092138,6.484e-05,1.3526e-05,0.00017433,0.024728,0.00020224,-0.00038055,3.366e-10,-0.0011222,-8.1767e-06,0.00011096,nan,-6.466e-05,6.0692e-10,nan,3.7673e-11,-1.7261e-08,-9.2427e-06,8.5953e-06,2.3003e-06,-0.00013876,-1.644e-06,-8.5054e-08,-3.7493e-05,2.3806e-05,9.968e-07,6.906e-07,1.7461e-06,-2.8949e-07,1.822e-06,5.9084e-07,-0.00024494,-0.00013066,-8.4756e-06,2.6681e-07,4.9806e-07,6.6298e-07,-1.7445e-08,-3.5435e-07,1.1776e-08
p2_pop,6.6969e-06,2.0703e-05,1.2451e-05,-0.00021068,-4.2558e-08,2.3369e-08,-1.0694e-05,2.506e-05,-1.3525e-08,-1.2289e-06,-1.0596e-06,6.4624e-07,5.1112e-07,-2.1269e-07,-0.00025506,-8.6983e-05,-5.1052e-05,6.484e-05,0.00069793,-4.6206e-05,7.865e-05,0.0016636,0.00019611,-0.00026202,2.235e-11,-6.1314e-05,-3.3345e-06,2.7729e-06,nan,0.00013803,3.5724e-11,nan,2.3777e-12,-3.8494e-08,-3.8523e-05,4.733e-06,-1.5774e-05,0.0002682,-1.7883e-08,-1.2208e-09,-8.501e-06,7.3534e-06,-1.6748e-06,3.1867e-07,-1.0954e-06,1.9368e-07,6.3198e-07,1.6882e-07,-0.00027543,-4.1619e-05,1.5023e-05,-4.2304e-10,1.3271e-06,-4.4797e-08,-2.0918e-08,-3.5403e-08,-6.6215e-08
g2_pop,3.5798e-06,-1.6907e-06,-3.1058e-06,1.279e-05,1.1583e-08,-7.0966e-09,1.3856e-05,-2.9435e-06,1.1083e-06,-5.5684e-07,1.0526e-07,1.6887e-07,2.2634e-08,1.2391e-07,0.00016244,-2.8664e-06,-3.3114e-05,1.3526e-05,-4.6206e-05,0.00018438,5.4784e-05,-0.00065189,0.00017621,3.7265e-05,-8.7987e-12,2.5203e-05,8.8798e-07,4.7722e-05,nan,-0.00036497,-1.4733e-11,nan,-9.4521e-13,4.4653e-08,-5.9007e-06,-4.0535e-06,6.3261e-07,3.937e-06,7.7571e-08,-1.1057e-09,-1.1931e-06,1.8824e-06,-2.334e-07,2.926e-07,3.0444e-07,1.7055e-07,3.4595e-07,7.455e-08,7.6859e-05,7.3735e-06,3.4435e-06,-5.5839e-09,2.5651e-06,1.6195e-09,-1.5716e-08,1.3383e-08,-5.5033e-08
alpha11_pop,1.4951e-05,4.4774e-05,2.0607e-05,0.00033302,3.0467e-08,-4.5489e-08,-1.2257e-05,2.5995e-05,2.1874e-06,-7.1105e-06,1.6252e-06,1.8e-06,3.7547e-06,4.9332e-07,0.0027043,-5.7372e-05,-0.00050214,0.00017433,7.865e-05,5.4784e-05,0.0009345,-0.0066006,0.0020098,-0.00030919,-8.973e-11,0.00028956,1.4035e-05,0.00012204,nan,-0.00036386,-1.5992e-10,nan,-9.9559e-12,1.6151e-07,-7.0283e-05,-2.4201e-05,-2.8371e-05,0.00060549,6.8578e-07,3.2919e-09,-3.4551e-05,1.3389e-05,-1.0405e-05,1.1302e-06,-1.4135e-06,7.1686e-07,5.3046e-07,9.1881e-07,0.0017367,4.524e-06,3.4841e-05,-5.9618e-08,9.5926e-06,1.0379e-06,-1.8184e-07,5.1754e-08,-1.2888e-06
alpha12_pop,-0.00075477,-0.00046977,-0.00047728,0.01441,8.4782e-05,1.0945e-05,-0.00061459,0.00019384,-0.00027781,-0.00020811,2.6371e-06,-3.9612e-05,-0.00037155,-0.00013374,-0.014155,-0.0090481,0.0081106,0.024728,0.0016636,-0.00065189,-0.0066006,3.4205,-0.024344,-0.058675,4.5907e-08,-0.12515,-0.00026011,0.0018127,nan,0.0042246,7.2633e-08,nan,4.8788e-09,-9.5502e-06,0.0012622,0.00036915,0.00046365,-0.010964,-0.00022351,-1.8205e-05,-9.4859e-05,0.0001173,0.0010883,-6.9685e-05,4.078e-05,8.5844e-06,0.00014154,4.1948e-05,-0.00047687,-0.0013627,-0.00063014,3.5847e-05,-8.9348e-05,-3.7283e-05,9.0794e-08,-4.476e-05,-5.9795e-06
alpha13_pop,-8.9044e-05,0.000108,3.4667e-05,0.00034101,4.9731e-07,-3.0074e-07,-1.6416e-05,0.00011137,1.1494e-05,-3.1008e-05,1.571e-06,6.1065e-06,1.3239e-05,9.4423e-07,0.0098415,-5.4568e-05,-0.002423,0.00020224,0.00019611,0.00017621,0.0020098,-0.024344,0.013672,-0.0014436,-3.3339e-10,0.0011784,5.9198e-05,0.00050192,nan,-0.0012902,-6.3274e-10,nan,-3.7945e-11,6.9429e-07,-0.00013056,-2.8713e-05,-4.4918e-05,0.0010526,1.3216e-06,9.9072e-08,-0.00020673,2.0024e-05,-2.7459e-05,5.5071e-06,4.917e-06,2.4237e-06,5.1368e-06,2.0506e-06,0.0063705,0.00010924,3.5315e-05,-1.8517e-07,7.2087e-05,4.2501e-06,-7.0977e-07,3.1378e-07,-2.7082e-06
alpha14_pop,3.6909e-05,-5.3741e-06,1.6836e-05,-0.00015875,-1.7513e-06,-1.8339e-07,2.3815e-05,-3.1364e-05,3.7971e-05,2.4279e-05,-3.3928e-06,-5.6706e-07,3.6329e-06,2.8812e-06,-0.00094453,0.00066116,0.00043215,-0.00038055,-0.00026202,3.7265e-05,-0.00030919,-0.058675,-0.0014436,0.0064777,-7.8685e-10,0.0021152,8.9625e-06,-0.00014781,nan,-5.4799e-05,-1.2351e-09,nan,-8.3349e-11,2.9746e-07,3.337e-06,-1.8256e-05,-1.0613e-05,5.7151e-05,4.2056e-06,3.2522e-07,4.8042e-05,-1.7934e-05,-1.4612e-06,8.3939e-06,-4.1975e-06,-5.8571e-07,-2.3433e-06,-1.3087e-06,-0.0014737,0.00020641,9.3708e-06,-6.77e-07,-6.2501e-06,-1.1414e-05,1.1059e-07,6.5589e-07,7.1884e-07
alpha15_pop,-1.0167e-11,-6.3211e-12,-6.3955e-12,1.9024e-10,1.1389e-12,1.4666e-13,-8.4148e-12,2.6788e-12,-3.6832e-12,-2.816e-12,3.3338e-14,-5.3449e-13,-5.0861e-12,-1.8355e-12,-1.9613e-10,-1.2278e-10,1.1007e-10,3.366e-10,2.235e-11,-8.7987e-12,-8.973e-11,4.5907e-08,-3.3339e-10,-7.8685e-10,6.3021e-16,-1.717e-09,-3.5425e-12,2.4486e-11,nan,5.7264e-11,1.0556e-15,nan,6.7247e-17,-1.2933e-13,1.6987e-11,5.0188e-12,6.2469e-12,-1.4761e-10,-3.0018e-12,-2.445e-13,-1.2868e-12,1.6325e-12,1.463e-11,-9.3779e-13,5.4491e-13,1.1659e-13,1.9885e-12,5.7144e-13,-1.0562e-11,-1.8807e-11,-8.5073e-12,4.8151e-13,-1.2372e-12,-5.0189e-13,1.9564e-15,-6.1134e-13,-7.9973e-14
alpha16_pop,2.9821e-05,1.7803e-05,1.7239e-05,-0.00039424,-3.1562e-06,-3.8893e-07,3.0313e-05,-1.1e-05,8.0248e-06,8.704e-06,-2.4742e-08,1.5762e-06,1.8122e-05,6.7602e-06,0.00074104,0.00038553,-0.00034884,-0.0011222,-6.1314e-05,2.5203e-05,0.00028956,-0.12515,0.0011784,0.0021152,-1.717e-09,0.0062978,1.1519e-05,-8.0837e-05,nan,-0.00017528,-3.308e-09,nan,-1.975e-10,3.3885e-07,-4.9924e-05,-1.6354e-05,-1.8396e-05,0.00042712,8.2786e-06,6.7374e-07,4.4141e-06,-7.0614e-06,-4.087e-05,2.6524e-06,-1.4114e-06,-3.7828e-07,-9.2708e-06,-1.9286e-06,0.00016903,7.0397e-05,2.6008e-05,-1.3316e-06,4.8786e-06,1.4294e-06,-3.522e-08,2.1243e-06,2.055e-07
alpha17_pop,6.6595e-07,6.4284e-07,3.4467e-07,-7.2697e-06,1.3071e-09,-3.3788e-09,2.3273e-07,3.1224e-07,-8.4723e-09,-8.5425e-08,2.3683e-08,2.8449e-08,6.0467e-08,2.6092e-08,0.00021052,2.7021e-05,-1.4148e-05,-8.1767e-06,-3.3345e-06,8.8798e-07,1.4035e-05,-0.00026011,5.9198e-05,8.9625e-06,-3.5425e-12,1.1519e-05,1.7408e-06,1.3853e-06,nan,-7.5152e-06,-6.3801e-12,nan,-3.9418e-13,8.2069e-09,-6.6965e-07,-3.5858e-07,-3.8624e-07,1.2001e-05,2.139e-08,-8.9517e-10,-8.9448e-07,-1.303e-08,-5.1018e-07,3.9609e-08,1.7269e-09,7.1664e-09,1.1696e-08,1.2226e-08,0.00015562,1.0915e-05,5.2146e-07,-2.0898e-09,3.6153e-07,5.5958e-08,-4.0527e-09,-3.3114e-10,-6.0627e-08
alpha21_pop,-2.53e-05,2.4806e-06,-1.1699e-05,0.00046862,3.4171e-07,-2.9678e-08,-1.1647e-05,1.4414e-05,2.5464e-06,-2.2082e-06,8.9987e-07,4.5157e-08,1.7348e-06,-2.8264e-07,0.00052228,-4.1936e-05,-0.0001028,0.00011096,2.7729e-06,4.7722e-05,0.00012204,0.0018127,0.00050192,-0.00014781,2.4486e-11,-8.0837e-05,1.3853e-06,0.00029482,nan,-0.00016827,4.0836e-11,nan,2.7314e-12,3.3013e-07,6.4375e-05,-1.7091e-06,1.509e-05,-0.00025926,-2.9757e-07,1.6344e-08,-9.7436e-06,5.2728e-06,-5.2695e-07,7.5253e-08,1.4701e-06,-1.372e-08,2.6999e-07,1.2921e-07,0.00023954,1.5987e-05,-2.8568e-05,6.188e-08,3.515e-06,2.8996e-07,-5.9698e-08,7.3044e-08,1.0296e-07
alpha22_pop,nan,nan,nan,nan,nan,nan,nan,nan,nan,nan,nan,nan,nan,nan,nan,nan,nan,nan,nan,nan,nan,nan,nan,nan,nan,nan,nan,nan,nan,nan,nan,nan,nan,nan,nan,nan,nan,nan,nan,nan,nan,nan,nan,nan,nan,nan,nan,nan,nan,nan,nan,nan,nan,nan,nan,nan,nan
alpha23_pop,-4.538e-06,-5.6916e-06,-4.7524e-06,0.00044513,5.7088e-10,3.541e-08,5.8792e-06,-1.9163e-05,-4.6583e-06,3.7387e-06,-1.0991e-07,-1.2863e-06,-1.4639e-06,-4.9868e-07,-0.001189,-2.5496e-05,0.00025468,-6.466e-05,0.00013803,-0.00036497,-0.00036386,0.0042246,-0.0012902,-5.4799e-05,5.7264e-11,-0.00017528,-7.5152e-06,-0.00016827,nan,0.0019208,9.9587e-11,nan,6.2605e-12,-2.3318e-07,8.26e-05,9.2471e-06,1.5512e-05,-0.00022909,-5.8432e-07,-2.7002e-09,9.8099e-06,-1.6292e-05,4.718e-06,-2.1209e-06,-1.7587e-06,-1.249e-06,-2.6434e-06,-5.6191e-07,-0.0005593,-4.0808e-05,-3.4488e-05,5.3268e-08,-1.6686e-05,8.099e-08,1.2341e-07,-3.8412e-08,5.0859e-07
alpha24_pop,-1.6628e-11,-1.025e-11,-9.9353e-12,2.4997e-10,1.8174e-12,2.285e-13,-1.593e-11,5.4476e-12,-5.1155e-12,-4.8192e-12,1.9603e-14,-8.9019e-13,-9.6243e-12,-3.5452e-12,-4.0378e-10,-2.1506e-10,1.9334e-10,6.0692e-10,3.5724e-11,-1.4733e-11,-1.5992e-10,7.2633e-08,-6.3274e-10,-1.2351e-09,1.0556e-15,-3.308e-09,-6.3801e-12,4.0836e-11,nan,9.9587e-11,3.2947e-15,nan,1.2779e-16,-2.2618e-13,2.7498e-11,8.9581e-12,1.0236e-11,-2.4008e-10,-4.7826e-12,-3.8966e-13,-2.2588e-12,3.4982e-12,2.3529e-11,-1.5241e-12,8.2236e-13,2.0654e-13,4.5528e-12,1.038e-12,-7.9303e-11,-3.7757e-11,-1.4196e-11,7.6828e-13,-2.5573e-12,-8.1608e-13,1.4782e-14,-1.1355e-12,-1.2435e-13
alpha25_pop,nan,nan,nan,nan,nan,nan,nan,nan,nan,nan,nan,nan,nan,nan,nan,nan,nan,nan,nan,nan,nan,nan,nan,nan,nan,nan,nan,nan,nan,nan,nan,nan,nan,nan,nan,nan,nan,nan,nan,nan,nan,nan,nan,nan,nan,nan,nan,nan,nan,nan,nan,nan,nan,nan,nan,nan,nan
alpha26_pop,-1.1001e-12,-6.7724e-13,-6.7787e-13,1.9059e-11,1.2151e-13,1.5486e-14,-9.6266e-13,3.1886e-13,-3.7273e-13,-3.088e-13,2.9211e-15,-5.7911e-14,-5.8009e-13,-2.1139e-13,-2.2817e-11,-1.3528e-11,1.2154e-11,3.7673e-11,2.3777e-12,-9.4521e-13,-9.9559e-12,4.8788e-09,-3.7945e-11,-8.3349e-11,6.7247e-17,-1.975e-10,-3.9418e-13,2.7314e-12,nan,6.2605e-12,1.2779e-16,nan,7.7373e-18,-1.3648e-14,1.8384e-12,5.5823e-13,6.7655e-13,-1.5917e-11,-3.199e-13,-2.6051e-14,-1.4494e-13,1.9774e-13,1.5641e-12,-1.0056e-13,5.7222e-14,1.2955e-14,2.4708e-13,6.4171e-14,-2.4649e-12,-2.1793e-12,-9.301e-13,5.1348e-14,-1.4552e-13,-5.3915e-14,4.8638e-16,-6.9222e-14,-8.375e-15
alpha27_pop,-2.3663e-08,4.2545e-09,-1.1671e-08,5.8501e-07,1.169e-10,-7.4692e-11,-6.3559e-09,1.3664e-08,3.3578e-09,-3.2785e-10,9.3927e-10,1.705e-10,3.1735e-09,2.0325e-10,1.6502e-06,2.3259e-07,-1.4295e-07,-1.7261e-08,-3.8494e-08,4.4653e-08,1.6151e-07,-9.5502e-06,6.9429e-07,2.9746e-07,-1.2933e-13,3.3885e-07,8.2069e-09,3.3013e-07,nan,-2.3318e-07,-2.2618e-13,nan,-1.3648e-14,2.9741e-09,7.516e-08,-5.3182e-09,1.5689e-08,-2.6719e-07,4.4177e-10,7.4698e-11,-9.3753e-09,3.6717e-09,-4.4055e-09,7.2826e-10,1.2734e-09,-1.8458e-11,-3.2334e-10,4.9306e-11,9.7858e-07,9.8533e-08,-3.141e-08,-4.953e-11,5.0859e-09,-8.2923e-11,-7.7553e-11,2.2875e-10,3.8935e-10
omega_b01,0.0034813,-0.00011988,4.9268e-06,0.0014777,3.0486e-07,-3.4035e-08,4.4219e-06,3.6496e-06,-1.7255e-05,2.6253e-06,8.5911e-06,-1.2954e-06,1.0309e-05,-2.1696e-06,-0.00023315,0.00013169,2.2248e-05,-9.2427e-06,-3.8523e-05,-5.9007e-06,-7.0283e-05,0.0012622,-0.00013056,3.337e-06,1.6987e-11,-4.9924e-05,-6.6965e-07,6.4375e-05,nan,8.26e-05,2.7498e-11,nan,1.8384e-12,7.516e-08,0.012877,4.4686e-05,6.4184e-05,-0.0017757,8.6449e-08,-2.4222e-07,2.6357e-05,-3.1729e-06,7.4825e-06,7.8299e-07,2.3384e-05,-2.4897e-06,-3.3601e-06,3.2313e-06,6.1715e-05,0.00049186,-0.00028872,3.7406e-08,-3.0246e-06,2.7645e-06,-1.3763e-07,-5.4502e-07,8.4965e-07
omega_b11,0.00012745,-0.00011895,-9.5069e-05,-0.0037124,2.1753e-07,-6.881e-08,-2.2719e-06,5.2041e-07,-1.7258e-06,-3.1851e-07,-3.3053e-06,-8.4405e-07,5.1296e-06,-1.2327e-06,0.00016288,-3.3183e-05,5.905e-06,8.5953e-06,4.733e-06,-4.0535e-06,-2.4201e-05,0.00036915,-2.8713e-05,-1.8256e-05,5.0188e-12,-1.6354e-05,-3.5858e-07,-1.7091e-06,nan,9.2471e-06,8.9581e-12,nan,5.5823e-13,-5.3182e-09,4.4686e-05,0.00014387,6.1679e-05,1.4596e-05,2.0884e-07,-1.7671e-08,5.1902e-06,1.2747e-06,-3.7081e-07,-1.5763e-06,3.8625e-06,-4.5584e-07,2.1566e-06,1.6725e-07,2.8201e-05,3.6162e-05,9.5062e-07,-6.6016e-08,-7.1222e-07,1.4466e-07,1.0289e-07,-7.3913e-08,-2.6044e-07
omega_b21,-7.0877e-05,-8.6525e-05,-0.0001332,-0.0022666,2.1023e-07,-4.2268e-08,-4.0542e-06,3.6534e-06,-5.0236e-07,-3.7982e-07,-1.1516e-06,-3.2338e-07,3.9962e-06,-5.1023e-07,0.00032886,-0.00012654,1.134e-05,2.3003e-06,-1.5774e-05,6.3261e-07,-2.8371e-05,0.00046365,-4.4918e-05,-1.0613e-05,6.2469e-12,-1.8396e-05,-3.8624e-07,1.509e-05,nan,1.5512e-05,1.0236e-11,nan,6.7655e-13,1.5689e-08,6.4184e-05,6.1679e-05,0.00015409,-0.00033864,1.9628e-07,1.6545e-08,5.3506e-06,1.5999e-06,-8.0481e-07,-2.4532e-06,4.652e-06,4.0965e-08,-9.2601e-07,-4.5084e-07,8.2605e-05,-7.129e-05,-3.3845e-05,-2.1134e-08,9.7988e-08,8.9183e-07,1.5454e-07,4.2925e-08,6.8412e-07
omega_a1,0.0013197,0.00074481,0.00087268,-0.12974,-6.4573e-06,-9.5398e-07,4.8458e-06,-4.9677e-05,8.5069e-05,-9.6575e-06,-0.00017665,4.3316e-05,-2.6233e-05,8.8794e-06,0.0023487,-5.5529e-05,-0.0003182,-0.00013876,0.0002682,3.937e-06,0.00060549,-0.010964,0.0010526,5.7151e-05,-1.4761e-10,0.00042712,1.2001e-05,-0.00025926,nan,-0.00022909,-2.4008e-10,nan,-1.5917e-11,-2.6719e-07,-0.0017757,1.4596e-05,-0.00033864,0.035046,7.8448e-06,-1.5398e-06,-9.7078e-05,4.8476e-06,-0.00010446,7.6743e-06,-0.00015079,-1.6106e-06,-7.1126e-05,2.2417e-05,-0.0010334,-0.00054591,0.00074237,-9.2348e-07,5.6551e-07,1.8363e-05,1.3642e-06,4.5983e-08,-2.0081e-06
omega_b02,1.4931e-06,1.2643e-07,1.1814e-07,-4.8212e-05,6.5919e-08,-1.3193e-08,-7.2652e-08,-3.4098e-08,9.7563e-08,-3.2801e-08,-2.8258e-08,-3.9738e-08,2.9427e-07,-5.8792e-08,-6.3275e-05,1.7353e-05,-5.1835e-07,-1.644e-06,-1.7883e-08,7.7571e-08,6.8578e-07,-0.00022351,1.3216e-06,4.2056e-06,-3.0018e-12,8.2786e-06,2.139e-08,-2.9757e-07,nan,-5.8432e-07,-4.7826e-12,nan,-3.199e-13,4.4177e-10,8.6449e-08,2.0884e-07,1.9628e-07,7.8448e-06,6.1871e-06,-3.9383e-08,-4.3515e-08,9.8128e-08,-1.9609e-07,1.2479e-07,3.3912e-07,2.5439e-08,-1.8728e-07,4.9658e-08,-3.1479e-05,6.4134e-07,3.9951e-07,-2.3366e-07,-8.2036e-08,3.8746e-09,8.6525e-09,1.4341e-08,3.4458e-09
omega_b12,-2.6335e-07,-3.882e-09,-3.1569e-09,7.152e-06,-1.2338e-08,4.9869e-09,-2.4248e-09,4.1402e-08,-1.3035e-07,1.6683e-08,-4.6107e-08,2.5984e-08,4.9302e-09,-5.8966e-09,4.4519e-06,-1.725e-06,-3.8235e-08,-8.5054e-08,-1.2208e-09,-1.1057e-09,3.2919e-09,-1.8205e-05,9.9072e-08,3.2522e-07,-2.445e-13,6.7374e-07,-8.9517e-10,1.6344e-08,nan,-2.7002e-09,-3.8966e-13,nan,-2.6051e-14,7.4698e-11,-2.4222e-07,-1.7671e-08,1.6545e-08,-1.5398e-06,-3.9383e-08,1.7188e-07,-5.7911e-08,1.4539e-08,-8.7625e-09,-1.5034e-08,-2.5663e-08,-7.1893e-09,6.3553e-08,-9.7697e-09,-3.1094e-06,-1.2091e-06,-2.5414e-08,-1.182e-08,8.0949e-09,-3.7508e-09,-2.9481e-10,1.4501e-09,7.7164e-09
omega_b03,6.4522e-06,-1.2978e-05,-1.1156e-05,0.00030752,-3.3436e-07,8.2096e-08,1.9965e-05,-7.0027e-06,-1.8321e-06,1.4901e-06,-1.8775e-06,3.335e-07,8.7133e-07,-2.0373e-07,-0.0004252,1.1145e-05,3.4334e-05,-3.7493e-05,-8.501e-06,-1.1931e-06,-3.4551e-05,-9.4859e-05,-0.00020673,4.8042e-05,-1.2868e-12,4.4141e-06,-8.9448e-07,-9.7436e-06,nan,9.8099e-06,-2.2588e-12,nan,-1.4494e-13,-9.3753e-09,2.6357e-05,5.1902e-06,5.3506e-06,-9.7078e-05,-4.3515e-08,-5.7911e-08,0.0021569,-3.1466e-05,-1.2586e-06,2.4718e-06,5.9764e-07,6.9676e-07,-6.6919e-08,-6.5517e-07,-2.4443e-05,-4.2686e-05,-5.0503e-06,-2.3401e-09,-5.9524e-05,3.1706e-07,-7.5172e-08,3.5378e-07,2.2382e-07
omega_b13,4.2926e-06,-1.2593e-06,-1.0012e-06,-0.00010895,-1.6405e-08,-1.4231e-08,5.4303e-06,1.1694e-06,-7.9389e-08,7.1848e-07,6.5758e-07,-2.841e-07,2.0361e-07,-4.0727e-07,-9.7022e-05,2.2401e-05,-1.1022e-05,2.3806e-05,7.3534e-06,1.8824e-06,1.3389e-05,0.0001173,2.0024e-05,-1.7934e-05,1.6325e-12,-7.0614e-06,-1.303e-08,5.2728e-06,nan,-1.6292e-05,3.4982e-12,nan,1.9774e-13,3.6717e-09,-3.1729e-06,1.2747e-06,1.5999e-06,4.8476e-06,9.8128e-08,1.4539e-08,-3.1466e-05,9.1711e-05,-4.1977e-07,3.5034e-07,1.6279e-06,-3.9745e-08,1.7312e-06,1.4976e-08,-0.00017177,-1.559e-05,1.5472e-06,-1.0453e-08,-5.3252e-06,-6.579e-07,-6.2483e-09,-4.257e-08,-1.816e-08
omega_b04,2.2157e-06,-4.615e-06,-2.3994e-06,0.00049073,4.9052e-07,-5.3535e-08,2.4624e-06,-1.2477e-06,2.7325e-05,-3.5223e-06,1.7557e-07,-4.3761e-08,-2.8002e-06,3.3108e-07,0.00035032,-0.00010682,5.3396e-06,9.968e-07,-1.6748e-06,-2.334e-07,-1.0405e-05,0.0010883,-2.7459e-05,-1.4612e-06,1.463e-11,-4.087e-05,-5.1018e-07,-5.2695e-07,nan,4.718e-06,2.3529e-11,nan,1.5641e-12,-4.4055e-09,7.4825e-06,-3.7081e-07,-8.0481e-07,-0.00010446,-1.9609e-07,-8.7625e-09,-1.2586e-06,-4.1977e-07,0.0051423,-5.8114e-06,-2.1365e-06,-1.1449e-06,-9.9651e-07,-5.4022e-07,-1.0064e-05,8.7969e-05,-4.084e-06,1.7711e-10,4.0192e-07,-5.9208e-05,1.5649e-07,2.3447e-07,-1.1778e-07
omega_b14,-3.2554e-06,2.7921e-06,2.5689e-06,7.0648e-05,-7.7312e-08,2.6188e-09,-5.9879e-07,-1.1622e-07,-1.3421e-05,6.5209e-06,-7.8766e-07,1.3118e-07,-4.4139e-07,-1.2846e-07,6.6529e-05,-1.5748e-05,-9.9614e-07,6.906e-07,3.1867e-07,2.926e-07,1.1302e-06,-6.9685e-05,5.5071e-06,8.3939e-06,-9.3779e-13,2.6524e-06,3.9609e-08,7.5253e-08,nan,-2.1209e-06,-1.5241e-12,nan,-1.0056e-13,7.2826e-10,7.8299e-07,-1.5763e-06,-2.4532e-06,7.6743e-06,1.2479e-07,-1.5034e-08,2.4718e-06,3.5034e-07,-5.8114e-06,5.0295e-05,-4.2001e-07,3.7456e-07,-2.4866e-09,-5.0183e-08,4.5894e-05,8.3916e-07,2.6923e-07,-1.6642e-08,-3.7788e-07,-1.1644e-05,1.3361e-08,7.7301e-11,1.3029e-08
omega_b05,7.796e-06,-8.3137e-06,-6.614e-06,0.00034079,3.2266e-07,-5.4515e-09,-2.1772e-06,1.1453e-06,3.2682e-06,-1.348e-06,0.00012236,-9.7291e-06,4.4417e-06,-3.6023e-07,-3.4257e-05,-3.1032e-05,-3.5527e-07,1.7461e-06,-1.0954e-06,3.0444e-07,-1.4135e-06,4.078e-05,4.917e-06,-4.1975e-06,5.4491e-13,-1.4114e-06,1.7269e-09,1.4701e-06,nan,-1.7587e-06,8.2236e-13,nan,5.7222e-14,1.2734e-09,2.3384e-05,3.8625e-06,4.652e-06,-0.00015079,3.3912e-07,-2.5663e-08,5.9764e-07,1.6279e-06,-2.1365e-06,-4.2001e-07,0.0018761,-1.2395e-05,3.2515e-06,1.0733e-06,-6.5271e-05,-3.0361e-05,-3.6813e-06,1.9184e-08,-2.9779e-07,9.3659e-07,-8.8082e-06,-4.5532e-07,1.1219e-07
omega_b15,1.0895e-06,4.5445e-08,1.7125e-07,5.8999e-05,-3.2521e-08,1.2636e-08,-2.4043e-07,-2.2016e-07,-1.1527e-06,-1.5521e-07,-4.4288e-06,2.6122e-06,-6.0218e-07,1.1544e-07,0.000132,-4.2599e-05,-3.8151e-07,-2.8949e-07,1.9368e-07,1.7055e-07,7.1686e-07,8.5844e-06,2.4237e-06,-5.8571e-07,1.1659e-13,-3.7828e-07,7.1664e-09,-1.372e-08,nan,-1.249e-06,2.0654e-13,nan,1.2955e-14,-1.8458e-11,-2.4897e-06,-4.5584e-07,4.0965e-08,-1.6106e-06,2.5439e-08,-7.1893e-09,6.9676e-07,-3.9745e-08,-1.1449e-06,3.7456e-07,-1.2395e-05,4.4177e-05,-1.1491e-06,-6.0194e-08,3.3686e-05,-4.7229e-05,5.3748e-08,-1.6408e-09,1.4269e-07,-2.3399e-07,-1.1113e-06,5.7095e-08,1.2524e-07
omega_b06,1.5746e-05,-3.3175e-06,-3.0358e-07,0.00023487,4.0602e-07,-9.4918e-08,3.5624e-06,1.5863e-07,1.3432e-06,-2.1912e-07,-6.83e-06,1.8085e-06,0.00010122,-1.1115e-05,7.5519e-06,-1.2749e-05,-5.0805e-07,1.822e-06,6.3198e-07,3.4595e-07,5.3046e-07,0.00014154,5.1368e-06,-2.3433e-06,1.9885e-12,-9.2708e-06,1.1696e-08,2.6999e-07,nan,-2.6434e-06,4.5528e-12,nan,2.4708e-13,-3.2334e-10,-3.3601e-06,2.1566e-06,-9.2601e-07,-7.1126e-05,-1.8728e-07,6.3553e-08,-6.6919e-08,1.7312e-06,-9.9651e-07,-2.4866e-09,3.2515e-06,-1.1491e-06,0.0013186,-1.1229e-05,-0.00013317,0.00016234,1.794e-06,-3.7742e-09,2.2385e-07,6.192e-07,-2.6205e-10,-1.1814e-05,-5.8851e-07
omega_b16,4.2512e-06,7.4731e-07,7.4931e-07,-9.8276e-05,8.5819e-08,-1.1527e-08,-3.0665e-07,-1.6248e-07,-4.8181e-08,1.4108e-07,-1.3062e-07,1.542e-07,-5.6768e-06,2.5554e-06,-3.2587e-05,8.2525e-06,-4.4968e-07,5.9084e-07,1.6882e-07,7.455e-08,9.1881e-07,4.1948e-05,2.0506e-06,-1.3087e-06,5.7144e-13,-1.9286e-06,1.2226e-08,1.2921e-07,nan,-5.6191e-07,1.038e-12,nan,6.4171e-14,4.9306e-11,3.2313e-06,1.6725e-07,-4.5084e-07,2.2417e-05,4.9658e-08,-9.7697e-09,-6.5517e-07,1.4976e-08,-5.4022e-07,-5.0183e-08,1.0733e-06,-6.0194e-08,-1.1229e-05,3.3189e-05,3.3864e-05,-1.3319e-05,1.1275e-07,-6.5727e-09,-2.8618e-08,-6.0441e-08,-1.2849e-09,-7.504e-07,-3.4103e-08
omega_b07,-0.00025313,-9.4213e-05,-0.00025474,0.015274,6.0244e-05,-7.2145e-06,0.0005267,-0.00019065,0.0003309,-0.00014878,0.00021196,1.5258e-06,-8.664e-05,8.3514e-06,3.9047,-0.18507,-0.0013003,-0.00024494,-0.00027543,7.6859e-05,0.0017367,-0.00047687,0.0063705,-0.0014737,-1.0562e-11,0.00016903,0.00015562,0.00023954,nan,-0.0005593,-7.9303e-11,nan,-2.4649e-12,9.7858e-07,6.1715e-05,2.8201e-05,8.2605e-05,-0.0010334,-3.1479e-05,-3.1094e-06,-2.4443e-05,-0.00017177,-1.0064e-05,4.5894e-05,-6.5271e-05,3.3686e-05,-0.00013317,3.3864e-05,27.946,-0.072056,2.5443e-05,5.9431e-06,8.954e-05,-0.00017244,-1.1112e-05,1.4191e-05,-0.0029667
omega_b17,0.00052294,-4.6296e-05,3.3599e-05,0.0039489,4.5938e-06,-6.1834e-07,0.00010106,-2.846e-05,4.6362e-05,1.6236e-05,-9.1793e-05,1.8135e-05,2.3711e-05,-1.1285e-05,-0.11602,0.039226,-2.4637e-05,-0.00013066,-4.1619e-05,7.3735e-06,4.524e-06,-0.0013627,0.00010924,0.00020641,-1.8807e-11,7.0397e-05,1.0915e-05,1.5987e-05,nan,-4.0808e-05,-3.7757e-11,nan,-2.1793e-12,9.8533e-08,0.00049186,3.6162e-05,-7.129e-05,-0.00054591,6.4134e-07,-1.2091e-06,-4.2686e-05,-1.559e-05,8.7969e-05,8.3916e-07,-3.0361e-05,-4.7229e-05,0.00016234,-1.3319e-05,-0.072056,0.18489,-7.3158e-05,4.4915e-07,3.859e-06,-2.5628e-05,2.3444e-06,-2.3231e-06,-0.00018757
b_1,4.5829e-05,9.2641e-06,2.7706e-05,-0.0032198,-3.747e-07,1.404e-08,1.1873e-06,-1.6136e-06,3.6266e-06,-6.184e-07,-3.4945e-06,1.0398e-06,-2.4677e-06,3.9498e-07,2.8673e-05,3.1345e-05,-9.3439e-06,-8.4756e-06,1.5023e-05,3.4435e-06,3.4841e-05,-0.00063014,3.5315e-05,9.3708e-06,-8.5073e-12,2.6008e-05,5.2146e-07,-2.8568e-05,nan,-3.4488e-05,-1.4196e-11,nan,-9.301e-13,-3.141e-08,-0.00028872,9.5062e-07,-3.3845e-05,0.00074237,3.9951e-07,-2.5414e-08,-5.0503e-06,1.5472e-06,-4.084e-06,2.6923e-07,-3.6813e-06,5.3748e-08,1.794e-06,1.1275e-07,2.5443e-05,-7.3158e-05,0.00013816,-6.2798e-08,-1.8882e-07,2.602e-07,6.0691e-08,3.0969e-08,-3.0698e-07
a_2,-1.7637e-07,4.6296e-08,2.5602e-08,5.0509e-06,1.2375e-08,-2.5273e-09,-2.3152e-08,5.3373e-09,-1.0719e-08,7.991e-09,9.9353e-09,-4.6995e-09,-8.781e-09,-8.2674e-10,3.9063e-06,-5.0261e-07,7.0326e-08,2.6681e-07,-4.2304e-10,-5.5839e-09,-5.9618e-08,3.5847e-05,-1.8517e-07,-6.77e-07,4.8151e-13,-1.3316e-06,-2.0898e-09,6.188e-08,nan,5.3268e-08,7.6828e-13,nan,5.1348e-14,-4.953e-11,3.7406e-08,-6.6016e-08,-2.1134e-08,-9.2348e-07,-2.3366e-07,-1.182e-08,-2.3401e-09,-1.0453e-08,1.7711e-10,-1.6642e-08,1.9184e-08,-1.6408e-09,-3.7742e-09,-6.5727e-09,5.9431e-06,4.4915e-07,-6.2798e-08,6.7812e-07,-1.3485e-09,-1.3319e-08,-5.8145e-10,-8.2709e-10,-7.1798e-09
a_3,-4.1464e-06,1.7191e-06,6.5926e-07,-5.8656e-06,2.2378e-08,2.507e-10,-5.362e-08,1.968e-06,1.4459e-06,-6.0843e-07,-2.3152e-07,2.3034e-07,-2.1056e-08,2.221e-07,7.7162e-05,1.6397e-05,-1.1454e-05,4.9806e-07,1.3271e-06,2.5651e-06,9.5926e-06,-8.9348e-05,7.2087e-05,-6.2501e-06,-1.2372e-12,4.8786e-06,3.6153e-07,3.515e-06,nan,-1.6686e-05,-2.5573e-12,nan,-1.4552e-13,5.0859e-09,-3.0246e-06,-7.1222e-07,9.7988e-08,5.6551e-07,-8.2036e-08,8.0949e-09,-5.9524e-05,-5.3252e-06,4.0192e-07,-3.7788e-07,-2.9779e-07,1.4269e-07,2.2385e-07,-2.8618e-08,8.954e-05,3.859e-06,-1.8882e-07,-1.3485e-09,0.00019083,2.0997e-07,-1.5615e-08,-3.6021e-10,9.7822e-08
a_4,1.9982e-06,5.7576e-07,6.2243e-07,-0.00014126,4.6017e-08,-8.4356e-09,1.3285e-06,-1.7912e-07,9.7137e-06,-6.5456e-06,8.5229e-07,1.9969e-08,2.0007e-06,-1.9886e-07,-0.00018121,3.0029e-05,-1.6064e-06,6.6298e-07,-4.4797e-08,1.6195e-09,1.0379e-06,-3.7283e-05,4.2501e-06,-1.1414e-05,-5.0189e-13,1.4294e-06,5.5958e-08,2.8996e-07,nan,8.099e-08,-8.1608e-13,nan,-5.3915e-14,-8.2923e-11,2.7645e-06,1.4466e-07,8.9183e-07,1.8363e-05,3.8746e-09,-3.7508e-09,3.1706e-07,-6.579e-07,-5.9208e-05,-1.1644e-05,9.3659e-07,-2.3399e-07,6.192e-07,-6.0441e-08,-0.00017244,-2.5628e-05,2.602e-07,-1.3319e-08,2.0997e-07,0.00031153,4.6916e-10,-9.6541e-08,2.6602e-07
b_5,-1.5378e-07,-7.7745e-08,-1.3335e-07,-1.6094e-05,1.6322e-10,-1.767e-09,2.4942e-07,-4.3908e-08,2.7586e-08,-1.3353e-08,-2.2494e-06,2.7857e-08,5.5658e-08,1.3039e-08,8.716e-06,-4.9758e-07,1.2793e-07,-1.7445e-08,-2.0918e-08,-1.5716e-08,-1.8184e-07,9.0794e-08,-7.0977e-07,1.1059e-07,1.9564e-15,-3.522e-08,-4.0527e-09,-5.9698e-08,nan,1.2341e-07,1.4782e-14,nan,4.8638e-16,-7.7553e-11,-1.3763e-07,1.0289e-07,1.5454e-07,1.3642e-06,8.6525e-09,-2.9481e-10,-7.5172e-08,-6.2483e-09,1.5649e-07,1.3361e-08,-8.8082e-06,-1.1113e-06,-2.6205e-10,-1.2849e-09,-1.1112e-05,2.3444e-06,6.0691e-08,-5.8145e-10,-1.5615e-08,4.6916e-10,4.2637e-06,6.5445e-10,-1.0163e-08
b_6,-8.2983e-07,1.7509e-08,-2.8213e-08,3.4373e-06,-3.4739e-09,1.475e-09,-7.6006e-08,6.0397e-08,-1.4591e-08,2.0591e-08,2.7741e-07,-6.7156e-08,-3.751e-06,1.2821e-07,2.2544e-05,-4.2083e-06,-9.9686e-08,-3.5435e-07,-3.5403e-08,1.3383e-08,5.1754e-08,-4.476e-05,3.1378e-07,6.5589e-07,-6.1134e-13,2.1243e-06,-3.3114e-10,7.3044e-08,nan,-3.8412e-08,-1.1355e-12,nan,-6.9222e-14,2.2875e-10,-5.4502e-07,-7.3913e-08,4.2925e-08,4.5983e-08,1.4341e-08,1.4501e-09,3.5378e-07,-4.257e-08,2.3447e-07,7.7301e-11,-4.5532e-07,5.7095e-08,-1.1814e-05,-7.504e-07,1.4191e-05,-2.3231e-06,3.0969e-08,-8.2709e-10,-3.6021e-10,-9.6541e-08,6.5445e-10,7.1241e-06,6.0188e-08
b_7,-1.6585e-06,9.8337e-08,-3.0355e-07,-7.0492e-06,-5.1362e-08,1.4237e-09,-4.0012e-07,1.8529e-07,-2.7347e-07,6.125e-08,1.8581e-07,2.3312e-09,-3.2864e-07,5.6062e-09,-0.0018215,4.068e-05,5.3186e-07,1.1776e-08,-6.6215e-08,-5.5033e-08,-1.2888e-06,-5.9795e-06,-2.7082e-06,7.1884e-07,-7.9973e-14,2.055e-07,-6.0627e-08,1.0296e-07,nan,5.0859e-07,-1.2435e-13,nan,-8.375e-15,3.8935e-10,8.4965e-07,-2.6044e-07,6.8412e-07,-2.0081e-06,3.4458e-09,7.7164e-09,2.2382e-07,-1.816e-08,-1.1778e-07,1.3029e-08,1.1219e-07,1.2524e-07,-5.8851e-07,-3.4103e-08,-0.0029667,-0.00018757,-3.0698e-07,-7.1798e-09,9.7822e-08,2.6602e-07,-1.0163e-08,6.0188e-08,2.6467e-05
